931;1074;797;319;294;1002
0;122
0;123
0;124
0;125
0;126
0;127
0;128
0;129
0;130
0;131
0;132
0;133
0;134
0;135
0;136
0;137
0;138
0;139
0;140
0;141
0;142
0;143
0;144
0;145
0;146
0;147
0;148
0;149
0;150
0;151
0;152
0;153
0;154
0;155
0;156
0;157
0;158
0;159
0;160
0;161
0;162
0;163
0;164
0;165
0;166
0;167
0;168
0;169
0;170
0;171
0;172
0;173
0;174
0;175
0;176
0;177
0;178
0;179
0;180
0;181
0;182
0;183
0;184
0;185
0;186
0;187
0;188
0;189
0;190
0;191
0;192
0;193
0;194
0;195
0;196
0;197
0;198
0;199
0;200
0;201
0;202
0;203
0;204
0;205
0;206
0;207
0;208
0;209
0;210
0;211
0;212
0;213
0;214
0;215
0;216
0;217
0;218
0;219
0;220
0;221
0;222
0;223
0;224
0;225
0;226
0;227
0;228
0;229
0;230
0;231
0;232
0;233
0;234
0;235
0;236
0;237
0;238
0;239
0;240
0;241
0;242
0;243
0;244
0;245
0;246
0;247
0;248
0;249
0;250
0;251
0;252
0;253
0;254
0;255
0;256
0;257
0;258
0;259
0;260
0;261
0;262
0;263
0;264
0;265
0;266
0;267
0;268
0;269
0;270
0;271
0;272
0;273
0;274
0;275
0;276
0;277
0;278
0;279
0;280
0;281
0;282
0;283
0;284
0;285
0;286
0;287
0;288
0;289
0;290
0;291
0;292
0;293
0;294
0;295
0;296
0;297
0;298
0;299
0;300
0;301
0;302
0;303
0;304
0;305
0;306
0;307
0;308
0;309
0;310
0;311
0;312
0;313
0;663
0;664
0;665
0;666
0;667
0;668
0;669
0;670
0;671
0;672
0;673
0;674
0;675
0;676
0;677
0;678
0;679
0;680
0;681
0;682
0;683
0;684
0;685
0;686
0;687
0;688
0;689
0;690
0;691
0;692
0;693
0;694
0;695
0;696
0;697
0;698
0;699
0;700
0;701
0;702
0;703
0;704
0;705
0;706
0;707
0;708
0;709
0;710
0;711
0;712
0;713
0;714
0;715
0;716
0;717
0;718
0;719
0;720
0;721
0;722
0;723
0;724
0;725
0;726
0;727
0;728
0;729
0;730
0;731
0;732
0;733
0;734
0;735
0;736
0;737
0;738
0;739
0;740
0;741
0;742
0;743
0;744
0;745
0;746
0;747
0;748
0;749
0;750
0;751
0;752
0;753
0;754
0;755
0;756
0;757
0;758
0;759
0;760
0;761
0;762
0;763
0;764
0;765
0;766
0;767
0;768
0;769
0;770
0;771
0;772
0;773
0;774
0;775
0;776
0;777
0;778
0;779
0;780
0;781
0;782
0;783
0;784
0;785
0;786
0;787
0;788
0;789
0;790
0;791
0;792
0;793
0;794
0;795
0;796
0;797
0;798
0;799
0;800
0;801
0;802
0;803
0;804
0;805
0;806
0;807
0;808
0;809
0;810
0;811
0;812
0;813
0;814
0;815
0;816
0;817
0;818
0;819
0;820
0;821
0;822
0;823
0;824
0;825
0;826
0;827
0;828
0;829
0;830
0;831
0;832
0;833
0;834
0;835
0;836
0;837
0;838
1;121
1;122
1;123
1;124
1;125
1;126
1;127
1;128
1;129
1;130
1;131
1;132
1;133
1;134
1;135
1;136
1;137
1;138
1;139
1;140
1;141
1;142
1;143
1;144
1;145
1;146
1;147
1;148
1;149
1;150
1;151
1;152
1;153
1;154
1;155
1;156
1;157
1;158
1;159
1;160
1;161
1;162
1;163
1;164
1;165
1;166
1;167
1;168
1;169
1;170
1;171
1;172
1;173
1;174
1;175
1;176
1;177
1;178
1;179
1;180
1;181
1;182
1;183
1;184
1;185
1;186
1;187
1;188
1;189
1;190
1;191
1;192
1;193
1;194
1;195
1;196
1;197
1;198
1;199
1;200
1;201
1;202
1;203
1;204
1;205
1;206
1;207
1;208
1;209
1;210
1;211
1;212
1;213
1;214
1;215
1;216
1;217
1;218
1;219
1;220
1;221
1;222
1;223
1;224
1;225
1;226
1;227
1;228
1;229
1;230
1;231
1;232
1;233
1;234
1;235
1;236
1;237
1;238
1;239
1;240
1;241
1;242
1;243
1;244
1;245
1;246
1;247
1;248
1;249
1;250
1;251
1;252
1;253
1;254
1;255
1;256
1;257
1;258
1;259
1;260
1;261
1;262
1;263
1;264
1;265
1;266
1;267
1;268
1;269
1;270
1;271
1;272
1;273
1;274
1;275
1;276
1;277
1;278
1;279
1;280
1;281
1;282
1;283
1;284
1;285
1;286
1;287
1;288
1;289
1;290
1;291
1;292
1;293
1;294
1;295
1;296
1;297
1;298
1;299
1;300
1;301
1;302
1;303
1;304
1;305
1;306
1;307
1;308
1;309
1;310
1;311
1;312
1;313
1;663
1;664
1;665
1;666
1;667
1;668
1;669
1;670
1;671
1;672
1;673
1;674
1;675
1;676
1;677
1;678
1;679
1;680
1;681
1;682
1;683
1;684
1;685
1;686
1;687
1;688
1;689
1;690
1;691
1;692
1;693
1;694
1;695
1;696
1;697
1;698
1;699
1;700
1;701
1;702
1;703
1;704
1;705
1;706
1;707
1;708
1;709
1;710
1;711
1;712
1;713
1;714
1;715
1;716
1;717
1;718
1;719
1;720
1;721
1;722
1;723
1;724
1;725
1;726
1;727
1;728
1;729
1;730
1;731
1;732
1;733
1;734
1;735
1;736
1;737
1;738
1;739
1;740
1;741
1;742
1;743
1;744
1;745
1;746
1;747
1;748
1;749
1;750
1;751
1;752
1;753
1;754
1;755
1;756
1;757
1;758
1;759
1;760
1;761
1;762
1;763
1;764
1;765
1;766
1;767
1;768
1;769
1;770
1;771
1;772
1;773
1;774
1;775
1;776
1;777
1;778
1;779
1;780
1;781
1;782
1;783
1;784
1;785
1;786
1;787
1;788
1;789
1;790
1;791
1;792
1;793
1;794
1;795
1;796
1;797
1;798
1;799
1;800
1;801
1;802
1;803
1;804
1;805
1;806
1;807
1;808
1;809
1;810
1;811
1;812
1;813
1;814
1;815
1;816
1;817
1;818
1;819
1;820
1;821
1;822
1;823
1;824
1;825
1;826
1;827
1;828
1;829
1;830
1;831
1;832
1;833
1;834
1;835
1;836
1;837
1;838
2;121
2;122
2;123
2;124
2;125
2;126
2;127
2;128
2;129
2;130
2;131
2;132
2;133
2;134
2;135
2;136
2;137
2;138
2;139
2;140
2;141
2;142
2;143
2;144
2;145
2;146
2;147
2;148
2;149
2;150
2;151
2;152
2;153
2;154
2;155
2;156
2;157
2;158
2;159
2;160
2;161
2;162
2;163
2;164
2;165
2;166
2;167
2;168
2;169
2;170
2;171
2;172
2;173
2;174
2;175
2;176
2;177
2;178
2;179
2;180
2;181
2;182
2;183
2;184
2;185
2;186
2;187
2;188
2;189
2;190
2;191
2;192
2;193
2;194
2;195
2;196
2;197
2;198
2;199
2;200
2;201
2;202
2;203
2;204
2;205
2;206
2;207
2;208
2;209
2;210
2;211
2;212
2;213
2;214
2;215
2;216
2;217
2;218
2;219
2;220
2;221
2;222
2;223
2;224
2;225
2;226
2;227
2;228
2;229
2;230
2;231
2;232
2;233
2;234
2;235
2;236
2;237
2;238
2;239
2;240
2;241
2;242
2;243
2;244
2;245
2;246
2;247
2;248
2;249
2;250
2;251
2;252
2;253
2;254
2;255
2;256
2;257
2;258
2;259
2;260
2;261
2;262
2;263
2;264
2;265
2;266
2;267
2;268
2;269
2;270
2;271
2;272
2;273
2;274
2;275
2;276
2;277
2;278
2;279
2;280
2;281
2;282
2;283
2;284
2;285
2;286
2;287
2;288
2;289
2;290
2;291
2;292
2;293
2;294
2;295
2;296
2;297
2;298
2;299
2;300
2;301
2;302
2;303
2;304
2;305
2;306
2;307
2;308
2;309
2;310
2;311
2;312
2;313
2;314
2;663
2;664
2;665
2;666
2;667
2;668
2;669
2;670
2;671
2;672
2;673
2;674
2;675
2;676
2;677
2;678
2;679
2;680
2;681
2;682
2;683
2;684
2;685
2;686
2;687
2;688
2;689
2;690
2;691
2;692
2;693
2;694
2;695
2;696
2;697
2;698
2;699
2;700
2;701
2;702
2;703
2;704
2;705
2;706
2;707
2;708
2;709
2;710
2;711
2;712
2;713
2;714
2;715
2;716
2;717
2;718
2;719
2;720
2;721
2;722
2;723
2;724
2;725
2;726
2;727
2;728
2;729
2;730
2;731
2;732
2;733
2;734
2;735
2;736
2;737
2;738
2;739
2;740
2;741
2;742
2;743
2;744
2;745
2;746
2;747
2;748
2;749
2;750
2;751
2;752
2;753
2;754
2;755
2;756
2;757
2;758
2;759
2;760
2;761
2;762
2;763
2;764
2;765
2;766
2;767
2;768
2;769
2;770
2;771
2;772
2;773
2;774
2;775
2;776
2;777
2;778
2;779
2;780
2;781
2;782
2;783
2;784
2;785
2;786
2;787
2;788
2;789
2;790
2;791
2;792
2;793
2;794
2;795
2;796
2;797
2;798
2;799
2;800
2;801
2;802
2;803
2;804
2;805
2;806
2;807
2;808
2;809
2;810
2;811
2;812
2;813
2;814
2;815
2;816
2;817
2;818
2;819
2;820
2;821
2;822
2;823
2;824
2;825
2;826
2;827
2;828
2;829
2;830
2;831
2;832
2;833
2;834
2;835
2;836
2;837
2;838
3;121
3;122
3;123
3;124
3;125
3;126
3;127
3;128
3;129
3;130
3;131
3;132
3;133
3;134
3;135
3;136
3;137
3;138
3;139
3;140
3;141
3;142
3;143
3;144
3;145
3;146
3;147
3;148
3;149
3;150
3;151
3;152
3;153
3;154
3;155
3;156
3;157
3;158
3;159
3;160
3;161
3;162
3;163
3;164
3;165
3;166
3;167
3;168
3;169
3;170
3;171
3;172
3;173
3;174
3;175
3;176
3;177
3;178
3;179
3;180
3;181
3;182
3;183
3;184
3;185
3;186
3;187
3;188
3;189
3;190
3;191
3;192
3;193
3;194
3;195
3;196
3;197
3;198
3;199
3;200
3;201
3;202
3;203
3;204
3;205
3;206
3;207
3;208
3;209
3;210
3;211
3;212
3;213
3;214
3;215
3;216
3;217
3;218
3;219
3;220
3;221
3;222
3;223
3;224
3;225
3;226
3;227
3;228
3;229
3;230
3;231
3;232
3;233
3;234
3;235
3;236
3;237
3;238
3;239
3;240
3;241
3;242
3;243
3;244
3;245
3;246
3;247
3;248
3;249
3;250
3;251
3;252
3;253
3;254
3;255
3;256
3;257
3;258
3;259
3;260
3;261
3;262
3;263
3;264
3;265
3;266
3;267
3;268
3;269
3;270
3;271
3;272
3;273
3;274
3;275
3;276
3;277
3;278
3;279
3;280
3;281
3;282
3;283
3;284
3;285
3;286
3;287
3;288
3;289
3;290
3;291
3;292
3;293
3;294
3;295
3;296
3;297
3;298
3;299
3;300
3;301
3;302
3;303
3;304
3;305
3;306
3;307
3;308
3;309
3;310
3;311
3;312
3;313
3;314
3;315
3;663
3;664
3;665
3;666
3;667
3;668
3;669
3;670
3;671
3;672
3;673
3;674
3;675
3;676
3;677
3;678
3;679
3;680
3;681
3;682
3;683
3;684
3;685
3;686
3;687
3;688
3;689
3;690
3;691
3;692
3;693
3;694
3;695
3;696
3;697
3;698
3;699
3;700
3;701
3;702
3;703
3;704
3;705
3;706
3;707
3;708
3;709
3;710
3;711
3;712
3;713
3;714
3;715
3;716
3;717
3;718
3;719
3;720
3;721
3;722
3;723
3;724
3;725
3;726
3;727
3;728
3;729
3;730
3;731
3;732
3;733
3;734
3;735
3;736
3;737
3;738
3;739
3;740
3;741
3;742
3;743
3;744
3;745
3;746
3;747
3;748
3;749
3;750
3;751
3;752
3;753
3;754
3;755
3;756
3;757
3;758
3;759
3;760
3;761
3;762
3;763
3;764
3;765
3;766
3;767
3;768
3;769
3;770
3;771
3;772
3;773
3;774
3;775
3;776
3;777
3;778
3;779
3;780
3;781
3;782
3;783
3;784
3;785
3;786
3;787
3;788
3;789
3;790
3;791
3;792
3;793
3;794
3;795
3;796
3;797
3;798
3;799
3;800
3;801
3;802
3;803
3;804
3;805
3;806
3;807
3;808
3;809
3;810
3;811
3;812
3;813
3;814
3;815
3;816
3;817
3;818
3;819
3;820
3;821
3;822
3;823
3;824
3;825
3;826
3;827
3;828
3;829
3;830
3;831
3;832
3;833
3;834
3;835
3;836
3;837
3;838
4;120
4;121
4;122
4;123
4;124
4;125
4;126
4;127
4;128
4;129
4;130
4;131
4;132
4;133
4;134
4;135
4;136
4;137
4;138
4;139
4;140
4;141
4;142
4;143
4;144
4;145
4;146
4;147
4;148
4;149
4;150
4;151
4;152
4;153
4;154
4;155
4;156
4;157
4;158
4;159
4;160
4;161
4;162
4;163
4;164
4;165
4;166
4;167
4;168
4;169
4;170
4;171
4;172
4;173
4;174
4;175
4;176
4;177
4;178
4;179
4;180
4;181
4;182
4;183
4;184
4;185
4;186
4;187
4;188
4;189
4;190
4;191
4;192
4;193
4;194
4;195
4;196
4;197
4;198
4;199
4;200
4;201
4;202
4;203
4;204
4;205
4;206
4;207
4;208
4;209
4;210
4;211
4;212
4;213
4;214
4;215
4;216
4;217
4;218
4;219
4;220
4;221
4;222
4;223
4;224
4;225
4;226
4;227
4;228
4;229
4;230
4;231
4;232
4;233
4;234
4;235
4;236
4;237
4;238
4;239
4;240
4;241
4;242
4;243
4;244
4;245
4;246
4;247
4;248
4;249
4;250
4;251
4;252
4;253
4;254
4;255
4;256
4;257
4;258
4;259
4;260
4;261
4;262
4;263
4;264
4;265
4;266
4;267
4;268
4;269
4;270
4;271
4;272
4;273
4;274
4;275
4;276
4;277
4;278
4;279
4;280
4;281
4;282
4;283
4;284
4;285
4;286
4;287
4;288
4;289
4;290
4;291
4;292
4;293
4;294
4;295
4;296
4;297
4;298
4;299
4;300
4;301
4;302
4;303
4;304
4;305
4;306
4;307
4;308
4;309
4;310
4;311
4;312
4;313
4;314
4;315
4;663
4;664
4;665
4;666
4;667
4;668
4;669
4;670
4;671
4;672
4;673
4;674
4;675
4;676
4;677
4;678
4;679
4;680
4;681
4;682
4;683
4;684
4;685
4;686
4;687
4;688
4;689
4;690
4;691
4;692
4;693
4;694
4;695
4;696
4;697
4;698
4;699
4;700
4;701
4;702
4;703
4;704
4;705
4;706
4;707
4;708
4;709
4;710
4;711
4;712
4;713
4;714
4;715
4;716
4;717
4;718
4;719
4;720
4;721
4;722
4;723
4;724
4;725
4;726
4;727
4;728
4;729
4;730
4;731
4;732
4;733
4;734
4;735
4;736
4;737
4;738
4;739
4;740
4;741
4;742
4;743
4;744
4;745
4;746
4;747
4;748
4;749
4;750
4;751
4;752
4;753
4;754
4;755
4;756
4;757
4;758
4;759
4;760
4;761
4;762
4;763
4;764
4;765
4;766
4;767
4;768
4;769
4;770
4;771
4;772
4;773
4;774
4;775
4;776
4;777
4;778
4;779
4;780
4;781
4;782
4;783
4;784
4;785
4;786
4;787
4;788
4;789
4;790
4;791
4;792
4;793
4;794
4;795
4;796
4;797
4;798
4;799
4;800
4;801
4;802
4;803
4;804
4;805
4;806
4;807
4;808
4;809
4;810
4;811
4;812
4;813
4;814
4;815
4;816
4;817
4;818
4;819
4;820
4;821
4;822
4;823
4;824
4;825
4;826
4;827
4;828
4;829
4;830
4;831
4;832
4;833
4;834
4;835
4;836
4;837
4;838
5;120
5;121
5;122
5;123
5;124
5;125
5;126
5;127
5;128
5;129
5;130
5;131
5;132
5;133
5;134
5;135
5;136
5;137
5;138
5;139
5;140
5;141
5;142
5;143
5;144
5;145
5;146
5;147
5;148
5;149
5;150
5;151
5;152
5;153
5;154
5;155
5;156
5;157
5;158
5;159
5;160
5;161
5;162
5;163
5;164
5;165
5;166
5;167
5;168
5;169
5;170
5;171
5;172
5;173
5;174
5;175
5;176
5;177
5;178
5;179
5;180
5;181
5;182
5;183
5;184
5;185
5;186
5;187
5;188
5;189
5;190
5;191
5;192
5;193
5;194
5;195
5;196
5;197
5;198
5;199
5;200
5;201
5;202
5;203
5;204
5;205
5;206
5;207
5;208
5;209
5;210
5;211
5;212
5;213
5;214
5;215
5;216
5;217
5;218
5;219
5;220
5;221
5;222
5;223
5;224
5;225
5;226
5;227
5;228
5;229
5;230
5;231
5;232
5;233
5;234
5;235
5;236
5;237
5;238
5;239
5;240
5;241
5;242
5;243
5;244
5;245
5;246
5;247
5;248
5;249
5;250
5;251
5;252
5;253
5;254
5;255
5;256
5;257
5;258
5;259
5;260
5;261
5;262
5;263
5;264
5;265
5;266
5;267
5;268
5;269
5;270
5;271
5;272
5;273
5;274
5;275
5;276
5;277
5;278
5;279
5;280
5;281
5;282
5;283
5;284
5;285
5;286
5;287
5;288
5;289
5;290
5;291
5;292
5;293
5;294
5;295
5;296
5;297
5;298
5;299
5;300
5;301
5;302
5;303
5;304
5;305
5;306
5;307
5;308
5;309
5;310
5;311
5;312
5;313
5;314
5;315
5;663
5;664
5;665
5;666
5;667
5;668
5;669
5;670
5;671
5;672
5;673
5;674
5;675
5;676
5;677
5;678
5;679
5;680
5;681
5;682
5;683
5;684
5;685
5;686
5;687
5;688
5;689
5;690
5;691
5;692
5;693
5;694
5;695
5;696
5;697
5;698
5;699
5;700
5;701
5;702
5;703
5;704
5;705
5;706
5;707
5;708
5;709
5;710
5;711
5;712
5;713
5;714
5;715
5;716
5;717
5;718
5;719
5;720
5;721
5;722
5;723
5;724
5;725
5;726
5;727
5;728
5;729
5;730
5;731
5;732
5;733
5;734
5;735
5;736
5;737
5;738
5;739
5;740
5;741
5;742
5;743
5;744
5;745
5;746
5;747
5;748
5;749
5;750
5;751
5;752
5;753
5;754
5;755
5;756
5;757
5;758
5;759
5;760
5;761
5;762
5;763
5;764
5;765
5;766
5;767
5;768
5;769
5;770
5;771
5;772
5;773
5;774
5;775
5;776
5;777
5;778
5;779
5;780
5;781
5;782
5;783
5;784
5;785
5;786
5;787
5;788
5;789
5;790
5;791
5;792
5;793
5;794
5;795
5;796
5;797
5;798
5;799
5;800
5;801
5;802
5;803
5;804
5;805
5;806
5;807
5;808
5;809
5;810
5;811
5;812
5;813
5;814
5;815
5;816
5;817
5;818
5;819
5;820
5;821
5;822
5;823
5;824
5;825
5;826
5;827
5;828
5;829
5;830
5;831
5;832
5;833
5;834
5;835
5;836
5;837
5;838
6;119
6;120
6;121
6;122
6;123
6;124
6;125
6;126
6;127
6;128
6;129
6;130
6;131
6;132
6;133
6;134
6;135
6;136
6;137
6;138
6;139
6;140
6;141
6;142
6;143
6;144
6;145
6;146
6;147
6;148
6;149
6;150
6;151
6;152
6;153
6;154
6;155
6;156
6;157
6;158
6;159
6;160
6;161
6;162
6;163
6;164
6;165
6;166
6;167
6;168
6;169
6;170
6;171
6;172
6;173
6;174
6;175
6;176
6;177
6;178
6;179
6;180
6;181
6;182
6;183
6;184
6;185
6;186
6;187
6;188
6;189
6;190
6;191
6;192
6;193
6;194
6;195
6;196
6;197
6;198
6;199
6;200
6;201
6;202
6;203
6;204
6;205
6;206
6;207
6;208
6;209
6;210
6;211
6;212
6;213
6;214
6;215
6;216
6;217
6;218
6;219
6;220
6;221
6;222
6;223
6;224
6;225
6;226
6;227
6;228
6;229
6;230
6;231
6;232
6;233
6;234
6;235
6;236
6;237
6;238
6;239
6;240
6;241
6;242
6;243
6;244
6;245
6;246
6;247
6;248
6;249
6;250
6;251
6;252
6;253
6;254
6;255
6;256
6;257
6;258
6;259
6;260
6;261
6;262
6;263
6;264
6;265
6;266
6;267
6;268
6;269
6;270
6;271
6;272
6;273
6;274
6;275
6;276
6;277
6;278
6;279
6;280
6;281
6;282
6;283
6;284
6;285
6;286
6;287
6;288
6;289
6;290
6;291
6;292
6;293
6;294
6;295
6;296
6;297
6;298
6;299
6;300
6;301
6;302
6;303
6;304
6;305
6;306
6;307
6;308
6;309
6;310
6;311
6;312
6;313
6;314
6;315
6;316
6;663
6;664
6;665
6;666
6;667
6;668
6;669
6;670
6;671
6;672
6;673
6;674
6;675
6;676
6;677
6;678
6;679
6;680
6;681
6;682
6;683
6;684
6;685
6;686
6;687
6;688
6;689
6;690
6;691
6;692
6;693
6;694
6;695
6;696
6;697
6;698
6;699
6;700
6;701
6;702
6;703
6;704
6;705
6;706
6;707
6;708
6;709
6;710
6;711
6;712
6;713
6;714
6;715
6;716
6;717
6;718
6;719
6;720
6;721
6;722
6;723
6;724
6;725
6;726
6;727
6;728
6;729
6;730
6;731
6;732
6;733
6;734
6;735
6;736
6;737
6;738
6;739
6;740
6;741
6;742
6;743
6;744
6;745
6;746
6;747
6;748
6;749
6;750
6;751
6;752
6;753
6;754
6;755
6;756
6;757
6;758
6;759
6;760
6;761
6;762
6;763
6;764
6;765
6;766
6;767
6;768
6;769
6;770
6;771
6;772
6;773
6;774
6;775
6;776
6;777
6;778
6;779
6;780
6;781
6;782
6;783
6;784
6;785
6;786
6;787
6;788
6;789
6;790
6;791
6;792
6;793
6;794
6;795
6;796
6;797
6;798
6;799
6;800
6;801
6;802
6;803
6;804
6;805
6;806
6;807
6;808
6;809
6;810
6;811
6;812
6;813
6;814
6;815
6;816
6;817
6;818
6;819
6;820
6;821
6;822
6;823
6;824
6;825
6;826
6;827
6;828
6;829
6;830
6;831
6;832
6;833
6;834
6;835
6;836
6;837
6;838
7;119
7;120
7;121
7;122
7;123
7;124
7;125
7;126
7;127
7;128
7;129
7;130
7;131
7;132
7;133
7;134
7;135
7;136
7;137
7;138
7;139
7;140
7;141
7;142
7;143
7;144
7;145
7;146
7;147
7;148
7;149
7;150
7;151
7;152
7;153
7;154
7;155
7;156
7;157
7;158
7;159
7;160
7;161
7;162
7;163
7;164
7;165
7;166
7;167
7;168
7;169
7;170
7;171
7;172
7;173
7;174
7;175
7;176
7;177
7;178
7;179
7;180
7;181
7;182
7;183
7;184
7;185
7;186
7;187
7;188
7;189
7;190
7;191
7;192
7;193
7;194
7;195
7;196
7;197
7;198
7;199
7;200
7;201
7;202
7;203
7;204
7;205
7;206
7;207
7;208
7;209
7;210
7;211
7;212
7;213
7;214
7;215
7;216
7;217
7;218
7;219
7;220
7;221
7;222
7;223
7;224
7;225
7;226
7;227
7;228
7;229
7;230
7;231
7;232
7;233
7;234
7;235
7;236
7;237
7;238
7;239
7;240
7;241
7;242
7;243
7;244
7;245
7;246
7;247
7;248
7;249
7;250
7;251
7;252
7;253
7;254
7;255
7;256
7;257
7;258
7;259
7;260
7;261
7;262
7;263
7;264
7;265
7;266
7;267
7;268
7;269
7;270
7;271
7;272
7;273
7;274
7;275
7;276
7;277
7;278
7;279
7;280
7;281
7;282
7;283
7;284
7;285
7;286
7;287
7;288
7;289
7;290
7;291
7;292
7;293
7;294
7;295
7;296
7;297
7;298
7;299
7;300
7;301
7;302
7;303
7;304
7;305
7;306
7;307
7;308
7;309
7;310
7;311
7;312
7;313
7;314
7;315
7;316
7;663
7;664
7;665
7;666
7;667
7;668
7;669
7;670
7;671
7;672
7;673
7;674
7;675
7;676
7;677
7;678
7;679
7;680
7;681
7;682
7;683
7;684
7;685
7;686
7;687
7;688
7;689
7;690
7;691
7;692
7;693
7;694
7;695
7;696
7;697
7;698
7;699
7;700
7;701
7;702
7;703
7;704
7;705
7;706
7;707
7;708
7;709
7;710
7;711
7;712
7;713
7;714
7;715
7;716
7;717
7;718
7;719
7;720
7;721
7;722
7;723
7;724
7;725
7;726
7;727
7;728
7;729
7;730
7;731
7;732
7;733
7;734
7;735
7;736
7;737
7;738
7;739
7;740
7;741
7;742
7;743
7;744
7;745
7;746
7;747
7;748
7;749
7;750
7;751
7;752
7;753
7;754
7;755
7;756
7;757
7;758
7;759
7;760
7;761
7;762
7;763
7;764
7;765
7;766
7;767
7;768
7;769
7;770
7;771
7;772
7;773
7;774
7;775
7;776
7;777
7;778
7;779
7;780
7;781
7;782
7;783
7;784
7;785
7;786
7;787
7;788
7;789
7;790
7;791
7;792
7;793
7;794
7;795
7;796
7;797
7;798
7;799
7;800
7;801
7;802
7;803
7;804
7;805
7;806
7;807
7;808
7;809
7;810
7;811
7;812
7;813
7;814
7;815
7;816
7;817
7;818
7;819
7;820
7;821
7;822
7;823
7;824
7;825
7;826
7;827
7;828
7;829
7;830
7;831
7;832
7;833
7;834
7;835
7;836
7;837
7;838
8;119
8;120
8;121
8;122
8;123
8;124
8;125
8;126
8;127
8;128
8;129
8;130
8;131
8;132
8;133
8;134
8;135
8;136
8;137
8;138
8;139
8;140
8;141
8;142
8;143
8;144
8;145
8;146
8;147
8;148
8;149
8;150
8;151
8;152
8;153
8;154
8;155
8;156
8;157
8;158
8;159
8;160
8;161
8;162
8;163
8;164
8;165
8;166
8;167
8;168
8;169
8;170
8;171
8;172
8;173
8;174
8;175
8;176
8;177
8;178
8;179
8;180
8;181
8;182
8;183
8;184
8;185
8;186
8;187
8;188
8;189
8;190
8;191
8;192
8;193
8;194
8;195
8;196
8;197
8;198
8;199
8;200
8;201
8;202
8;203
8;204
8;205
8;206
8;207
8;208
8;209
8;210
8;211
8;212
8;213
8;214
8;215
8;216
8;217
8;218
8;219
8;220
8;221
8;222
8;223
8;224
8;225
8;226
8;227
8;228
8;229
8;230
8;231
8;232
8;233
8;234
8;235
8;236
8;237
8;238
8;239
8;240
8;241
8;242
8;243
8;244
8;245
8;246
8;247
8;248
8;249
8;250
8;251
8;252
8;253
8;254
8;255
8;256
8;257
8;258
8;259
8;260
8;261
8;262
8;263
8;264
8;265
8;266
8;267
8;268
8;269
8;270
8;271
8;272
8;273
8;274
8;275
8;276
8;277
8;278
8;279
8;280
8;281
8;282
8;283
8;284
8;285
8;286
8;287
8;288
8;289
8;290
8;291
8;292
8;293
8;294
8;295
8;296
8;297
8;298
8;299
8;300
8;301
8;302
8;303
8;304
8;305
8;306
8;307
8;308
8;309
8;310
8;311
8;312
8;313
8;314
8;315
8;316
8;663
8;664
8;665
8;666
8;667
8;668
8;669
8;670
8;671
8;672
8;673
8;674
8;675
8;676
8;677
8;678
8;679
8;680
8;681
8;682
8;683
8;684
8;685
8;686
8;687
8;688
8;689
8;690
8;691
8;692
8;693
8;694
8;695
8;696
8;697
8;698
8;699
8;700
8;701
8;702
8;703
8;704
8;705
8;706
8;707
8;708
8;709
8;710
8;711
8;712
8;713
8;714
8;715
8;716
8;717
8;718
8;719
8;720
8;721
8;722
8;723
8;724
8;725
8;726
8;727
8;728
8;729
8;730
8;731
8;732
8;733
8;734
8;735
8;736
8;737
8;738
8;739
8;740
8;741
8;742
8;743
8;744
8;745
8;746
8;747
8;748
8;749
8;750
8;751
8;752
8;753
8;754
8;755
8;756
8;757
8;758
8;759
8;760
8;761
8;762
8;763
8;764
8;765
8;766
8;767
8;768
8;769
8;770
8;771
8;772
8;773
8;774
8;775
8;776
8;777
8;778
8;779
8;780
8;781
8;782
8;783
8;784
8;785
8;786
8;787
8;788
8;789
8;790
8;791
8;792
8;793
8;794
8;795
8;796
8;797
8;798
8;799
8;800
8;801
8;802
8;803
8;804
8;805
8;806
8;807
8;808
8;809
8;810
8;811
8;812
8;813
8;814
8;815
8;816
8;817
8;818
8;819
8;820
8;821
8;822
8;823
8;824
8;825
8;826
8;827
8;828
8;829
8;830
8;831
8;832
8;833
8;834
8;835
8;836
8;837
8;838
9;119
9;120
9;121
9;122
9;123
9;124
9;125
9;126
9;127
9;128
9;129
9;130
9;131
9;132
9;133
9;134
9;135
9;136
9;137
9;138
9;139
9;140
9;141
9;142
9;143
9;144
9;145
9;146
9;147
9;148
9;149
9;150
9;151
9;152
9;153
9;154
9;155
9;156
9;157
9;158
9;159
9;160
9;161
9;162
9;163
9;164
9;165
9;166
9;167
9;168
9;169
9;170
9;171
9;172
9;173
9;174
9;175
9;176
9;177
9;178
9;179
9;180
9;181
9;182
9;183
9;184
9;185
9;186
9;187
9;188
9;189
9;190
9;191
9;192
9;193
9;194
9;195
9;196
9;197
9;198
9;199
9;200
9;201
9;202
9;203
9;204
9;205
9;206
9;207
9;208
9;209
9;210
9;211
9;212
9;213
9;214
9;215
9;216
9;217
9;218
9;219
9;220
9;221
9;222
9;223
9;224
9;225
9;226
9;227
9;228
9;229
9;230
9;231
9;232
9;233
9;234
9;235
9;236
9;237
9;238
9;239
9;240
9;241
9;242
9;243
9;244
9;245
9;246
9;247
9;248
9;249
9;250
9;251
9;252
9;253
9;254
9;255
9;256
9;257
9;258
9;259
9;260
9;261
9;262
9;263
9;264
9;265
9;266
9;267
9;268
9;269
9;270
9;271
9;272
9;273
9;274
9;275
9;276
9;277
9;278
9;279
9;280
9;281
9;282
9;283
9;284
9;285
9;286
9;287
9;288
9;289
9;290
9;291
9;292
9;293
9;294
9;295
9;296
9;297
9;298
9;299
9;300
9;301
9;302
9;303
9;304
9;305
9;306
9;307
9;308
9;309
9;310
9;311
9;312
9;313
9;314
9;315
9;316
9;317
9;663
9;664
9;665
9;666
9;667
9;668
9;669
9;670
9;671
9;672
9;673
9;674
9;675
9;676
9;677
9;678
9;679
9;680
9;681
9;682
9;683
9;684
9;685
9;686
9;687
9;688
9;689
9;690
9;691
9;692
9;693
9;694
9;695
9;696
9;697
9;698
9;699
9;700
9;701
9;702
9;703
9;704
9;705
9;706
9;707
9;708
9;709
9;710
9;711
9;712
9;713
9;714
9;715
9;716
9;717
9;718
9;719
9;720
9;721
9;722
9;723
9;724
9;725
9;726
9;727
9;728
9;729
9;730
9;731
9;732
9;733
9;734
9;735
9;736
9;737
9;738
9;739
9;740
9;741
9;742
9;743
9;744
9;745
9;746
9;747
9;748
9;749
9;750
9;751
9;752
9;753
9;754
9;755
9;756
9;757
9;758
9;759
9;760
9;761
9;762
9;763
9;764
9;765
9;766
9;767
9;768
9;769
9;770
9;771
9;772
9;773
9;774
9;775
9;776
9;777
9;778
9;779
9;780
9;781
9;782
9;783
9;784
9;785
9;786
9;787
9;788
9;789
9;790
9;791
9;792
9;793
9;794
9;795
9;796
9;797
9;798
9;799
9;800
9;801
9;802
9;803
9;804
9;805
9;806
9;807
9;808
9;809
9;810
9;811
9;812
9;813
9;814
9;815
9;816
9;817
9;818
9;819
9;820
9;821
9;822
9;823
9;824
9;825
9;826
9;827
9;828
9;829
9;830
9;831
9;832
9;833
9;834
9;835
9;836
9;837
9;838
9;839
9;840
9;841
9;842
9;843
9;844
10;118
10;119
10;120
10;121
10;122
10;123
10;124
10;125
10;126
10;127
10;128
10;129
10;130
10;131
10;132
10;133
10;134
10;135
10;136
10;137
10;138
10;139
10;140
10;141
10;142
10;143
10;144
10;145
10;146
10;147
10;148
10;149
10;150
10;151
10;152
10;153
10;154
10;155
10;156
10;157
10;158
10;159
10;160
10;161
10;162
10;163
10;164
10;165
10;166
10;167
10;168
10;169
10;170
10;171
10;172
10;173
10;174
10;175
10;176
10;177
10;178
10;179
10;180
10;181
10;182
10;183
10;184
10;185
10;186
10;187
10;188
10;189
10;190
10;191
10;192
10;193
10;194
10;195
10;196
10;197
10;198
10;199
10;200
10;201
10;202
10;203
10;204
10;205
10;206
10;207
10;208
10;209
10;210
10;211
10;212
10;213
10;214
10;215
10;216
10;217
10;218
10;219
10;220
10;221
10;222
10;223
10;224
10;225
10;226
10;227
10;228
10;229
10;230
10;231
10;232
10;233
10;234
10;235
10;236
10;237
10;238
10;239
10;240
10;241
10;242
10;243
10;244
10;245
10;246
10;247
10;248
10;249
10;250
10;251
10;252
10;253
10;254
10;255
10;256
10;257
10;258
10;259
10;260
10;261
10;262
10;263
10;264
10;265
10;266
10;267
10;268
10;269
10;270
10;271
10;272
10;273
10;274
10;275
10;276
10;277
10;278
10;279
10;280
10;281
10;282
10;283
10;284
10;285
10;286
10;287
10;288
10;289
10;290
10;291
10;292
10;293
10;294
10;295
10;296
10;297
10;298
10;299
10;300
10;301
10;302
10;303
10;304
10;305
10;306
10;307
10;308
10;309
10;310
10;311
10;312
10;313
10;314
10;315
10;316
10;317
10;663
10;664
10;665
10;666
10;667
10;668
10;669
10;670
10;671
10;672
10;673
10;674
10;675
10;676
10;677
10;678
10;679
10;680
10;681
10;682
10;683
10;684
10;685
10;686
10;687
10;688
10;689
10;690
10;691
10;692
10;693
10;694
10;695
10;696
10;697
10;698
10;699
10;700
10;701
10;702
10;703
10;704
10;705
10;706
10;707
10;708
10;709
10;710
10;711
10;712
10;713
10;714
10;715
10;716
10;717
10;718
10;719
10;720
10;721
10;722
10;723
10;724
10;725
10;726
10;727
10;728
10;729
10;730
10;731
10;732
10;733
10;734
10;735
10;736
10;737
10;738
10;739
10;740
10;741
10;742
10;743
10;744
10;745
10;746
10;747
10;748
10;749
10;750
10;751
10;752
10;753
10;754
10;755
10;756
10;757
10;758
10;759
10;760
10;761
10;762
10;763
10;764
10;765
10;766
10;767
10;768
10;769
10;770
10;771
10;772
10;773
10;774
10;775
10;776
10;777
10;778
10;779
10;780
10;781
10;782
10;783
10;784
10;785
10;786
10;787
10;788
10;789
10;790
10;791
10;792
10;793
10;794
10;795
10;796
10;797
10;798
10;799
10;800
10;801
10;802
10;803
10;804
10;805
10;806
10;807
10;808
10;809
10;810
10;811
10;812
10;813
10;814
10;815
10;816
10;817
10;818
10;819
10;820
10;821
10;822
10;823
10;824
10;825
10;826
10;827
10;828
10;829
10;830
10;831
10;832
10;833
10;834
10;835
10;836
10;837
10;838
10;839
10;840
10;841
10;842
10;843
10;844
11;118
11;119
11;120
11;121
11;122
11;123
11;124
11;125
11;126
11;127
11;128
11;129
11;130
11;131
11;132
11;133
11;134
11;135
11;136
11;137
11;138
11;139
11;140
11;141
11;142
11;143
11;144
11;145
11;146
11;147
11;148
11;149
11;150
11;151
11;152
11;153
11;154
11;155
11;156
11;157
11;158
11;159
11;160
11;161
11;162
11;163
11;164
11;165
11;166
11;167
11;168
11;169
11;170
11;171
11;172
11;173
11;174
11;175
11;176
11;177
11;178
11;179
11;180
11;181
11;182
11;183
11;184
11;185
11;186
11;187
11;188
11;189
11;190
11;191
11;192
11;193
11;194
11;195
11;196
11;197
11;198
11;199
11;200
11;201
11;202
11;203
11;204
11;205
11;206
11;207
11;208
11;209
11;210
11;211
11;212
11;213
11;214
11;215
11;216
11;217
11;218
11;219
11;220
11;221
11;222
11;223
11;224
11;225
11;226
11;227
11;228
11;229
11;230
11;231
11;232
11;233
11;234
11;235
11;236
11;237
11;238
11;239
11;240
11;241
11;242
11;243
11;244
11;245
11;246
11;247
11;248
11;249
11;250
11;251
11;252
11;253
11;254
11;255
11;256
11;257
11;258
11;259
11;260
11;261
11;262
11;263
11;264
11;265
11;266
11;267
11;268
11;269
11;270
11;271
11;272
11;273
11;274
11;275
11;276
11;277
11;278
11;279
11;280
11;281
11;282
11;283
11;284
11;285
11;286
11;287
11;288
11;289
11;290
11;291
11;292
11;293
11;294
11;295
11;296
11;297
11;298
11;299
11;300
11;301
11;302
11;303
11;304
11;305
11;306
11;307
11;308
11;309
11;310
11;311
11;312
11;313
11;314
11;315
11;316
11;317
11;663
11;664
11;665
11;666
11;667
11;668
11;669
11;670
11;671
11;672
11;673
11;674
11;675
11;676
11;677
11;678
11;679
11;680
11;681
11;682
11;683
11;684
11;685
11;686
11;687
11;688
11;689
11;690
11;691
11;692
11;693
11;694
11;695
11;696
11;697
11;698
11;699
11;700
11;701
11;702
11;703
11;704
11;705
11;706
11;707
11;708
11;709
11;710
11;711
11;712
11;713
11;714
11;715
11;716
11;717
11;718
11;719
11;720
11;721
11;722
11;723
11;724
11;725
11;726
11;727
11;728
11;729
11;730
11;731
11;732
11;733
11;734
11;735
11;736
11;737
11;738
11;739
11;740
11;741
11;742
11;743
11;744
11;745
11;746
11;747
11;748
11;749
11;750
11;751
11;752
11;753
11;754
11;755
11;756
11;757
11;758
11;759
11;760
11;761
11;762
11;763
11;764
11;765
11;766
11;767
11;768
11;769
11;770
11;771
11;772
11;773
11;774
11;775
11;776
11;777
11;778
11;779
11;780
11;781
11;782
11;783
11;784
11;785
11;786
11;787
11;788
11;789
11;790
11;791
11;792
11;793
11;794
11;795
11;796
11;797
11;798
11;799
11;800
11;801
11;802
11;803
11;804
11;805
11;806
11;807
11;808
11;809
11;810
11;811
11;812
11;813
11;814
11;815
11;816
11;817
11;818
11;819
11;820
11;821
11;822
11;823
11;824
11;825
11;826
11;827
11;828
11;829
11;830
11;831
11;832
11;833
11;834
11;835
11;836
11;837
11;838
11;839
11;840
11;841
11;842
11;843
12;117
12;118
12;119
12;120
12;121
12;122
12;123
12;124
12;125
12;126
12;127
12;128
12;129
12;130
12;131
12;132
12;133
12;134
12;135
12;136
12;137
12;138
12;139
12;140
12;141
12;142
12;143
12;144
12;145
12;146
12;147
12;148
12;149
12;150
12;151
12;152
12;153
12;154
12;155
12;156
12;157
12;158
12;159
12;160
12;161
12;162
12;163
12;164
12;165
12;166
12;167
12;168
12;169
12;170
12;171
12;172
12;173
12;174
12;175
12;176
12;177
12;178
12;179
12;180
12;181
12;182
12;183
12;184
12;185
12;186
12;187
12;188
12;189
12;190
12;191
12;192
12;193
12;194
12;195
12;196
12;197
12;198
12;199
12;200
12;201
12;202
12;203
12;204
12;205
12;206
12;207
12;208
12;209
12;210
12;211
12;212
12;213
12;214
12;215
12;216
12;217
12;218
12;219
12;220
12;221
12;222
12;223
12;224
12;225
12;226
12;227
12;228
12;229
12;230
12;231
12;232
12;233
12;234
12;235
12;236
12;237
12;238
12;239
12;240
12;241
12;242
12;243
12;244
12;245
12;246
12;247
12;248
12;249
12;250
12;251
12;252
12;253
12;254
12;255
12;256
12;257
12;258
12;259
12;260
12;261
12;262
12;263
12;264
12;265
12;266
12;267
12;268
12;269
12;270
12;271
12;272
12;273
12;274
12;275
12;276
12;277
12;278
12;279
12;280
12;281
12;282
12;283
12;284
12;285
12;286
12;287
12;288
12;289
12;290
12;291
12;292
12;293
12;294
12;295
12;296
12;297
12;298
12;299
12;300
12;301
12;302
12;303
12;304
12;305
12;306
12;307
12;308
12;309
12;310
12;311
12;312
12;313
12;314
12;315
12;316
12;317
12;318
12;664
12;665
12;666
12;667
12;668
12;669
12;670
12;671
12;672
12;673
12;674
12;675
12;676
12;677
12;678
12;679
12;680
12;681
12;682
12;683
12;684
12;685
12;686
12;687
12;688
12;689
12;690
12;691
12;692
12;693
12;694
12;695
12;696
12;697
12;698
12;699
12;700
12;701
12;702
12;703
12;704
12;705
12;706
12;707
12;708
12;709
12;710
12;711
12;712
12;713
12;714
12;715
12;716
12;717
12;718
12;719
12;720
12;721
12;722
12;723
12;724
12;725
12;726
12;727
12;728
12;729
12;730
12;731
12;732
12;733
12;734
12;735
12;736
12;737
12;738
12;739
12;740
12;741
12;742
12;743
12;744
12;745
12;746
12;747
12;748
12;749
12;750
12;751
12;752
12;753
12;754
12;755
12;756
12;757
12;758
12;759
12;760
12;761
12;762
12;763
12;764
12;765
12;766
12;767
12;768
12;769
12;770
12;771
12;772
12;773
12;774
12;775
12;776
12;777
12;778
12;779
12;780
12;781
12;782
12;783
12;784
12;785
12;786
12;787
12;788
12;789
12;790
12;791
12;792
12;793
12;794
12;795
12;796
12;797
12;798
12;799
12;800
12;801
12;802
12;803
12;804
12;805
12;806
12;807
12;808
12;809
12;810
12;811
12;812
12;813
12;814
12;815
12;816
12;817
12;818
12;819
12;820
12;821
12;822
12;823
12;824
12;825
12;826
12;827
12;828
12;829
12;830
12;831
12;832
12;833
12;834
12;835
12;836
12;837
12;838
12;839
12;840
12;841
12;842
13;117
13;118
13;119
13;120
13;121
13;122
13;123
13;124
13;125
13;126
13;127
13;128
13;129
13;130
13;131
13;132
13;133
13;134
13;135
13;136
13;137
13;138
13;139
13;140
13;141
13;142
13;143
13;144
13;145
13;146
13;147
13;148
13;149
13;150
13;151
13;152
13;153
13;154
13;155
13;156
13;157
13;158
13;159
13;160
13;161
13;162
13;163
13;164
13;165
13;166
13;167
13;168
13;169
13;170
13;171
13;172
13;173
13;174
13;175
13;176
13;177
13;178
13;179
13;180
13;181
13;182
13;183
13;184
13;185
13;186
13;187
13;188
13;189
13;190
13;191
13;192
13;193
13;194
13;195
13;196
13;197
13;198
13;199
13;200
13;201
13;202
13;203
13;204
13;205
13;206
13;207
13;208
13;209
13;210
13;211
13;212
13;213
13;214
13;215
13;216
13;217
13;218
13;219
13;220
13;221
13;222
13;223
13;224
13;225
13;226
13;227
13;228
13;229
13;230
13;231
13;232
13;233
13;234
13;235
13;236
13;237
13;238
13;239
13;240
13;241
13;242
13;243
13;244
13;245
13;246
13;247
13;248
13;249
13;250
13;251
13;252
13;253
13;254
13;255
13;256
13;257
13;258
13;259
13;260
13;261
13;262
13;263
13;264
13;265
13;266
13;267
13;268
13;269
13;270
13;271
13;272
13;273
13;274
13;275
13;276
13;277
13;278
13;279
13;280
13;281
13;282
13;283
13;284
13;285
13;286
13;287
13;288
13;289
13;290
13;291
13;292
13;293
13;294
13;295
13;296
13;297
13;298
13;299
13;300
13;301
13;302
13;303
13;304
13;305
13;306
13;307
13;308
13;309
13;310
13;311
13;312
13;313
13;314
13;315
13;316
13;317
13;318
13;664
13;665
13;666
13;667
13;668
13;669
13;670
13;671
13;672
13;673
13;674
13;675
13;676
13;677
13;678
13;679
13;680
13;681
13;682
13;683
13;684
13;685
13;686
13;687
13;688
13;689
13;690
13;691
13;692
13;693
13;694
13;695
13;696
13;697
13;698
13;699
13;700
13;701
13;702
13;703
13;704
13;705
13;706
13;707
13;708
13;709
13;710
13;711
13;712
13;713
13;714
13;715
13;716
13;717
13;718
13;719
13;720
13;721
13;722
13;723
13;724
13;725
13;726
13;727
13;728
13;729
13;730
13;731
13;732
13;733
13;734
13;735
13;736
13;737
13;738
13;739
13;740
13;741
13;742
13;743
13;744
13;745
13;746
13;747
13;748
13;749
13;750
13;751
13;752
13;753
13;754
13;755
13;756
13;757
13;758
13;759
13;760
13;761
13;762
13;763
13;764
13;765
13;766
13;767
13;768
13;769
13;770
13;771
13;772
13;773
13;774
13;775
13;776
13;777
13;778
13;779
13;780
13;781
13;782
13;783
13;784
13;785
13;786
13;787
13;788
13;789
13;790
13;791
13;792
13;793
13;794
13;795
13;796
13;797
13;798
13;799
13;800
13;801
13;802
13;803
13;804
13;805
13;806
13;807
13;808
13;809
13;810
13;811
13;812
13;813
13;814
13;815
13;816
13;817
13;818
13;819
13;820
13;821
13;822
13;823
13;824
13;825
13;826
13;827
13;828
13;829
13;830
13;831
13;832
13;833
13;834
13;835
13;836
13;837
13;838
13;839
13;840
13;841
13;842
14;117
14;118
14;119
14;120
14;121
14;122
14;123
14;124
14;125
14;126
14;127
14;128
14;129
14;130
14;131
14;132
14;133
14;134
14;135
14;136
14;137
14;138
14;139
14;140
14;141
14;142
14;143
14;144
14;145
14;146
14;147
14;148
14;149
14;150
14;151
14;152
14;153
14;154
14;155
14;156
14;157
14;158
14;159
14;160
14;161
14;162
14;163
14;164
14;165
14;166
14;167
14;168
14;169
14;170
14;171
14;172
14;173
14;174
14;175
14;176
14;177
14;178
14;179
14;180
14;181
14;182
14;183
14;184
14;185
14;186
14;187
14;188
14;189
14;190
14;191
14;192
14;193
14;194
14;195
14;196
14;197
14;198
14;199
14;200
14;201
14;202
14;203
14;204
14;205
14;206
14;207
14;208
14;209
14;210
14;211
14;212
14;213
14;214
14;215
14;216
14;217
14;218
14;219
14;220
14;221
14;222
14;223
14;224
14;225
14;226
14;227
14;228
14;229
14;230
14;231
14;232
14;233
14;234
14;235
14;236
14;237
14;238
14;239
14;240
14;241
14;242
14;243
14;244
14;245
14;246
14;247
14;248
14;249
14;250
14;251
14;252
14;253
14;254
14;255
14;256
14;257
14;258
14;259
14;260
14;261
14;262
14;263
14;264
14;265
14;266
14;267
14;268
14;269
14;270
14;271
14;272
14;273
14;274
14;275
14;276
14;277
14;278
14;279
14;280
14;281
14;282
14;283
14;284
14;285
14;286
14;287
14;288
14;289
14;290
14;291
14;292
14;293
14;294
14;295
14;296
14;297
14;298
14;299
14;300
14;301
14;302
14;303
14;304
14;305
14;306
14;307
14;308
14;309
14;310
14;311
14;312
14;313
14;314
14;315
14;316
14;317
14;318
14;664
14;665
14;666
14;667
14;668
14;669
14;670
14;671
14;672
14;673
14;674
14;675
14;676
14;677
14;678
14;679
14;680
14;681
14;682
14;683
14;684
14;685
14;686
14;687
14;688
14;689
14;690
14;691
14;692
14;693
14;694
14;695
14;696
14;697
14;698
14;699
14;700
14;701
14;702
14;703
14;704
14;705
14;706
14;707
14;708
14;709
14;710
14;711
14;712
14;713
14;714
14;715
14;716
14;717
14;718
14;719
14;720
14;721
14;722
14;723
14;724
14;725
14;726
14;727
14;728
14;729
14;730
14;731
14;732
14;733
14;734
14;735
14;736
14;737
14;738
14;739
14;740
14;741
14;742
14;743
14;744
14;745
14;746
14;747
14;748
14;749
14;750
14;751
14;752
14;753
14;754
14;755
14;756
14;757
14;758
14;759
14;760
14;761
14;762
14;763
14;764
14;765
14;766
14;767
14;768
14;769
14;770
14;771
14;772
14;773
14;774
14;775
14;776
14;777
14;778
14;779
14;780
14;781
14;782
14;783
14;784
14;785
14;786
14;787
14;788
14;789
14;790
14;791
14;792
14;793
14;794
14;795
14;796
14;797
14;798
14;799
14;800
14;801
14;802
14;803
14;804
14;805
14;806
14;807
14;808
14;809
14;810
14;811
14;812
14;813
14;814
14;815
14;816
14;817
14;818
14;819
14;820
14;821
14;822
14;823
14;824
14;825
14;826
14;827
14;828
14;829
14;830
14;831
14;832
14;833
14;834
14;835
14;836
14;837
14;838
14;839
14;840
14;841
15;117
15;118
15;119
15;120
15;121
15;122
15;123
15;124
15;125
15;126
15;127
15;128
15;129
15;130
15;131
15;132
15;133
15;134
15;135
15;136
15;137
15;138
15;139
15;140
15;141
15;142
15;143
15;144
15;145
15;146
15;147
15;148
15;149
15;150
15;151
15;152
15;153
15;154
15;155
15;156
15;157
15;158
15;159
15;160
15;161
15;162
15;163
15;164
15;165
15;166
15;167
15;168
15;169
15;170
15;171
15;172
15;173
15;174
15;175
15;176
15;177
15;178
15;179
15;180
15;181
15;182
15;183
15;184
15;185
15;186
15;187
15;188
15;189
15;190
15;191
15;192
15;193
15;194
15;195
15;196
15;197
15;198
15;199
15;200
15;201
15;202
15;203
15;204
15;205
15;206
15;207
15;208
15;209
15;210
15;211
15;212
15;213
15;214
15;215
15;216
15;217
15;218
15;219
15;220
15;221
15;222
15;223
15;224
15;225
15;226
15;227
15;228
15;229
15;230
15;231
15;232
15;233
15;234
15;235
15;236
15;237
15;238
15;239
15;240
15;241
15;242
15;243
15;244
15;245
15;246
15;247
15;248
15;249
15;250
15;251
15;252
15;253
15;254
15;255
15;256
15;257
15;258
15;259
15;260
15;261
15;262
15;263
15;264
15;265
15;266
15;267
15;268
15;269
15;270
15;271
15;272
15;273
15;274
15;275
15;276
15;277
15;278
15;279
15;280
15;281
15;282
15;283
15;284
15;285
15;286
15;287
15;288
15;289
15;290
15;291
15;292
15;293
15;294
15;295
15;296
15;297
15;298
15;299
15;300
15;301
15;302
15;303
15;304
15;305
15;306
15;307
15;308
15;309
15;310
15;311
15;312
15;313
15;314
15;315
15;316
15;317
15;318
15;319
15;664
15;665
15;666
15;667
15;668
15;669
15;670
15;671
15;672
15;673
15;674
15;675
15;676
15;677
15;678
15;679
15;680
15;681
15;682
15;683
15;684
15;685
15;686
15;687
15;688
15;689
15;690
15;691
15;692
15;693
15;694
15;695
15;696
15;697
15;698
15;699
15;700
15;701
15;702
15;703
15;704
15;705
15;706
15;707
15;708
15;709
15;710
15;711
15;712
15;713
15;714
15;715
15;716
15;717
15;718
15;719
15;720
15;721
15;722
15;723
15;724
15;725
15;726
15;727
15;728
15;729
15;730
15;731
15;732
15;733
15;734
15;735
15;736
15;737
15;738
15;739
15;740
15;741
15;742
15;743
15;744
15;745
15;746
15;747
15;748
15;749
15;750
15;751
15;752
15;753
15;754
15;755
15;756
15;757
15;758
15;759
15;760
15;761
15;762
15;763
15;764
15;765
15;766
15;767
15;768
15;769
15;770
15;771
15;772
15;773
15;774
15;775
15;776
15;777
15;778
15;779
15;780
15;781
15;782
15;783
15;784
15;785
15;786
15;787
15;788
15;789
15;790
15;791
15;792
15;793
15;794
15;795
15;796
15;797
15;798
15;799
15;800
15;801
15;802
15;803
15;804
15;805
15;806
15;807
15;808
15;809
15;810
15;811
15;812
15;813
15;814
15;815
15;816
15;817
15;818
15;819
15;820
15;821
15;822
15;823
15;824
15;825
15;826
15;827
15;828
15;829
15;830
15;831
15;832
15;833
15;834
15;835
15;836
15;837
15;838
15;839
15;840
16;116
16;117
16;118
16;119
16;120
16;121
16;122
16;123
16;124
16;125
16;126
16;127
16;128
16;129
16;130
16;131
16;132
16;133
16;134
16;135
16;136
16;137
16;138
16;139
16;140
16;141
16;142
16;143
16;144
16;145
16;146
16;147
16;148
16;149
16;150
16;151
16;152
16;153
16;154
16;155
16;156
16;157
16;158
16;159
16;160
16;161
16;162
16;163
16;164
16;165
16;166
16;167
16;168
16;169
16;170
16;171
16;172
16;173
16;174
16;175
16;176
16;177
16;178
16;179
16;180
16;181
16;182
16;183
16;184
16;185
16;186
16;187
16;188
16;189
16;190
16;191
16;192
16;193
16;194
16;195
16;196
16;197
16;198
16;199
16;200
16;201
16;202
16;203
16;204
16;205
16;206
16;207
16;208
16;209
16;210
16;211
16;212
16;213
16;214
16;215
16;216
16;217
16;218
16;219
16;220
16;221
16;222
16;223
16;224
16;225
16;226
16;227
16;228
16;229
16;230
16;231
16;232
16;233
16;234
16;235
16;236
16;237
16;238
16;239
16;240
16;241
16;242
16;243
16;244
16;245
16;246
16;247
16;248
16;249
16;250
16;251
16;252
16;253
16;254
16;255
16;256
16;257
16;258
16;259
16;260
16;261
16;262
16;263
16;264
16;265
16;266
16;267
16;268
16;269
16;270
16;271
16;272
16;273
16;274
16;275
16;276
16;277
16;278
16;279
16;280
16;281
16;282
16;283
16;284
16;285
16;286
16;287
16;288
16;289
16;290
16;291
16;292
16;293
16;294
16;295
16;296
16;297
16;298
16;299
16;300
16;301
16;302
16;303
16;304
16;305
16;306
16;307
16;308
16;309
16;310
16;311
16;312
16;313
16;314
16;315
16;316
16;317
16;318
16;319
16;664
16;665
16;666
16;667
16;668
16;669
16;670
16;671
16;672
16;673
16;674
16;675
16;676
16;677
16;678
16;679
16;680
16;681
16;682
16;683
16;684
16;685
16;686
16;687
16;688
16;689
16;690
16;691
16;692
16;693
16;694
16;695
16;696
16;697
16;698
16;699
16;700
16;701
16;702
16;703
16;704
16;705
16;706
16;707
16;708
16;709
16;710
16;711
16;712
16;713
16;714
16;715
16;716
16;717
16;718
16;719
16;720
16;721
16;722
16;723
16;724
16;725
16;726
16;727
16;728
16;729
16;730
16;731
16;732
16;733
16;734
16;735
16;736
16;737
16;738
16;739
16;740
16;741
16;742
16;743
16;744
16;745
16;746
16;747
16;748
16;749
16;750
16;751
16;752
16;753
16;754
16;755
16;756
16;757
16;758
16;759
16;760
16;761
16;762
16;763
16;764
16;765
16;766
16;767
16;768
16;769
16;770
16;771
16;772
16;773
16;774
16;775
16;776
16;777
16;778
16;779
16;780
16;781
16;782
16;783
16;784
16;785
16;786
16;787
16;788
16;789
16;790
16;791
16;792
16;793
16;794
16;795
16;796
16;797
16;798
16;799
16;800
16;801
16;802
16;803
16;804
16;805
16;806
16;807
16;808
16;809
16;810
16;811
16;812
16;813
16;814
16;815
16;816
16;817
16;818
16;819
16;820
16;821
16;822
16;823
16;824
16;825
16;826
16;827
16;828
16;829
16;830
16;831
16;832
16;833
16;834
16;835
16;836
16;837
16;838
16;839
16;840
17;116
17;117
17;118
17;119
17;120
17;121
17;122
17;123
17;124
17;125
17;126
17;127
17;128
17;129
17;130
17;131
17;132
17;133
17;134
17;135
17;136
17;137
17;138
17;139
17;140
17;141
17;142
17;143
17;144
17;145
17;146
17;147
17;148
17;149
17;150
17;151
17;152
17;153
17;154
17;155
17;156
17;157
17;158
17;159
17;160
17;161
17;162
17;163
17;164
17;165
17;166
17;167
17;168
17;169
17;170
17;171
17;172
17;173
17;174
17;175
17;176
17;177
17;178
17;179
17;180
17;181
17;182
17;183
17;184
17;185
17;186
17;187
17;188
17;189
17;190
17;191
17;192
17;193
17;194
17;195
17;196
17;197
17;198
17;199
17;200
17;201
17;202
17;203
17;204
17;205
17;206
17;207
17;208
17;209
17;210
17;211
17;212
17;213
17;214
17;215
17;216
17;217
17;218
17;219
17;220
17;221
17;222
17;223
17;224
17;225
17;226
17;227
17;228
17;229
17;230
17;231
17;232
17;233
17;234
17;235
17;236
17;237
17;238
17;239
17;240
17;241
17;242
17;243
17;244
17;245
17;246
17;247
17;248
17;249
17;250
17;251
17;252
17;253
17;254
17;255
17;256
17;257
17;258
17;259
17;260
17;261
17;262
17;263
17;264
17;265
17;266
17;267
17;268
17;269
17;270
17;271
17;272
17;273
17;274
17;275
17;276
17;277
17;278
17;279
17;280
17;281
17;282
17;283
17;284
17;285
17;286
17;287
17;288
17;289
17;290
17;291
17;292
17;293
17;294
17;295
17;296
17;297
17;298
17;299
17;300
17;301
17;302
17;303
17;304
17;305
17;306
17;307
17;308
17;309
17;310
17;311
17;312
17;313
17;314
17;315
17;316
17;317
17;318
17;319
17;664
17;665
17;666
17;667
17;668
17;669
17;670
17;671
17;672
17;673
17;674
17;675
17;676
17;677
17;678
17;679
17;680
17;681
17;682
17;683
17;684
17;685
17;686
17;687
17;688
17;689
17;690
17;691
17;692
17;693
17;694
17;695
17;696
17;697
17;698
17;699
17;700
17;701
17;702
17;703
17;704
17;705
17;706
17;707
17;708
17;709
17;710
17;711
17;712
17;713
17;714
17;715
17;716
17;717
17;718
17;719
17;720
17;721
17;722
17;723
17;724
17;725
17;726
17;727
17;728
17;729
17;730
17;731
17;732
17;733
17;734
17;735
17;736
17;737
17;738
17;739
17;740
17;741
17;742
17;743
17;744
17;745
17;746
17;747
17;748
17;749
17;750
17;751
17;752
17;753
17;754
17;755
17;756
17;757
17;758
17;759
17;760
17;761
17;762
17;763
17;764
17;765
17;766
17;767
17;768
17;769
17;770
17;771
17;772
17;773
17;774
17;775
17;776
17;777
17;778
17;779
17;780
17;781
17;782
17;783
17;784
17;785
17;786
17;787
17;788
17;789
17;790
17;791
17;792
17;793
17;794
17;795
17;796
17;797
17;798
17;799
17;800
17;801
17;802
17;803
17;804
17;805
17;806
17;807
17;808
17;809
17;810
17;811
17;812
17;813
17;814
17;815
17;816
17;817
17;818
17;819
17;820
17;821
17;822
17;823
17;824
17;825
17;826
17;827
17;828
17;829
17;830
17;831
17;832
17;833
17;834
17;835
17;836
17;837
17;838
17;839
18;116
18;117
18;118
18;119
18;120
18;121
18;122
18;123
18;124
18;125
18;126
18;127
18;128
18;129
18;130
18;131
18;132
18;133
18;134
18;135
18;136
18;137
18;138
18;139
18;140
18;141
18;142
18;143
18;144
18;145
18;146
18;147
18;148
18;149
18;150
18;151
18;152
18;153
18;154
18;155
18;156
18;157
18;158
18;159
18;160
18;161
18;162
18;163
18;164
18;165
18;166
18;167
18;168
18;169
18;170
18;171
18;172
18;173
18;174
18;175
18;176
18;177
18;178
18;179
18;180
18;181
18;182
18;183
18;184
18;185
18;186
18;187
18;188
18;189
18;190
18;191
18;192
18;193
18;194
18;195
18;196
18;197
18;198
18;199
18;200
18;201
18;202
18;203
18;204
18;205
18;206
18;207
18;208
18;209
18;210
18;211
18;212
18;213
18;214
18;215
18;216
18;217
18;218
18;219
18;220
18;221
18;222
18;223
18;224
18;225
18;226
18;227
18;228
18;229
18;230
18;231
18;232
18;233
18;234
18;235
18;236
18;237
18;238
18;239
18;240
18;241
18;242
18;243
18;244
18;245
18;246
18;247
18;248
18;249
18;250
18;251
18;252
18;253
18;254
18;255
18;256
18;257
18;258
18;259
18;260
18;261
18;262
18;263
18;264
18;265
18;266
18;267
18;268
18;269
18;270
18;271
18;272
18;273
18;274
18;275
18;276
18;277
18;278
18;279
18;280
18;281
18;282
18;283
18;284
18;285
18;286
18;287
18;288
18;289
18;290
18;291
18;292
18;293
18;294
18;295
18;296
18;297
18;298
18;299
18;300
18;301
18;302
18;303
18;304
18;305
18;306
18;307
18;308
18;309
18;310
18;311
18;312
18;313
18;314
18;315
18;316
18;317
18;318
18;319
18;665
18;666
18;667
18;668
18;669
18;670
18;671
18;672
18;673
18;674
18;675
18;676
18;677
18;678
18;679
18;680
18;681
18;682
18;683
18;684
18;685
18;686
18;687
18;688
18;689
18;690
18;691
18;692
18;693
18;694
18;695
18;696
18;697
18;698
18;699
18;700
18;701
18;702
18;703
18;704
18;705
18;706
18;707
18;708
18;709
18;710
18;711
18;712
18;713
18;714
18;715
18;716
18;717
18;718
18;719
18;720
18;721
18;722
18;723
18;724
18;725
18;726
18;727
18;728
18;729
18;730
18;731
18;732
18;733
18;734
18;735
18;736
18;737
18;738
18;739
18;740
18;741
18;742
18;743
18;744
18;745
18;746
18;747
18;748
18;749
18;750
18;751
18;752
18;753
18;754
18;755
18;756
18;757
18;758
18;759
18;760
18;761
18;762
18;763
18;764
18;765
18;766
18;767
18;768
18;769
18;770
18;771
18;772
18;773
18;774
18;775
18;776
18;777
18;778
18;779
18;780
18;781
18;782
18;783
18;784
18;785
18;786
18;787
18;788
18;789
18;790
18;791
18;792
18;793
18;794
18;795
18;796
18;797
18;798
18;799
18;800
18;801
18;802
18;803
18;804
18;805
18;806
18;807
18;808
18;809
18;810
18;811
18;812
18;813
18;814
18;815
18;816
18;817
18;818
18;819
18;820
18;821
18;822
18;823
18;824
18;825
18;826
18;827
18;828
18;829
18;830
18;831
18;832
18;833
18;834
18;835
18;836
18;837
18;838
19;116
19;117
19;118
19;119
19;120
19;121
19;122
19;123
19;124
19;125
19;126
19;127
19;128
19;129
19;130
19;131
19;132
19;133
19;134
19;135
19;136
19;137
19;138
19;139
19;140
19;141
19;142
19;143
19;144
19;145
19;146
19;147
19;148
19;149
19;150
19;151
19;152
19;153
19;154
19;155
19;156
19;157
19;158
19;159
19;160
19;161
19;162
19;163
19;164
19;165
19;166
19;167
19;168
19;169
19;170
19;171
19;172
19;173
19;174
19;175
19;176
19;177
19;178
19;179
19;180
19;181
19;182
19;183
19;184
19;185
19;186
19;187
19;188
19;189
19;190
19;191
19;192
19;193
19;194
19;195
19;196
19;197
19;198
19;199
19;200
19;201
19;202
19;203
19;204
19;205
19;206
19;207
19;208
19;209
19;210
19;211
19;212
19;213
19;214
19;215
19;216
19;217
19;218
19;219
19;220
19;221
19;222
19;223
19;224
19;225
19;226
19;227
19;228
19;229
19;230
19;231
19;232
19;233
19;234
19;235
19;236
19;237
19;238
19;239
19;240
19;241
19;242
19;243
19;244
19;245
19;246
19;247
19;248
19;249
19;250
19;251
19;252
19;253
19;254
19;255
19;256
19;257
19;258
19;259
19;260
19;261
19;262
19;263
19;264
19;265
19;266
19;267
19;268
19;269
19;270
19;271
19;272
19;273
19;274
19;275
19;276
19;277
19;278
19;279
19;280
19;281
19;282
19;283
19;284
19;285
19;286
19;287
19;288
19;289
19;290
19;291
19;292
19;293
19;294
19;295
19;296
19;297
19;298
19;299
19;300
19;301
19;302
19;303
19;304
19;305
19;306
19;307
19;308
19;309
19;310
19;311
19;312
19;313
19;314
19;315
19;316
19;317
19;318
19;319
19;665
19;666
19;667
19;668
19;669
19;670
19;671
19;672
19;673
19;674
19;675
19;676
19;677
19;678
19;679
19;680
19;681
19;682
19;683
19;684
19;685
19;686
19;687
19;688
19;689
19;690
19;691
19;692
19;693
19;694
19;695
19;696
19;697
19;698
19;699
19;700
19;701
19;702
19;703
19;704
19;705
19;706
19;707
19;708
19;709
19;710
19;711
19;712
19;713
19;714
19;715
19;716
19;717
19;718
19;719
19;720
19;721
19;722
19;723
19;724
19;725
19;726
19;727
19;728
19;729
19;730
19;731
19;732
19;733
19;734
19;735
19;736
19;737
19;738
19;739
19;740
19;741
19;742
19;743
19;744
19;745
19;746
19;747
19;748
19;749
19;750
19;751
19;752
19;753
19;754
19;755
19;756
19;757
19;758
19;759
19;760
19;761
19;762
19;763
19;764
19;765
19;766
19;767
19;768
19;769
19;770
19;771
19;772
19;773
19;774
19;775
19;776
19;777
19;778
19;779
19;780
19;781
19;782
19;783
19;784
19;785
19;786
19;787
19;788
19;789
19;790
19;791
19;792
19;793
19;794
19;795
19;796
19;797
19;798
19;799
19;800
19;801
19;802
19;803
19;804
19;805
19;806
19;807
19;808
19;809
19;810
19;811
19;812
19;813
19;814
19;815
19;816
19;817
19;818
19;819
19;820
19;821
19;822
19;823
19;824
19;825
19;826
19;827
19;828
19;829
19;830
19;831
19;832
19;833
19;834
19;835
19;836
19;837
19;838
20;116
20;117
20;118
20;119
20;120
20;121
20;122
20;123
20;124
20;125
20;126
20;127
20;128
20;129
20;130
20;131
20;132
20;133
20;134
20;135
20;136
20;137
20;138
20;139
20;140
20;141
20;142
20;143
20;144
20;145
20;146
20;147
20;148
20;149
20;150
20;151
20;152
20;153
20;154
20;155
20;156
20;157
20;158
20;159
20;160
20;161
20;162
20;163
20;164
20;165
20;166
20;167
20;168
20;169
20;170
20;171
20;172
20;173
20;174
20;175
20;176
20;177
20;178
20;179
20;180
20;181
20;182
20;183
20;184
20;185
20;186
20;187
20;188
20;189
20;190
20;191
20;192
20;193
20;194
20;195
20;196
20;197
20;198
20;199
20;200
20;201
20;202
20;203
20;204
20;205
20;206
20;207
20;208
20;209
20;210
20;211
20;212
20;213
20;214
20;215
20;216
20;217
20;218
20;219
20;220
20;221
20;222
20;223
20;224
20;225
20;226
20;227
20;228
20;229
20;230
20;231
20;232
20;233
20;234
20;235
20;236
20;237
20;238
20;239
20;240
20;241
20;242
20;243
20;244
20;245
20;246
20;247
20;248
20;249
20;250
20;251
20;252
20;253
20;254
20;255
20;256
20;257
20;258
20;259
20;260
20;261
20;262
20;263
20;264
20;265
20;266
20;267
20;268
20;269
20;270
20;271
20;272
20;273
20;274
20;275
20;276
20;277
20;278
20;279
20;280
20;281
20;282
20;283
20;284
20;285
20;286
20;287
20;288
20;289
20;290
20;291
20;292
20;293
20;294
20;295
20;296
20;297
20;298
20;299
20;300
20;301
20;302
20;303
20;304
20;305
20;306
20;307
20;308
20;309
20;310
20;311
20;312
20;313
20;314
20;315
20;316
20;317
20;318
20;319
20;320
20;665
20;666
20;667
20;668
20;669
20;670
20;671
20;672
20;673
20;674
20;675
20;676
20;677
20;678
20;679
20;680
20;681
20;682
20;683
20;684
20;685
20;686
20;687
20;688
20;689
20;690
20;691
20;692
20;693
20;694
20;695
20;696
20;697
20;698
20;699
20;700
20;701
20;702
20;703
20;704
20;705
20;706
20;707
20;708
20;709
20;710
20;711
20;712
20;713
20;714
20;715
20;716
20;717
20;718
20;719
20;720
20;721
20;722
20;723
20;724
20;725
20;726
20;727
20;728
20;729
20;730
20;731
20;732
20;733
20;734
20;735
20;736
20;737
20;738
20;739
20;740
20;741
20;742
20;743
20;744
20;745
20;746
20;747
20;748
20;749
20;750
20;751
20;752
20;753
20;754
20;755
20;756
20;757
20;758
20;759
20;760
20;761
20;762
20;763
20;764
20;765
20;766
20;767
20;768
20;769
20;770
20;771
20;772
20;773
20;774
20;775
20;776
20;777
20;778
20;779
20;780
20;781
20;782
20;783
20;784
20;785
20;786
20;787
20;788
20;789
20;790
20;791
20;792
20;793
20;794
20;795
20;796
20;797
20;798
20;799
20;800
20;801
20;802
20;803
20;804
20;805
20;806
20;807
20;808
20;809
20;810
20;811
20;812
20;813
20;814
20;815
20;816
20;817
20;818
20;819
20;820
20;821
20;822
20;823
20;824
20;825
20;826
20;827
20;828
20;829
20;830
20;831
20;832
20;833
20;834
20;835
20;836
20;837
21;115
21;116
21;117
21;118
21;119
21;120
21;121
21;122
21;123
21;124
21;125
21;126
21;127
21;128
21;129
21;130
21;131
21;132
21;133
21;134
21;135
21;136
21;137
21;138
21;139
21;140
21;141
21;142
21;143
21;144
21;145
21;146
21;147
21;148
21;149
21;150
21;151
21;152
21;153
21;154
21;155
21;156
21;157
21;158
21;159
21;160
21;161
21;162
21;163
21;164
21;165
21;166
21;167
21;168
21;169
21;170
21;171
21;172
21;173
21;174
21;175
21;176
21;177
21;178
21;179
21;180
21;181
21;182
21;183
21;184
21;185
21;186
21;187
21;188
21;189
21;190
21;191
21;192
21;193
21;194
21;195
21;196
21;197
21;198
21;199
21;200
21;201
21;202
21;203
21;204
21;205
21;206
21;207
21;208
21;209
21;210
21;211
21;212
21;213
21;214
21;215
21;216
21;217
21;218
21;219
21;220
21;221
21;222
21;223
21;224
21;225
21;226
21;227
21;228
21;229
21;230
21;231
21;232
21;233
21;234
21;235
21;236
21;237
21;238
21;239
21;240
21;241
21;242
21;243
21;244
21;245
21;246
21;247
21;248
21;249
21;250
21;251
21;252
21;253
21;254
21;255
21;256
21;257
21;258
21;259
21;260
21;261
21;262
21;263
21;264
21;265
21;266
21;267
21;268
21;269
21;270
21;271
21;272
21;273
21;274
21;275
21;276
21;277
21;278
21;279
21;280
21;281
21;282
21;283
21;284
21;285
21;286
21;287
21;288
21;289
21;290
21;291
21;292
21;293
21;294
21;295
21;296
21;297
21;298
21;299
21;300
21;301
21;302
21;303
21;304
21;305
21;306
21;307
21;308
21;309
21;310
21;311
21;312
21;313
21;314
21;315
21;316
21;317
21;318
21;319
21;320
21;665
21;666
21;667
21;668
21;669
21;670
21;671
21;672
21;673
21;674
21;675
21;676
21;677
21;678
21;679
21;680
21;681
21;682
21;683
21;684
21;685
21;686
21;687
21;688
21;689
21;690
21;691
21;692
21;693
21;694
21;695
21;696
21;697
21;698
21;699
21;700
21;701
21;702
21;703
21;704
21;705
21;706
21;707
21;708
21;709
21;710
21;711
21;712
21;713
21;714
21;715
21;716
21;717
21;718
21;719
21;720
21;721
21;722
21;723
21;724
21;725
21;726
21;727
21;728
21;729
21;730
21;731
21;732
21;733
21;734
21;735
21;736
21;737
21;738
21;739
21;740
21;741
21;742
21;743
21;744
21;745
21;746
21;747
21;748
21;749
21;750
21;751
21;752
21;753
21;754
21;755
21;756
21;757
21;758
21;759
21;760
21;761
21;762
21;763
21;764
21;765
21;766
21;767
21;768
21;769
21;770
21;771
21;772
21;773
21;774
21;775
21;776
21;777
21;778
21;779
21;780
21;781
21;782
21;783
21;784
21;785
21;786
21;787
21;788
21;789
21;790
21;791
21;792
21;793
21;794
21;795
21;796
21;797
21;798
21;799
21;800
21;801
21;802
21;803
21;804
21;805
21;806
21;807
21;808
21;809
21;810
21;811
21;812
21;813
21;814
21;815
21;816
21;817
21;818
21;819
21;820
21;821
21;822
21;823
21;824
21;825
21;826
21;827
21;828
21;829
21;830
21;831
21;832
21;833
21;834
21;835
21;836
22;115
22;116
22;117
22;118
22;119
22;120
22;121
22;122
22;123
22;124
22;125
22;126
22;127
22;128
22;129
22;130
22;131
22;132
22;133
22;134
22;135
22;136
22;137
22;138
22;139
22;140
22;141
22;142
22;143
22;144
22;145
22;146
22;147
22;148
22;149
22;150
22;151
22;152
22;153
22;154
22;155
22;156
22;157
22;158
22;159
22;160
22;161
22;162
22;163
22;164
22;165
22;166
22;167
22;168
22;169
22;170
22;171
22;172
22;173
22;174
22;175
22;176
22;177
22;178
22;179
22;180
22;181
22;182
22;183
22;184
22;185
22;186
22;187
22;188
22;189
22;190
22;191
22;192
22;193
22;194
22;195
22;196
22;197
22;198
22;199
22;200
22;201
22;202
22;203
22;204
22;205
22;206
22;207
22;208
22;209
22;210
22;211
22;212
22;213
22;214
22;215
22;216
22;217
22;218
22;219
22;220
22;221
22;222
22;223
22;224
22;225
22;226
22;227
22;228
22;229
22;230
22;231
22;232
22;233
22;234
22;235
22;236
22;237
22;238
22;239
22;240
22;241
22;242
22;243
22;244
22;245
22;246
22;247
22;248
22;249
22;250
22;251
22;252
22;253
22;254
22;255
22;256
22;257
22;258
22;259
22;260
22;261
22;262
22;263
22;264
22;265
22;266
22;267
22;268
22;269
22;270
22;271
22;272
22;273
22;274
22;275
22;276
22;277
22;278
22;279
22;280
22;281
22;282
22;283
22;284
22;285
22;286
22;287
22;288
22;289
22;290
22;291
22;292
22;293
22;294
22;295
22;296
22;297
22;298
22;299
22;300
22;301
22;302
22;303
22;304
22;305
22;306
22;307
22;308
22;309
22;310
22;311
22;312
22;313
22;314
22;315
22;316
22;317
22;318
22;319
22;320
22;666
22;667
22;668
22;669
22;670
22;671
22;672
22;673
22;674
22;675
22;676
22;677
22;678
22;679
22;680
22;681
22;682
22;683
22;684
22;685
22;686
22;687
22;688
22;689
22;690
22;691
22;692
22;693
22;694
22;695
22;696
22;697
22;698
22;699
22;700
22;701
22;702
22;703
22;704
22;705
22;706
22;707
22;708
22;709
22;710
22;711
22;712
22;713
22;714
22;715
22;716
22;717
22;718
22;719
22;720
22;721
22;722
22;723
22;724
22;725
22;726
22;727
22;728
22;729
22;730
22;731
22;732
22;733
22;734
22;735
22;736
22;737
22;738
22;739
22;740
22;741
22;742
22;743
22;744
22;745
22;746
22;747
22;748
22;749
22;750
22;751
22;752
22;753
22;754
22;755
22;756
22;757
22;758
22;759
22;760
22;761
22;762
22;763
22;764
22;765
22;766
22;767
22;768
22;769
22;770
22;771
22;772
22;773
22;774
22;775
22;776
22;777
22;778
22;779
22;780
22;781
22;782
22;783
22;784
22;785
22;786
22;787
22;788
22;789
22;790
22;791
22;792
22;793
22;794
22;795
22;796
22;797
22;798
22;799
22;800
22;801
22;802
22;803
22;804
22;805
22;806
22;807
22;808
22;809
22;810
22;811
22;812
22;813
22;814
22;815
22;816
22;817
22;818
22;819
22;820
22;821
22;822
22;823
22;824
22;825
22;826
22;827
22;828
22;829
22;830
22;831
22;832
22;833
22;834
22;835
22;836
23;115
23;116
23;117
23;118
23;119
23;120
23;121
23;122
23;123
23;124
23;125
23;126
23;127
23;128
23;129
23;130
23;131
23;132
23;133
23;134
23;135
23;136
23;137
23;138
23;139
23;140
23;141
23;142
23;143
23;144
23;145
23;146
23;147
23;148
23;149
23;150
23;151
23;152
23;153
23;154
23;155
23;156
23;157
23;158
23;159
23;160
23;161
23;162
23;163
23;164
23;165
23;166
23;167
23;168
23;169
23;170
23;171
23;172
23;173
23;174
23;175
23;176
23;177
23;178
23;179
23;180
23;181
23;182
23;183
23;184
23;185
23;186
23;187
23;188
23;189
23;190
23;191
23;192
23;193
23;194
23;195
23;196
23;197
23;198
23;199
23;200
23;201
23;202
23;203
23;204
23;205
23;206
23;207
23;208
23;209
23;210
23;211
23;212
23;213
23;214
23;215
23;216
23;217
23;218
23;219
23;220
23;221
23;222
23;223
23;224
23;225
23;226
23;227
23;228
23;229
23;230
23;231
23;232
23;233
23;234
23;235
23;236
23;237
23;238
23;239
23;240
23;241
23;242
23;243
23;244
23;245
23;246
23;247
23;248
23;249
23;250
23;251
23;252
23;253
23;254
23;255
23;256
23;257
23;258
23;259
23;260
23;261
23;262
23;263
23;264
23;265
23;266
23;267
23;268
23;269
23;270
23;271
23;272
23;273
23;274
23;275
23;276
23;277
23;278
23;279
23;280
23;281
23;282
23;283
23;284
23;285
23;286
23;287
23;288
23;289
23;290
23;291
23;292
23;293
23;294
23;295
23;296
23;297
23;298
23;299
23;300
23;301
23;302
23;303
23;304
23;305
23;306
23;307
23;308
23;309
23;310
23;311
23;312
23;313
23;314
23;315
23;316
23;317
23;318
23;319
23;320
23;666
23;667
23;668
23;669
23;670
23;671
23;672
23;673
23;674
23;675
23;676
23;677
23;678
23;679
23;680
23;681
23;682
23;683
23;684
23;685
23;686
23;687
23;688
23;689
23;690
23;691
23;692
23;693
23;694
23;695
23;696
23;697
23;698
23;699
23;700
23;701
23;702
23;703
23;704
23;705
23;706
23;707
23;708
23;709
23;710
23;711
23;712
23;713
23;714
23;715
23;716
23;717
23;718
23;719
23;720
23;721
23;722
23;723
23;724
23;725
23;726
23;727
23;728
23;729
23;730
23;731
23;732
23;733
23;734
23;735
23;736
23;737
23;738
23;739
23;740
23;741
23;742
23;743
23;744
23;745
23;746
23;747
23;748
23;749
23;750
23;751
23;752
23;753
23;754
23;755
23;756
23;757
23;758
23;759
23;760
23;761
23;762
23;763
23;764
23;765
23;766
23;767
23;768
23;769
23;770
23;771
23;772
23;773
23;774
23;775
23;776
23;777
23;778
23;779
23;780
23;781
23;782
23;783
23;784
23;785
23;786
23;787
23;788
23;789
23;790
23;791
23;792
23;793
23;794
23;795
23;796
23;797
23;798
23;799
23;800
23;801
23;802
23;803
23;804
23;805
23;806
23;807
23;808
23;809
23;810
23;811
23;812
23;813
23;814
23;815
23;816
23;817
23;818
23;819
23;820
23;821
23;822
23;823
23;824
23;825
23;826
23;827
23;828
23;829
23;830
23;831
23;832
23;833
23;834
23;835
23;836
24;115
24;116
24;117
24;118
24;119
24;120
24;121
24;122
24;123
24;124
24;125
24;126
24;127
24;128
24;129
24;130
24;131
24;132
24;133
24;134
24;135
24;136
24;137
24;138
24;139
24;140
24;141
24;142
24;143
24;144
24;145
24;146
24;147
24;148
24;149
24;150
24;151
24;152
24;153
24;154
24;155
24;156
24;157
24;158
24;159
24;160
24;161
24;162
24;163
24;164
24;165
24;166
24;167
24;168
24;169
24;170
24;171
24;172
24;173
24;174
24;175
24;176
24;177
24;178
24;179
24;180
24;181
24;182
24;183
24;184
24;185
24;186
24;187
24;188
24;189
24;190
24;191
24;192
24;193
24;194
24;195
24;196
24;197
24;198
24;199
24;200
24;201
24;202
24;203
24;204
24;205
24;206
24;207
24;208
24;209
24;210
24;211
24;212
24;213
24;214
24;215
24;216
24;217
24;218
24;219
24;220
24;221
24;222
24;223
24;224
24;225
24;226
24;227
24;228
24;229
24;230
24;231
24;232
24;233
24;234
24;235
24;236
24;237
24;238
24;239
24;240
24;241
24;242
24;243
24;244
24;245
24;246
24;247
24;248
24;249
24;250
24;251
24;252
24;253
24;254
24;255
24;256
24;257
24;258
24;259
24;260
24;261
24;262
24;263
24;264
24;265
24;266
24;267
24;268
24;269
24;270
24;271
24;272
24;273
24;274
24;275
24;276
24;277
24;278
24;279
24;280
24;281
24;282
24;283
24;284
24;285
24;286
24;287
24;288
24;289
24;290
24;291
24;292
24;293
24;294
24;295
24;296
24;297
24;298
24;299
24;300
24;301
24;302
24;303
24;304
24;305
24;306
24;307
24;308
24;309
24;310
24;311
24;312
24;313
24;314
24;315
24;316
24;317
24;318
24;319
24;320
24;666
24;667
24;668
24;669
24;670
24;671
24;672
24;673
24;674
24;675
24;676
24;677
24;678
24;679
24;680
24;681
24;682
24;683
24;684
24;685
24;686
24;687
24;688
24;689
24;690
24;691
24;692
24;693
24;694
24;695
24;696
24;697
24;698
24;699
24;700
24;701
24;702
24;703
24;704
24;705
24;706
24;707
24;708
24;709
24;710
24;711
24;712
24;713
24;714
24;715
24;716
24;717
24;718
24;719
24;720
24;721
24;722
24;723
24;724
24;725
24;726
24;727
24;728
24;729
24;730
24;731
24;732
24;733
24;734
24;735
24;736
24;737
24;738
24;739
24;740
24;741
24;742
24;743
24;744
24;745
24;746
24;747
24;748
24;749
24;750
24;751
24;752
24;753
24;754
24;755
24;756
24;757
24;758
24;759
24;760
24;761
24;762
24;763
24;764
24;765
24;766
24;767
24;768
24;769
24;770
24;771
24;772
24;773
24;774
24;775
24;776
24;777
24;778
24;779
24;780
24;781
24;782
24;783
24;784
24;785
24;786
24;787
24;788
24;789
24;790
24;791
24;792
24;793
24;794
24;795
24;796
24;797
24;798
24;799
24;800
24;801
24;802
24;803
24;804
24;805
24;806
24;807
24;808
24;809
24;810
24;811
24;812
24;813
24;814
24;815
24;816
24;817
24;818
24;819
24;820
24;821
24;822
24;823
24;824
24;825
24;826
24;827
24;828
24;829
24;830
24;831
24;832
24;833
24;834
24;835
25;115
25;116
25;117
25;118
25;119
25;120
25;121
25;122
25;123
25;124
25;125
25;126
25;127
25;128
25;129
25;130
25;131
25;132
25;133
25;134
25;135
25;136
25;137
25;138
25;139
25;140
25;141
25;142
25;143
25;144
25;145
25;146
25;147
25;148
25;149
25;150
25;151
25;152
25;153
25;154
25;155
25;156
25;157
25;158
25;159
25;160
25;161
25;162
25;163
25;164
25;165
25;166
25;167
25;168
25;169
25;170
25;171
25;172
25;173
25;174
25;175
25;176
25;177
25;178
25;179
25;180
25;181
25;182
25;183
25;184
25;185
25;186
25;187
25;188
25;189
25;190
25;191
25;192
25;193
25;194
25;195
25;196
25;197
25;198
25;199
25;200
25;201
25;202
25;203
25;204
25;205
25;206
25;207
25;208
25;209
25;210
25;211
25;212
25;213
25;214
25;215
25;216
25;217
25;218
25;219
25;220
25;221
25;222
25;223
25;224
25;225
25;226
25;227
25;228
25;229
25;230
25;231
25;232
25;233
25;234
25;235
25;236
25;237
25;238
25;239
25;240
25;241
25;242
25;243
25;244
25;245
25;246
25;247
25;248
25;249
25;250
25;251
25;252
25;253
25;254
25;255
25;256
25;257
25;258
25;259
25;260
25;261
25;262
25;263
25;264
25;265
25;266
25;267
25;268
25;269
25;270
25;271
25;272
25;273
25;274
25;275
25;276
25;277
25;278
25;279
25;280
25;281
25;282
25;283
25;284
25;285
25;286
25;287
25;288
25;289
25;290
25;291
25;292
25;293
25;294
25;295
25;296
25;297
25;298
25;299
25;300
25;301
25;302
25;303
25;304
25;305
25;306
25;307
25;308
25;309
25;310
25;311
25;312
25;313
25;314
25;315
25;316
25;317
25;318
25;319
25;320
25;666
25;667
25;668
25;669
25;670
25;671
25;672
25;673
25;674
25;675
25;676
25;677
25;678
25;679
25;680
25;681
25;682
25;683
25;684
25;685
25;686
25;687
25;688
25;689
25;690
25;691
25;692
25;693
25;694
25;695
25;696
25;697
25;698
25;699
25;700
25;701
25;702
25;703
25;704
25;705
25;706
25;707
25;708
25;709
25;710
25;711
25;712
25;713
25;714
25;715
25;716
25;717
25;718
25;719
25;720
25;721
25;722
25;723
25;724
25;725
25;726
25;727
25;728
25;729
25;730
25;731
25;732
25;733
25;734
25;735
25;736
25;737
25;738
25;739
25;740
25;741
25;742
25;743
25;744
25;745
25;746
25;747
25;748
25;749
25;750
25;751
25;752
25;753
25;754
25;755
25;756
25;757
25;758
25;759
25;760
25;761
25;762
25;763
25;764
25;765
25;766
25;767
25;768
25;769
25;770
25;771
25;772
25;773
25;774
25;775
25;776
25;777
25;778
25;779
25;780
25;781
25;782
25;783
25;784
25;785
25;786
25;787
25;788
25;789
25;790
25;791
25;792
25;793
25;794
25;795
25;796
25;797
25;798
25;799
25;800
25;801
25;802
25;803
25;804
25;805
25;806
25;807
25;808
25;809
25;810
25;811
25;812
25;813
25;814
25;815
25;816
25;817
25;818
25;819
25;820
25;821
25;822
25;823
25;824
25;825
25;826
25;827
25;828
25;829
25;830
25;831
25;832
25;833
25;834
25;835
26;115
26;116
26;117
26;118
26;119
26;120
26;121
26;122
26;123
26;124
26;125
26;126
26;127
26;128
26;129
26;130
26;131
26;132
26;133
26;134
26;135
26;136
26;137
26;138
26;139
26;140
26;141
26;142
26;143
26;144
26;145
26;146
26;147
26;148
26;149
26;150
26;151
26;152
26;153
26;154
26;155
26;156
26;157
26;158
26;159
26;160
26;161
26;162
26;163
26;164
26;165
26;166
26;167
26;168
26;169
26;170
26;171
26;172
26;173
26;174
26;175
26;176
26;177
26;178
26;179
26;180
26;181
26;182
26;183
26;184
26;185
26;186
26;187
26;188
26;189
26;190
26;191
26;192
26;193
26;194
26;195
26;196
26;197
26;198
26;199
26;200
26;201
26;202
26;203
26;204
26;205
26;206
26;207
26;208
26;209
26;210
26;211
26;212
26;213
26;214
26;215
26;216
26;217
26;218
26;219
26;220
26;221
26;222
26;223
26;224
26;225
26;226
26;227
26;228
26;229
26;230
26;231
26;232
26;233
26;234
26;235
26;236
26;237
26;238
26;239
26;240
26;241
26;242
26;243
26;244
26;245
26;246
26;247
26;248
26;249
26;250
26;251
26;252
26;253
26;254
26;255
26;256
26;257
26;258
26;259
26;260
26;261
26;262
26;263
26;264
26;265
26;266
26;267
26;268
26;269
26;270
26;271
26;272
26;273
26;274
26;275
26;276
26;277
26;278
26;279
26;280
26;281
26;282
26;283
26;284
26;285
26;286
26;287
26;288
26;289
26;290
26;291
26;292
26;293
26;294
26;295
26;296
26;297
26;298
26;299
26;300
26;301
26;302
26;303
26;304
26;305
26;306
26;307
26;308
26;309
26;310
26;311
26;312
26;313
26;314
26;315
26;316
26;317
26;318
26;319
26;320
26;667
26;668
26;669
26;670
26;671
26;672
26;673
26;674
26;675
26;676
26;677
26;678
26;679
26;680
26;681
26;682
26;683
26;684
26;685
26;686
26;687
26;688
26;689
26;690
26;691
26;692
26;693
26;694
26;695
26;696
26;697
26;698
26;699
26;700
26;701
26;702
26;703
26;704
26;705
26;706
26;707
26;708
26;709
26;710
26;711
26;712
26;713
26;714
26;715
26;716
26;717
26;718
26;719
26;720
26;721
26;722
26;723
26;724
26;725
26;726
26;727
26;728
26;729
26;730
26;731
26;732
26;733
26;734
26;735
26;736
26;737
26;738
26;739
26;740
26;741
26;742
26;743
26;744
26;745
26;746
26;747
26;748
26;749
26;750
26;751
26;752
26;753
26;754
26;755
26;756
26;757
26;758
26;759
26;760
26;761
26;762
26;763
26;764
26;765
26;766
26;767
26;768
26;769
26;770
26;771
26;772
26;773
26;774
26;775
26;776
26;777
26;778
26;779
26;780
26;781
26;782
26;783
26;784
26;785
26;786
26;787
26;788
26;789
26;790
26;791
26;792
26;793
26;794
26;795
26;796
26;797
26;798
26;799
26;800
26;801
26;802
26;803
26;804
26;805
26;806
26;807
26;808
26;809
26;810
26;811
26;812
26;813
26;814
26;815
26;816
26;817
26;818
26;819
26;820
26;821
26;822
26;823
26;824
26;825
26;826
26;827
26;828
26;829
26;830
26;831
26;832
26;833
26;834
27;115
27;116
27;117
27;118
27;119
27;120
27;121
27;122
27;123
27;124
27;125
27;126
27;127
27;128
27;129
27;130
27;131
27;132
27;133
27;134
27;135
27;136
27;137
27;138
27;139
27;140
27;141
27;142
27;143
27;144
27;145
27;146
27;147
27;148
27;149
27;150
27;151
27;152
27;153
27;154
27;155
27;156
27;157
27;158
27;159
27;160
27;161
27;162
27;163
27;164
27;165
27;166
27;167
27;168
27;169
27;170
27;171
27;172
27;173
27;174
27;175
27;176
27;177
27;178
27;179
27;180
27;181
27;182
27;183
27;184
27;185
27;186
27;187
27;188
27;189
27;190
27;191
27;192
27;193
27;194
27;195
27;196
27;197
27;198
27;199
27;200
27;201
27;202
27;203
27;204
27;205
27;206
27;207
27;208
27;209
27;210
27;211
27;212
27;213
27;214
27;215
27;216
27;217
27;218
27;219
27;220
27;221
27;222
27;223
27;224
27;225
27;226
27;227
27;228
27;229
27;230
27;231
27;232
27;233
27;234
27;235
27;236
27;237
27;238
27;239
27;240
27;241
27;242
27;243
27;244
27;245
27;246
27;247
27;248
27;249
27;250
27;251
27;252
27;253
27;254
27;255
27;256
27;257
27;258
27;259
27;260
27;261
27;262
27;263
27;264
27;265
27;266
27;267
27;268
27;269
27;270
27;271
27;272
27;273
27;274
27;275
27;276
27;277
27;278
27;279
27;280
27;281
27;282
27;283
27;284
27;285
27;286
27;287
27;288
27;289
27;290
27;291
27;292
27;293
27;294
27;295
27;296
27;297
27;298
27;299
27;300
27;301
27;302
27;303
27;304
27;305
27;306
27;307
27;308
27;309
27;310
27;311
27;312
27;313
27;314
27;315
27;316
27;317
27;318
27;319
27;320
27;667
27;668
27;669
27;670
27;671
27;672
27;673
27;674
27;675
27;676
27;677
27;678
27;679
27;680
27;681
27;682
27;683
27;684
27;685
27;686
27;687
27;688
27;689
27;690
27;691
27;692
27;693
27;694
27;695
27;696
27;697
27;698
27;699
27;700
27;701
27;702
27;703
27;704
27;705
27;706
27;707
27;708
27;709
27;710
27;711
27;712
27;713
27;714
27;715
27;716
27;717
27;718
27;719
27;720
27;721
27;722
27;723
27;724
27;725
27;726
27;727
27;728
27;729
27;730
27;731
27;732
27;733
27;734
27;735
27;736
27;737
27;738
27;739
27;740
27;741
27;742
27;743
27;744
27;745
27;746
27;747
27;748
27;749
27;750
27;751
27;752
27;753
27;754
27;755
27;756
27;757
27;758
27;759
27;760
27;761
27;762
27;763
27;764
27;765
27;766
27;767
27;768
27;769
27;770
27;771
27;772
27;773
27;774
27;775
27;776
27;777
27;778
27;779
27;780
27;781
27;782
27;783
27;784
27;785
27;786
27;787
27;788
27;789
27;790
27;791
27;792
27;793
27;794
27;795
27;796
27;797
27;798
27;799
27;800
27;801
27;802
27;803
27;804
27;805
27;806
27;807
27;808
27;809
27;810
27;811
27;812
27;813
27;814
27;815
27;816
27;817
27;818
27;819
27;820
27;821
27;822
27;823
27;824
27;825
27;826
27;827
27;828
27;829
27;830
27;831
27;832
27;833
27;834
28;115
28;116
28;117
28;118
28;119
28;120
28;121
28;122
28;123
28;124
28;125
28;126
28;127
28;128
28;129
28;130
28;131
28;132
28;133
28;134
28;135
28;136
28;137
28;138
28;139
28;140
28;141
28;142
28;143
28;144
28;145
28;146
28;147
28;148
28;149
28;150
28;151
28;152
28;153
28;154
28;155
28;156
28;157
28;158
28;159
28;160
28;161
28;162
28;163
28;164
28;165
28;166
28;167
28;168
28;169
28;170
28;171
28;172
28;173
28;174
28;175
28;176
28;177
28;178
28;179
28;180
28;181
28;182
28;183
28;184
28;185
28;186
28;187
28;188
28;189
28;190
28;191
28;192
28;193
28;194
28;195
28;196
28;197
28;198
28;199
28;200
28;201
28;202
28;203
28;204
28;205
28;206
28;207
28;208
28;209
28;210
28;211
28;212
28;213
28;214
28;215
28;216
28;217
28;218
28;219
28;220
28;221
28;222
28;223
28;224
28;225
28;226
28;227
28;228
28;229
28;230
28;231
28;232
28;233
28;234
28;235
28;236
28;237
28;238
28;239
28;240
28;241
28;242
28;243
28;244
28;245
28;246
28;247
28;248
28;249
28;250
28;251
28;252
28;253
28;254
28;255
28;256
28;257
28;258
28;259
28;260
28;261
28;262
28;263
28;264
28;265
28;266
28;267
28;268
28;269
28;270
28;271
28;272
28;273
28;274
28;275
28;276
28;277
28;278
28;279
28;280
28;281
28;282
28;283
28;284
28;285
28;286
28;287
28;288
28;289
28;290
28;291
28;292
28;293
28;294
28;295
28;296
28;297
28;298
28;299
28;300
28;301
28;302
28;303
28;304
28;305
28;306
28;307
28;308
28;309
28;310
28;311
28;312
28;313
28;314
28;315
28;316
28;317
28;318
28;319
28;320
28;321
28;668
28;669
28;670
28;671
28;672
28;673
28;674
28;675
28;676
28;677
28;678
28;679
28;680
28;681
28;682
28;683
28;684
28;685
28;686
28;687
28;688
28;689
28;690
28;691
28;692
28;693
28;694
28;695
28;696
28;697
28;698
28;699
28;700
28;701
28;702
28;703
28;704
28;705
28;706
28;707
28;708
28;709
28;710
28;711
28;712
28;713
28;714
28;715
28;716
28;717
28;718
28;719
28;720
28;721
28;722
28;723
28;724
28;725
28;726
28;727
28;728
28;729
28;730
28;731
28;732
28;733
28;734
28;735
28;736
28;737
28;738
28;739
28;740
28;741
28;742
28;743
28;744
28;745
28;746
28;747
28;748
28;749
28;750
28;751
28;752
28;753
28;754
28;755
28;756
28;757
28;758
28;759
28;760
28;761
28;762
28;763
28;764
28;765
28;766
28;767
28;768
28;769
28;770
28;771
28;772
28;773
28;774
28;775
28;776
28;777
28;778
28;779
28;780
28;781
28;782
28;783
28;784
28;785
28;786
28;787
28;788
28;789
28;790
28;791
28;792
28;793
28;794
28;795
28;796
28;797
28;798
28;799
28;800
28;801
28;802
28;803
28;804
28;805
28;806
28;807
28;808
28;809
28;810
28;811
28;812
28;813
28;814
28;815
28;816
28;817
28;818
28;819
28;820
28;821
28;822
28;823
28;824
28;825
28;826
28;827
28;828
28;829
28;830
28;831
28;832
28;833
28;834
29;115
29;116
29;117
29;118
29;119
29;120
29;121
29;122
29;123
29;124
29;125
29;126
29;127
29;128
29;129
29;130
29;131
29;132
29;133
29;134
29;135
29;136
29;137
29;138
29;139
29;140
29;141
29;142
29;143
29;144
29;145
29;146
29;147
29;148
29;149
29;150
29;151
29;152
29;153
29;154
29;155
29;156
29;157
29;158
29;159
29;160
29;161
29;162
29;163
29;164
29;165
29;166
29;167
29;168
29;169
29;170
29;171
29;172
29;173
29;174
29;175
29;176
29;177
29;178
29;179
29;180
29;181
29;182
29;183
29;184
29;185
29;186
29;187
29;188
29;189
29;190
29;191
29;192
29;193
29;194
29;195
29;196
29;197
29;198
29;199
29;200
29;201
29;202
29;203
29;204
29;205
29;206
29;207
29;208
29;209
29;210
29;211
29;212
29;213
29;214
29;215
29;216
29;217
29;218
29;219
29;220
29;221
29;222
29;223
29;224
29;225
29;226
29;227
29;228
29;229
29;230
29;231
29;232
29;233
29;234
29;235
29;236
29;237
29;238
29;239
29;240
29;241
29;242
29;243
29;244
29;245
29;246
29;247
29;248
29;249
29;250
29;251
29;252
29;253
29;254
29;255
29;256
29;257
29;258
29;259
29;260
29;261
29;262
29;263
29;264
29;265
29;266
29;267
29;268
29;269
29;270
29;271
29;272
29;273
29;274
29;275
29;276
29;277
29;278
29;279
29;280
29;281
29;282
29;283
29;284
29;285
29;286
29;287
29;288
29;289
29;290
29;291
29;292
29;293
29;294
29;295
29;296
29;297
29;298
29;299
29;300
29;301
29;302
29;303
29;304
29;305
29;306
29;307
29;308
29;309
29;310
29;311
29;312
29;313
29;314
29;315
29;316
29;317
29;318
29;319
29;320
29;321
29;668
29;669
29;670
29;671
29;672
29;673
29;674
29;675
29;676
29;677
29;678
29;679
29;680
29;681
29;682
29;683
29;684
29;685
29;686
29;687
29;688
29;689
29;690
29;691
29;692
29;693
29;694
29;695
29;696
29;697
29;698
29;699
29;700
29;701
29;702
29;703
29;704
29;705
29;706
29;707
29;708
29;709
29;710
29;711
29;712
29;713
29;714
29;715
29;716
29;717
29;718
29;719
29;720
29;721
29;722
29;723
29;724
29;725
29;726
29;727
29;728
29;729
29;730
29;731
29;732
29;733
29;734
29;735
29;736
29;737
29;738
29;739
29;740
29;741
29;742
29;743
29;744
29;745
29;746
29;747
29;748
29;749
29;750
29;751
29;752
29;753
29;754
29;755
29;756
29;757
29;758
29;759
29;760
29;761
29;762
29;763
29;764
29;765
29;766
29;767
29;768
29;769
29;770
29;771
29;772
29;773
29;774
29;775
29;776
29;777
29;778
29;779
29;780
29;781
29;782
29;783
29;784
29;785
29;786
29;787
29;788
29;789
29;790
29;791
29;792
29;793
29;794
29;795
29;796
29;797
29;798
29;799
29;800
29;801
29;802
29;803
29;804
29;805
29;806
29;807
29;808
29;809
29;810
29;811
29;812
29;813
29;814
29;815
29;816
29;817
29;818
29;819
29;820
29;821
29;822
29;823
29;824
29;825
29;826
29;827
29;828
29;829
29;830
29;831
29;832
29;833
30;114
30;115
30;116
30;117
30;118
30;119
30;120
30;121
30;122
30;123
30;124
30;125
30;126
30;127
30;128
30;129
30;130
30;131
30;132
30;133
30;134
30;135
30;136
30;137
30;138
30;139
30;140
30;141
30;142
30;143
30;144
30;145
30;146
30;147
30;148
30;149
30;150
30;151
30;152
30;153
30;154
30;155
30;156
30;157
30;158
30;159
30;160
30;161
30;162
30;163
30;164
30;165
30;166
30;167
30;168
30;169
30;170
30;171
30;172
30;173
30;174
30;175
30;176
30;177
30;178
30;179
30;180
30;181
30;182
30;183
30;184
30;185
30;186
30;187
30;188
30;189
30;190
30;191
30;192
30;193
30;194
30;195
30;196
30;197
30;198
30;199
30;200
30;201
30;202
30;203
30;204
30;205
30;206
30;207
30;208
30;209
30;210
30;211
30;212
30;213
30;214
30;215
30;216
30;217
30;218
30;219
30;220
30;221
30;222
30;223
30;224
30;225
30;226
30;227
30;228
30;229
30;230
30;231
30;232
30;233
30;234
30;235
30;236
30;237
30;238
30;239
30;240
30;241
30;242
30;243
30;244
30;245
30;246
30;247
30;248
30;249
30;250
30;251
30;252
30;253
30;254
30;255
30;256
30;257
30;258
30;259
30;260
30;261
30;262
30;263
30;264
30;265
30;266
30;267
30;268
30;269
30;270
30;271
30;272
30;273
30;274
30;275
30;276
30;277
30;278
30;279
30;280
30;281
30;282
30;283
30;284
30;285
30;286
30;287
30;288
30;289
30;290
30;291
30;292
30;293
30;294
30;295
30;296
30;297
30;298
30;299
30;300
30;301
30;302
30;303
30;304
30;305
30;306
30;307
30;308
30;309
30;310
30;311
30;312
30;313
30;314
30;315
30;316
30;317
30;318
30;319
30;320
30;321
30;668
30;669
30;670
30;671
30;672
30;673
30;674
30;675
30;676
30;677
30;678
30;679
30;680
30;681
30;682
30;683
30;684
30;685
30;686
30;687
30;688
30;689
30;690
30;691
30;692
30;693
30;694
30;695
30;696
30;697
30;698
30;699
30;700
30;701
30;702
30;703
30;704
30;705
30;706
30;707
30;708
30;709
30;710
30;711
30;712
30;713
30;714
30;715
30;716
30;717
30;718
30;719
30;720
30;721
30;722
30;723
30;724
30;725
30;726
30;727
30;728
30;729
30;730
30;731
30;732
30;733
30;734
30;735
30;736
30;737
30;738
30;739
30;740
30;741
30;742
30;743
30;744
30;745
30;746
30;747
30;748
30;749
30;750
30;751
30;752
30;753
30;754
30;755
30;756
30;757
30;758
30;759
30;760
30;761
30;762
30;763
30;764
30;765
30;766
30;767
30;768
30;769
30;770
30;771
30;772
30;773
30;774
30;775
30;776
30;777
30;778
30;779
30;780
30;781
30;782
30;783
30;784
30;785
30;786
30;787
30;788
30;789
30;790
30;791
30;792
30;793
30;794
30;795
30;796
30;797
30;798
30;799
30;800
30;801
30;802
30;803
30;804
30;805
30;806
30;807
30;808
30;809
30;810
30;811
30;812
30;813
30;814
30;815
30;816
30;817
30;818
30;819
30;820
30;821
30;822
30;823
30;824
30;825
30;826
30;827
30;828
30;829
30;830
30;831
30;832
30;833
31;114
31;115
31;116
31;117
31;118
31;119
31;120
31;121
31;122
31;123
31;124
31;125
31;126
31;127
31;128
31;129
31;130
31;131
31;132
31;133
31;134
31;135
31;136
31;137
31;138
31;139
31;140
31;141
31;142
31;143
31;144
31;145
31;146
31;147
31;148
31;149
31;150
31;151
31;152
31;153
31;154
31;155
31;156
31;157
31;158
31;159
31;160
31;161
31;162
31;163
31;164
31;165
31;166
31;167
31;168
31;169
31;170
31;171
31;172
31;173
31;174
31;175
31;176
31;177
31;178
31;179
31;180
31;181
31;182
31;183
31;184
31;185
31;186
31;187
31;188
31;189
31;190
31;191
31;192
31;193
31;194
31;195
31;196
31;197
31;198
31;199
31;200
31;201
31;202
31;203
31;204
31;205
31;206
31;207
31;208
31;209
31;210
31;211
31;212
31;213
31;214
31;215
31;216
31;217
31;218
31;219
31;220
31;221
31;222
31;223
31;224
31;225
31;226
31;227
31;228
31;229
31;230
31;231
31;232
31;233
31;234
31;235
31;236
31;237
31;238
31;239
31;240
31;241
31;242
31;243
31;244
31;245
31;246
31;247
31;248
31;249
31;250
31;251
31;252
31;253
31;254
31;255
31;256
31;257
31;258
31;259
31;260
31;261
31;262
31;263
31;264
31;265
31;266
31;267
31;268
31;269
31;270
31;271
31;272
31;273
31;274
31;275
31;276
31;277
31;278
31;279
31;280
31;281
31;282
31;283
31;284
31;285
31;286
31;287
31;288
31;289
31;290
31;291
31;292
31;293
31;294
31;295
31;296
31;297
31;298
31;299
31;300
31;301
31;302
31;303
31;304
31;305
31;306
31;307
31;308
31;309
31;310
31;311
31;312
31;313
31;314
31;315
31;316
31;317
31;318
31;319
31;320
31;321
31;669
31;670
31;671
31;672
31;673
31;674
31;675
31;676
31;677
31;678
31;679
31;680
31;681
31;682
31;683
31;684
31;685
31;686
31;687
31;688
31;689
31;690
31;691
31;692
31;693
31;694
31;695
31;696
31;697
31;698
31;699
31;700
31;701
31;702
31;703
31;704
31;705
31;706
31;707
31;708
31;709
31;710
31;711
31;712
31;713
31;714
31;715
31;716
31;717
31;718
31;719
31;720
31;721
31;722
31;723
31;724
31;725
31;726
31;727
31;728
31;729
31;730
31;731
31;732
31;733
31;734
31;735
31;736
31;737
31;738
31;739
31;740
31;741
31;742
31;743
31;744
31;745
31;746
31;747
31;748
31;749
31;750
31;751
31;752
31;753
31;754
31;755
31;756
31;757
31;758
31;759
31;760
31;761
31;762
31;763
31;764
31;765
31;766
31;767
31;768
31;769
31;770
31;771
31;772
31;773
31;774
31;775
31;776
31;777
31;778
31;779
31;780
31;781
31;782
31;783
31;784
31;785
31;786
31;787
31;788
31;789
31;790
31;791
31;792
31;793
31;794
31;795
31;796
31;797
31;798
31;799
31;800
31;801
31;802
31;803
31;804
31;805
31;806
31;807
31;808
31;809
31;810
31;811
31;812
31;813
31;814
31;815
31;816
31;817
31;818
31;819
31;820
31;821
31;822
31;823
31;824
31;825
31;826
31;827
31;828
31;829
31;830
31;831
31;832
32;114
32;115
32;116
32;117
32;118
32;119
32;120
32;121
32;122
32;123
32;124
32;125
32;126
32;127
32;128
32;129
32;130
32;131
32;132
32;133
32;134
32;135
32;136
32;137
32;138
32;139
32;140
32;141
32;142
32;143
32;144
32;145
32;146
32;147
32;148
32;149
32;150
32;151
32;152
32;153
32;154
32;155
32;156
32;157
32;158
32;159
32;160
32;161
32;162
32;163
32;164
32;165
32;166
32;167
32;168
32;169
32;170
32;171
32;172
32;173
32;174
32;175
32;176
32;177
32;178
32;179
32;180
32;181
32;182
32;183
32;184
32;185
32;186
32;187
32;188
32;189
32;190
32;191
32;192
32;193
32;194
32;195
32;196
32;197
32;198
32;199
32;200
32;201
32;202
32;203
32;204
32;205
32;206
32;207
32;208
32;209
32;210
32;211
32;212
32;213
32;214
32;215
32;216
32;217
32;218
32;219
32;220
32;221
32;222
32;223
32;224
32;225
32;226
32;227
32;228
32;229
32;230
32;231
32;232
32;233
32;234
32;235
32;236
32;237
32;238
32;239
32;240
32;241
32;242
32;243
32;244
32;245
32;246
32;247
32;248
32;249
32;250
32;251
32;252
32;253
32;254
32;255
32;256
32;257
32;258
32;259
32;260
32;261
32;262
32;263
32;264
32;265
32;266
32;267
32;268
32;269
32;270
32;271
32;272
32;273
32;274
32;275
32;276
32;277
32;278
32;279
32;280
32;281
32;282
32;283
32;284
32;285
32;286
32;287
32;288
32;289
32;290
32;291
32;292
32;293
32;294
32;295
32;296
32;297
32;298
32;299
32;300
32;301
32;302
32;303
32;304
32;305
32;306
32;307
32;308
32;309
32;310
32;311
32;312
32;313
32;314
32;315
32;316
32;317
32;318
32;319
32;320
32;321
32;669
32;670
32;671
32;672
32;673
32;674
32;675
32;676
32;677
32;678
32;679
32;680
32;681
32;682
32;683
32;684
32;685
32;686
32;687
32;688
32;689
32;690
32;691
32;692
32;693
32;694
32;695
32;696
32;697
32;698
32;699
32;700
32;701
32;702
32;703
32;704
32;705
32;706
32;707
32;708
32;709
32;710
32;711
32;712
32;713
32;714
32;715
32;716
32;717
32;718
32;719
32;720
32;721
32;722
32;723
32;724
32;725
32;726
32;727
32;728
32;729
32;730
32;731
32;732
32;733
32;734
32;735
32;736
32;737
32;738
32;739
32;740
32;741
32;742
32;743
32;744
32;745
32;746
32;747
32;748
32;749
32;750
32;751
32;752
32;753
32;754
32;755
32;756
32;757
32;758
32;759
32;760
32;761
32;762
32;763
32;764
32;765
32;766
32;767
32;768
32;769
32;770
32;771
32;772
32;773
32;774
32;775
32;776
32;777
32;778
32;779
32;780
32;781
32;782
32;783
32;784
32;785
32;786
32;787
32;788
32;789
32;790
32;791
32;792
32;793
32;794
32;795
32;796
32;797
32;798
32;799
32;800
32;801
32;802
32;803
32;804
32;805
32;806
32;807
32;808
32;809
32;810
32;811
32;812
32;813
32;814
32;815
32;816
32;817
32;818
32;819
32;820
32;821
32;822
32;823
32;824
32;825
32;826
32;827
32;828
32;829
32;830
32;831
32;832
33;114
33;115
33;116
33;117
33;118
33;119
33;120
33;121
33;122
33;123
33;124
33;125
33;126
33;127
33;128
33;129
33;130
33;131
33;132
33;133
33;134
33;135
33;136
33;137
33;138
33;139
33;140
33;141
33;142
33;143
33;144
33;145
33;146
33;147
33;148
33;149
33;150
33;151
33;152
33;153
33;154
33;155
33;156
33;157
33;158
33;159
33;160
33;161
33;162
33;163
33;164
33;165
33;166
33;167
33;168
33;169
33;170
33;171
33;172
33;173
33;174
33;175
33;176
33;177
33;178
33;179
33;180
33;181
33;182
33;183
33;184
33;185
33;186
33;187
33;188
33;189
33;190
33;191
33;192
33;193
33;194
33;195
33;196
33;197
33;198
33;199
33;200
33;201
33;202
33;203
33;204
33;205
33;206
33;207
33;208
33;209
33;210
33;211
33;212
33;213
33;214
33;215
33;216
33;217
33;218
33;219
33;220
33;221
33;222
33;223
33;224
33;225
33;226
33;227
33;228
33;229
33;230
33;231
33;232
33;233
33;234
33;235
33;236
33;237
33;238
33;239
33;240
33;241
33;242
33;243
33;244
33;245
33;246
33;247
33;248
33;249
33;250
33;251
33;252
33;253
33;254
33;255
33;256
33;257
33;258
33;259
33;260
33;261
33;262
33;263
33;264
33;265
33;266
33;267
33;268
33;269
33;270
33;271
33;272
33;273
33;274
33;275
33;276
33;277
33;278
33;279
33;280
33;281
33;282
33;283
33;284
33;285
33;286
33;287
33;288
33;289
33;290
33;291
33;292
33;293
33;294
33;295
33;296
33;297
33;298
33;299
33;300
33;301
33;302
33;303
33;304
33;305
33;306
33;307
33;308
33;309
33;310
33;311
33;312
33;313
33;314
33;315
33;316
33;317
33;318
33;319
33;320
33;321
33;670
33;671
33;672
33;673
33;674
33;675
33;676
33;677
33;678
33;679
33;680
33;681
33;682
33;683
33;684
33;685
33;686
33;687
33;688
33;689
33;690
33;691
33;692
33;693
33;694
33;695
33;696
33;697
33;698
33;699
33;700
33;701
33;702
33;703
33;704
33;705
33;706
33;707
33;708
33;709
33;710
33;711
33;712
33;713
33;714
33;715
33;716
33;717
33;718
33;719
33;720
33;721
33;722
33;723
33;724
33;725
33;726
33;727
33;728
33;729
33;730
33;731
33;732
33;733
33;734
33;735
33;736
33;737
33;738
33;739
33;740
33;741
33;742
33;743
33;744
33;745
33;746
33;747
33;748
33;749
33;750
33;751
33;752
33;753
33;754
33;755
33;756
33;757
33;758
33;759
33;760
33;761
33;762
33;763
33;764
33;765
33;766
33;767
33;768
33;769
33;770
33;771
33;772
33;773
33;774
33;775
33;776
33;777
33;778
33;779
33;780
33;781
33;782
33;783
33;784
33;785
33;786
33;787
33;788
33;789
33;790
33;791
33;792
33;793
33;794
33;795
33;796
33;797
33;798
33;799
33;800
33;801
33;802
33;803
33;804
33;805
33;806
33;807
33;808
33;809
33;810
33;811
33;812
33;813
33;814
33;815
33;816
33;817
33;818
33;819
33;820
33;821
33;822
33;823
33;824
33;825
33;826
33;827
33;828
33;829
33;830
33;831
33;832
34;114
34;115
34;116
34;117
34;118
34;119
34;120
34;121
34;122
34;123
34;124
34;125
34;126
34;127
34;128
34;129
34;130
34;131
34;132
34;133
34;134
34;135
34;136
34;137
34;138
34;139
34;140
34;141
34;142
34;143
34;144
34;145
34;146
34;147
34;148
34;149
34;150
34;151
34;152
34;153
34;154
34;155
34;156
34;157
34;158
34;159
34;160
34;161
34;162
34;163
34;164
34;165
34;166
34;167
34;168
34;169
34;170
34;171
34;172
34;173
34;174
34;175
34;176
34;177
34;178
34;179
34;180
34;181
34;182
34;183
34;184
34;185
34;186
34;187
34;188
34;189
34;190
34;191
34;192
34;193
34;194
34;195
34;196
34;197
34;198
34;199
34;200
34;201
34;202
34;203
34;204
34;205
34;206
34;207
34;208
34;209
34;210
34;211
34;212
34;213
34;214
34;215
34;216
34;217
34;218
34;219
34;220
34;221
34;222
34;223
34;224
34;225
34;226
34;227
34;228
34;229
34;230
34;231
34;232
34;233
34;234
34;235
34;236
34;237
34;238
34;239
34;240
34;241
34;242
34;243
34;244
34;245
34;246
34;247
34;248
34;249
34;250
34;251
34;252
34;253
34;254
34;255
34;256
34;257
34;258
34;259
34;260
34;261
34;262
34;263
34;264
34;265
34;266
34;267
34;268
34;269
34;270
34;271
34;272
34;273
34;274
34;275
34;276
34;277
34;278
34;279
34;280
34;281
34;282
34;283
34;284
34;285
34;286
34;287
34;288
34;289
34;290
34;291
34;292
34;293
34;294
34;295
34;296
34;297
34;298
34;299
34;300
34;301
34;302
34;303
34;304
34;305
34;306
34;307
34;308
34;309
34;310
34;311
34;312
34;313
34;314
34;315
34;316
34;317
34;318
34;319
34;320
34;321
34;670
34;671
34;672
34;673
34;674
34;675
34;676
34;677
34;678
34;679
34;680
34;681
34;682
34;683
34;684
34;685
34;686
34;687
34;688
34;689
34;690
34;691
34;692
34;693
34;694
34;695
34;696
34;697
34;698
34;699
34;700
34;701
34;702
34;703
34;704
34;705
34;706
34;707
34;708
34;709
34;710
34;711
34;712
34;713
34;714
34;715
34;716
34;717
34;718
34;719
34;720
34;721
34;722
34;723
34;724
34;725
34;726
34;727
34;728
34;729
34;730
34;731
34;732
34;733
34;734
34;735
34;736
34;737
34;738
34;739
34;740
34;741
34;742
34;743
34;744
34;745
34;746
34;747
34;748
34;749
34;750
34;751
34;752
34;753
34;754
34;755
34;756
34;757
34;758
34;759
34;760
34;761
34;762
34;763
34;764
34;765
34;766
34;767
34;768
34;769
34;770
34;771
34;772
34;773
34;774
34;775
34;776
34;777
34;778
34;779
34;780
34;781
34;782
34;783
34;784
34;785
34;786
34;787
34;788
34;789
34;790
34;791
34;792
34;793
34;794
34;795
34;796
34;797
34;798
34;799
34;800
34;801
34;802
34;803
34;804
34;805
34;806
34;807
34;808
34;809
34;810
34;811
34;812
34;813
34;814
34;815
34;816
34;817
34;818
34;819
34;820
34;821
34;822
34;823
34;824
34;825
34;826
34;827
34;828
34;829
34;830
34;831
35;114
35;115
35;116
35;117
35;118
35;119
35;120
35;121
35;122
35;123
35;124
35;125
35;126
35;127
35;128
35;129
35;130
35;131
35;132
35;133
35;134
35;135
35;136
35;137
35;138
35;139
35;140
35;141
35;142
35;143
35;144
35;145
35;146
35;147
35;148
35;149
35;150
35;151
35;152
35;153
35;154
35;155
35;156
35;157
35;158
35;159
35;160
35;161
35;162
35;163
35;164
35;165
35;166
35;167
35;168
35;169
35;170
35;171
35;172
35;173
35;174
35;175
35;176
35;177
35;178
35;179
35;180
35;181
35;182
35;183
35;184
35;185
35;186
35;187
35;188
35;189
35;190
35;191
35;192
35;193
35;194
35;195
35;196
35;197
35;198
35;199
35;200
35;201
35;202
35;203
35;204
35;205
35;206
35;207
35;208
35;209
35;210
35;211
35;212
35;213
35;214
35;215
35;216
35;217
35;218
35;219
35;220
35;221
35;222
35;223
35;224
35;225
35;226
35;227
35;228
35;229
35;230
35;231
35;232
35;233
35;234
35;235
35;236
35;237
35;238
35;239
35;240
35;241
35;242
35;243
35;244
35;245
35;246
35;247
35;248
35;249
35;250
35;251
35;252
35;253
35;254
35;255
35;256
35;257
35;258
35;259
35;260
35;261
35;262
35;263
35;264
35;265
35;266
35;267
35;268
35;269
35;270
35;271
35;272
35;273
35;274
35;275
35;276
35;277
35;278
35;279
35;280
35;281
35;282
35;283
35;284
35;285
35;286
35;287
35;288
35;289
35;290
35;291
35;292
35;293
35;294
35;295
35;296
35;297
35;298
35;299
35;300
35;301
35;302
35;303
35;304
35;305
35;306
35;307
35;308
35;309
35;310
35;311
35;312
35;313
35;314
35;315
35;316
35;317
35;318
35;319
35;320
35;321
35;671
35;672
35;673
35;674
35;675
35;676
35;677
35;678
35;679
35;680
35;681
35;682
35;683
35;684
35;685
35;686
35;687
35;688
35;689
35;690
35;691
35;692
35;693
35;694
35;695
35;696
35;697
35;698
35;699
35;700
35;701
35;702
35;703
35;704
35;705
35;706
35;707
35;708
35;709
35;710
35;711
35;712
35;713
35;714
35;715
35;716
35;717
35;718
35;719
35;720
35;721
35;722
35;723
35;724
35;725
35;726
35;727
35;728
35;729
35;730
35;731
35;732
35;733
35;734
35;735
35;736
35;737
35;738
35;739
35;740
35;741
35;742
35;743
35;744
35;745
35;746
35;747
35;748
35;749
35;750
35;751
35;752
35;753
35;754
35;755
35;756
35;757
35;758
35;759
35;760
35;761
35;762
35;763
35;764
35;765
35;766
35;767
35;768
35;769
35;770
35;771
35;772
35;773
35;774
35;775
35;776
35;777
35;778
35;779
35;780
35;781
35;782
35;783
35;784
35;785
35;786
35;787
35;788
35;789
35;790
35;791
35;792
35;793
35;794
35;795
35;796
35;797
35;798
35;799
35;800
35;801
35;802
35;803
35;804
35;805
35;806
35;807
35;808
35;809
35;810
35;811
35;812
35;813
35;814
35;815
35;816
35;817
35;818
35;819
35;820
35;821
35;822
35;823
35;824
35;825
35;826
35;827
35;828
35;829
35;830
36;114
36;115
36;116
36;117
36;118
36;119
36;120
36;121
36;122
36;123
36;124
36;125
36;126
36;127
36;128
36;129
36;130
36;131
36;132
36;133
36;134
36;135
36;136
36;137
36;138
36;139
36;140
36;141
36;142
36;143
36;144
36;145
36;146
36;147
36;148
36;149
36;150
36;151
36;152
36;153
36;154
36;155
36;156
36;157
36;158
36;159
36;160
36;161
36;162
36;163
36;164
36;165
36;166
36;167
36;168
36;169
36;170
36;171
36;172
36;173
36;174
36;175
36;176
36;177
36;178
36;179
36;180
36;181
36;182
36;183
36;184
36;185
36;186
36;187
36;188
36;189
36;190
36;191
36;192
36;193
36;194
36;195
36;196
36;197
36;198
36;199
36;200
36;201
36;202
36;203
36;204
36;205
36;206
36;207
36;208
36;209
36;210
36;211
36;212
36;213
36;214
36;215
36;216
36;217
36;218
36;219
36;220
36;221
36;222
36;223
36;224
36;225
36;226
36;227
36;228
36;229
36;230
36;231
36;232
36;233
36;234
36;235
36;236
36;237
36;238
36;239
36;240
36;241
36;242
36;243
36;244
36;245
36;246
36;247
36;248
36;249
36;250
36;251
36;252
36;253
36;254
36;255
36;256
36;257
36;258
36;259
36;260
36;261
36;262
36;263
36;264
36;265
36;266
36;267
36;268
36;269
36;270
36;271
36;272
36;273
36;274
36;275
36;276
36;277
36;278
36;279
36;280
36;281
36;282
36;283
36;284
36;285
36;286
36;287
36;288
36;289
36;290
36;291
36;292
36;293
36;294
36;295
36;296
36;297
36;298
36;299
36;300
36;301
36;302
36;303
36;304
36;305
36;306
36;307
36;308
36;309
36;310
36;311
36;312
36;313
36;314
36;315
36;316
36;317
36;318
36;319
36;320
36;321
36;671
36;672
36;673
36;674
36;675
36;676
36;677
36;678
36;679
36;680
36;681
36;682
36;683
36;684
36;685
36;686
36;687
36;688
36;689
36;690
36;691
36;692
36;693
36;694
36;695
36;696
36;697
36;698
36;699
36;700
36;701
36;702
36;703
36;704
36;705
36;706
36;707
36;708
36;709
36;710
36;711
36;712
36;713
36;714
36;715
36;716
36;717
36;718
36;719
36;720
36;721
36;722
36;723
36;724
36;725
36;726
36;727
36;728
36;729
36;730
36;731
36;732
36;733
36;734
36;735
36;736
36;737
36;738
36;739
36;740
36;741
36;742
36;743
36;744
36;745
36;746
36;747
36;748
36;749
36;750
36;751
36;752
36;753
36;754
36;755
36;756
36;757
36;758
36;759
36;760
36;761
36;762
36;763
36;764
36;765
36;766
36;767
36;768
36;769
36;770
36;771
36;772
36;773
36;774
36;775
36;776
36;777
36;778
36;779
36;780
36;781
36;782
36;783
36;784
36;785
36;786
36;787
36;788
36;789
36;790
36;791
36;792
36;793
36;794
36;795
36;796
36;797
36;798
36;799
36;800
36;801
36;802
36;803
36;804
36;805
36;806
36;807
36;808
36;809
36;810
36;811
36;812
36;813
36;814
36;815
36;816
36;817
36;818
36;819
36;820
36;821
36;822
36;823
36;824
36;825
36;826
36;827
36;828
36;829
36;830
37;114
37;115
37;116
37;117
37;118
37;119
37;120
37;121
37;122
37;123
37;124
37;125
37;126
37;127
37;128
37;129
37;130
37;131
37;132
37;133
37;134
37;135
37;136
37;137
37;138
37;139
37;140
37;141
37;142
37;143
37;144
37;145
37;146
37;147
37;148
37;149
37;150
37;151
37;152
37;153
37;154
37;155
37;156
37;157
37;158
37;159
37;160
37;161
37;162
37;163
37;164
37;165
37;166
37;167
37;168
37;169
37;170
37;171
37;172
37;173
37;174
37;175
37;176
37;177
37;178
37;179
37;180
37;181
37;182
37;183
37;184
37;185
37;186
37;187
37;188
37;189
37;190
37;191
37;192
37;193
37;194
37;195
37;196
37;197
37;198
37;199
37;200
37;201
37;202
37;203
37;204
37;205
37;206
37;207
37;208
37;209
37;210
37;211
37;212
37;213
37;214
37;215
37;216
37;217
37;218
37;219
37;220
37;221
37;222
37;223
37;224
37;225
37;226
37;227
37;228
37;229
37;230
37;231
37;232
37;233
37;234
37;235
37;236
37;237
37;238
37;239
37;240
37;241
37;242
37;243
37;244
37;245
37;246
37;247
37;248
37;249
37;250
37;251
37;252
37;253
37;254
37;255
37;256
37;257
37;258
37;259
37;260
37;261
37;262
37;263
37;264
37;265
37;266
37;267
37;268
37;269
37;270
37;271
37;272
37;273
37;274
37;275
37;276
37;277
37;278
37;279
37;280
37;281
37;282
37;283
37;284
37;285
37;286
37;287
37;288
37;289
37;290
37;291
37;292
37;293
37;294
37;295
37;296
37;297
37;298
37;299
37;300
37;301
37;302
37;303
37;304
37;305
37;306
37;307
37;308
37;309
37;310
37;311
37;312
37;313
37;314
37;315
37;316
37;317
37;318
37;319
37;320
37;321
37;672
37;673
37;674
37;675
37;676
37;677
37;678
37;679
37;680
37;681
37;682
37;683
37;684
37;685
37;686
37;687
37;688
37;689
37;690
37;691
37;692
37;693
37;694
37;695
37;696
37;697
37;698
37;699
37;700
37;701
37;702
37;703
37;704
37;705
37;706
37;707
37;708
37;709
37;710
37;711
37;712
37;713
37;714
37;715
37;716
37;717
37;718
37;719
37;720
37;721
37;722
37;723
37;724
37;725
37;726
37;727
37;728
37;729
37;730
37;731
37;732
37;733
37;734
37;735
37;736
37;737
37;738
37;739
37;740
37;741
37;742
37;743
37;744
37;745
37;746
37;747
37;748
37;749
37;750
37;751
37;752
37;753
37;754
37;755
37;756
37;757
37;758
37;759
37;760
37;761
37;762
37;763
37;764
37;765
37;766
37;767
37;768
37;769
37;770
37;771
37;772
37;773
37;774
37;775
37;776
37;777
37;778
37;779
37;780
37;781
37;782
37;783
37;784
37;785
37;786
37;787
37;788
37;789
37;790
37;791
37;792
37;793
37;794
37;795
37;796
37;797
37;798
37;799
37;800
37;801
37;802
37;803
37;804
37;805
37;806
37;807
37;808
37;809
37;810
37;811
37;812
37;813
37;814
37;815
37;816
37;817
37;818
37;819
37;820
37;821
37;822
37;823
37;824
37;825
37;826
37;827
37;828
37;829
37;830
38;114
38;115
38;116
38;117
38;118
38;119
38;120
38;121
38;122
38;123
38;124
38;125
38;126
38;127
38;128
38;129
38;130
38;131
38;132
38;133
38;134
38;135
38;136
38;137
38;138
38;139
38;140
38;141
38;142
38;143
38;144
38;145
38;146
38;147
38;148
38;149
38;150
38;151
38;152
38;153
38;154
38;155
38;156
38;157
38;158
38;159
38;160
38;161
38;162
38;163
38;164
38;165
38;166
38;167
38;168
38;169
38;170
38;171
38;172
38;173
38;174
38;175
38;176
38;177
38;178
38;179
38;180
38;181
38;182
38;183
38;184
38;185
38;186
38;187
38;188
38;189
38;190
38;191
38;192
38;193
38;194
38;195
38;196
38;197
38;198
38;199
38;200
38;201
38;202
38;203
38;204
38;205
38;206
38;207
38;208
38;209
38;210
38;211
38;212
38;213
38;214
38;215
38;216
38;217
38;218
38;219
38;220
38;221
38;222
38;223
38;224
38;225
38;226
38;227
38;228
38;229
38;230
38;231
38;232
38;233
38;234
38;235
38;236
38;237
38;238
38;239
38;240
38;241
38;242
38;243
38;244
38;245
38;246
38;247
38;248
38;249
38;250
38;251
38;252
38;253
38;254
38;255
38;256
38;257
38;258
38;259
38;260
38;261
38;262
38;263
38;264
38;265
38;266
38;267
38;268
38;269
38;270
38;271
38;272
38;273
38;274
38;275
38;276
38;277
38;278
38;279
38;280
38;281
38;282
38;283
38;284
38;285
38;286
38;287
38;288
38;289
38;290
38;291
38;292
38;293
38;294
38;295
38;296
38;297
38;298
38;299
38;300
38;301
38;302
38;303
38;304
38;305
38;306
38;307
38;308
38;309
38;310
38;311
38;312
38;313
38;314
38;315
38;316
38;317
38;318
38;319
38;320
38;321
38;672
38;673
38;674
38;675
38;676
38;677
38;678
38;679
38;680
38;681
38;682
38;683
38;684
38;685
38;686
38;687
38;688
38;689
38;690
38;691
38;692
38;693
38;694
38;695
38;696
38;697
38;698
38;699
38;700
38;701
38;702
38;703
38;704
38;705
38;706
38;707
38;708
38;709
38;710
38;711
38;712
38;713
38;714
38;715
38;716
38;717
38;718
38;719
38;720
38;721
38;722
38;723
38;724
38;725
38;726
38;727
38;728
38;729
38;730
38;731
38;732
38;733
38;734
38;735
38;736
38;737
38;738
38;739
38;740
38;741
38;742
38;743
38;744
38;745
38;746
38;747
38;748
38;749
38;750
38;751
38;752
38;753
38;754
38;755
38;756
38;757
38;758
38;759
38;760
38;761
38;762
38;763
38;764
38;765
38;766
38;767
38;768
38;769
38;770
38;771
38;772
38;773
38;774
38;775
38;776
38;777
38;778
38;779
38;780
38;781
38;782
38;783
38;784
38;785
38;786
38;787
38;788
38;789
38;790
38;791
38;792
38;793
38;794
38;795
38;796
38;797
38;798
38;799
38;800
38;801
38;802
38;803
38;804
38;805
38;806
38;807
38;808
38;809
38;810
38;811
38;812
38;813
38;814
38;815
38;816
38;817
38;818
38;819
38;820
38;821
38;822
38;823
38;824
38;825
38;826
38;827
38;828
38;829
39;115
39;116
39;117
39;118
39;119
39;120
39;121
39;122
39;123
39;124
39;125
39;126
39;127
39;128
39;129
39;130
39;131
39;132
39;133
39;134
39;135
39;136
39;137
39;138
39;139
39;140
39;141
39;142
39;143
39;144
39;145
39;146
39;147
39;148
39;149
39;150
39;151
39;152
39;153
39;154
39;155
39;156
39;157
39;158
39;159
39;160
39;161
39;162
39;163
39;164
39;165
39;166
39;167
39;168
39;169
39;170
39;171
39;172
39;173
39;174
39;175
39;176
39;177
39;178
39;179
39;180
39;181
39;182
39;183
39;184
39;185
39;186
39;187
39;188
39;189
39;190
39;191
39;192
39;193
39;194
39;195
39;196
39;197
39;198
39;199
39;200
39;201
39;202
39;203
39;204
39;205
39;206
39;207
39;208
39;209
39;210
39;211
39;212
39;213
39;214
39;215
39;216
39;217
39;218
39;219
39;220
39;221
39;222
39;223
39;224
39;225
39;226
39;227
39;228
39;229
39;230
39;231
39;232
39;233
39;234
39;235
39;236
39;237
39;238
39;239
39;240
39;241
39;242
39;243
39;244
39;245
39;246
39;247
39;248
39;249
39;250
39;251
39;252
39;253
39;254
39;255
39;256
39;257
39;258
39;259
39;260
39;261
39;262
39;263
39;264
39;265
39;266
39;267
39;268
39;269
39;270
39;271
39;272
39;273
39;274
39;275
39;276
39;277
39;278
39;279
39;280
39;281
39;282
39;283
39;284
39;285
39;286
39;287
39;288
39;289
39;290
39;291
39;292
39;293
39;294
39;295
39;296
39;297
39;298
39;299
39;300
39;301
39;302
39;303
39;304
39;305
39;306
39;307
39;308
39;309
39;310
39;311
39;312
39;313
39;314
39;315
39;316
39;317
39;318
39;319
39;320
39;321
39;673
39;674
39;675
39;676
39;677
39;678
39;679
39;680
39;681
39;682
39;683
39;684
39;685
39;686
39;687
39;688
39;689
39;690
39;691
39;692
39;693
39;694
39;695
39;696
39;697
39;698
39;699
39;700
39;701
39;702
39;703
39;704
39;705
39;706
39;707
39;708
39;709
39;710
39;711
39;712
39;713
39;714
39;715
39;716
39;717
39;718
39;719
39;720
39;721
39;722
39;723
39;724
39;725
39;726
39;727
39;728
39;729
39;730
39;731
39;732
39;733
39;734
39;735
39;736
39;737
39;738
39;739
39;740
39;741
39;742
39;743
39;744
39;745
39;746
39;747
39;748
39;749
39;750
39;751
39;752
39;753
39;754
39;755
39;756
39;757
39;758
39;759
39;760
39;761
39;762
39;763
39;764
39;765
39;766
39;767
39;768
39;769
39;770
39;771
39;772
39;773
39;774
39;775
39;776
39;777
39;778
39;779
39;780
39;781
39;782
39;783
39;784
39;785
39;786
39;787
39;788
39;789
39;790
39;791
39;792
39;793
39;794
39;795
39;796
39;797
39;798
39;799
39;800
39;801
39;802
39;803
39;804
39;805
39;806
39;807
39;808
39;809
39;810
39;811
39;812
39;813
39;814
39;815
39;816
39;817
39;818
39;819
39;820
39;821
39;822
39;823
39;824
39;825
39;826
39;827
39;828
40;115
40;116
40;117
40;118
40;119
40;120
40;121
40;122
40;123
40;124
40;125
40;126
40;127
40;128
40;129
40;130
40;131
40;132
40;133
40;134
40;135
40;136
40;137
40;138
40;139
40;140
40;141
40;142
40;143
40;144
40;145
40;146
40;147
40;148
40;149
40;150
40;151
40;152
40;153
40;154
40;155
40;156
40;157
40;158
40;159
40;160
40;161
40;162
40;163
40;164
40;165
40;166
40;167
40;168
40;169
40;170
40;171
40;172
40;173
40;174
40;175
40;176
40;177
40;178
40;179
40;180
40;181
40;182
40;183
40;184
40;185
40;186
40;187
40;188
40;189
40;190
40;191
40;192
40;193
40;194
40;195
40;196
40;197
40;198
40;199
40;200
40;201
40;202
40;203
40;204
40;205
40;206
40;207
40;208
40;209
40;210
40;211
40;212
40;213
40;214
40;215
40;216
40;217
40;218
40;219
40;220
40;221
40;222
40;223
40;224
40;225
40;226
40;227
40;228
40;229
40;230
40;231
40;232
40;233
40;234
40;235
40;236
40;237
40;238
40;239
40;240
40;241
40;242
40;243
40;244
40;245
40;246
40;247
40;248
40;249
40;250
40;251
40;252
40;253
40;254
40;255
40;256
40;257
40;258
40;259
40;260
40;261
40;262
40;263
40;264
40;265
40;266
40;267
40;268
40;269
40;270
40;271
40;272
40;273
40;274
40;275
40;276
40;277
40;278
40;279
40;280
40;281
40;282
40;283
40;284
40;285
40;286
40;287
40;288
40;289
40;290
40;291
40;292
40;293
40;294
40;295
40;296
40;297
40;298
40;299
40;300
40;301
40;302
40;303
40;304
40;305
40;306
40;307
40;308
40;309
40;310
40;311
40;312
40;313
40;314
40;315
40;316
40;317
40;318
40;319
40;320
40;321
40;674
40;675
40;676
40;677
40;678
40;679
40;680
40;681
40;682
40;683
40;684
40;685
40;686
40;687
40;688
40;689
40;690
40;691
40;692
40;693
40;694
40;695
40;696
40;697
40;698
40;699
40;700
40;701
40;702
40;703
40;704
40;705
40;706
40;707
40;708
40;709
40;710
40;711
40;712
40;713
40;714
40;715
40;716
40;717
40;718
40;719
40;720
40;721
40;722
40;723
40;724
40;725
40;726
40;727
40;728
40;729
40;730
40;731
40;732
40;733
40;734
40;735
40;736
40;737
40;738
40;739
40;740
40;741
40;742
40;743
40;744
40;745
40;746
40;747
40;748
40;749
40;750
40;751
40;752
40;753
40;754
40;755
40;756
40;757
40;758
40;759
40;760
40;761
40;762
40;763
40;764
40;765
40;766
40;767
40;768
40;769
40;770
40;771
40;772
40;773
40;774
40;775
40;776
40;777
40;778
40;779
40;780
40;781
40;782
40;783
40;784
40;785
40;786
40;787
40;788
40;789
40;790
40;791
40;792
40;793
40;794
40;795
40;796
40;797
40;798
40;799
40;800
40;801
40;802
40;803
40;804
40;805
40;806
40;807
40;808
40;809
40;810
40;811
40;812
40;813
40;814
40;815
40;816
40;817
40;818
40;819
40;820
40;821
40;822
40;823
40;824
40;825
40;826
40;827
40;828
41;115
41;116
41;117
41;118
41;119
41;120
41;121
41;122
41;123
41;124
41;125
41;126
41;127
41;128
41;129
41;130
41;131
41;132
41;133
41;134
41;135
41;136
41;137
41;138
41;139
41;140
41;141
41;142
41;143
41;144
41;145
41;146
41;147
41;148
41;149
41;150
41;151
41;152
41;153
41;154
41;155
41;156
41;157
41;158
41;159
41;160
41;161
41;162
41;163
41;164
41;165
41;166
41;167
41;168
41;169
41;170
41;171
41;172
41;173
41;174
41;175
41;176
41;177
41;178
41;179
41;180
41;181
41;182
41;183
41;184
41;185
41;186
41;187
41;188
41;189
41;190
41;191
41;192
41;193
41;194
41;195
41;196
41;197
41;198
41;199
41;200
41;201
41;202
41;203
41;204
41;205
41;206
41;207
41;208
41;209
41;210
41;211
41;212
41;213
41;214
41;215
41;216
41;217
41;218
41;219
41;220
41;221
41;222
41;223
41;224
41;225
41;226
41;227
41;228
41;229
41;230
41;231
41;232
41;233
41;234
41;235
41;236
41;237
41;238
41;239
41;240
41;241
41;242
41;243
41;244
41;245
41;246
41;247
41;248
41;249
41;250
41;251
41;252
41;253
41;254
41;255
41;256
41;257
41;258
41;259
41;260
41;261
41;262
41;263
41;264
41;265
41;266
41;267
41;268
41;269
41;270
41;271
41;272
41;273
41;274
41;275
41;276
41;277
41;278
41;279
41;280
41;281
41;282
41;283
41;284
41;285
41;286
41;287
41;288
41;289
41;290
41;291
41;292
41;293
41;294
41;295
41;296
41;297
41;298
41;299
41;300
41;301
41;302
41;303
41;304
41;305
41;306
41;307
41;308
41;309
41;310
41;311
41;312
41;313
41;314
41;315
41;316
41;317
41;318
41;319
41;320
41;674
41;675
41;676
41;677
41;678
41;679
41;680
41;681
41;682
41;683
41;684
41;685
41;686
41;687
41;688
41;689
41;690
41;691
41;692
41;693
41;694
41;695
41;696
41;697
41;698
41;699
41;700
41;701
41;702
41;703
41;704
41;705
41;706
41;707
41;708
41;709
41;710
41;711
41;712
41;713
41;714
41;715
41;716
41;717
41;718
41;719
41;720
41;721
41;722
41;723
41;724
41;725
41;726
41;727
41;728
41;729
41;730
41;731
41;732
41;733
41;734
41;735
41;736
41;737
41;738
41;739
41;740
41;741
41;742
41;743
41;744
41;745
41;746
41;747
41;748
41;749
41;750
41;751
41;752
41;753
41;754
41;755
41;756
41;757
41;758
41;759
41;760
41;761
41;762
41;763
41;764
41;765
41;766
41;767
41;768
41;769
41;770
41;771
41;772
41;773
41;774
41;775
41;776
41;777
41;778
41;779
41;780
41;781
41;782
41;783
41;784
41;785
41;786
41;787
41;788
41;789
41;790
41;791
41;792
41;793
41;794
41;795
41;796
41;797
41;798
41;799
41;800
41;801
41;802
41;803
41;804
41;805
41;806
41;807
41;808
41;809
41;810
41;811
41;812
41;813
41;814
41;815
41;816
41;817
41;818
41;819
41;820
41;821
41;822
41;823
41;824
41;825
41;826
41;827
42;115
42;116
42;117
42;118
42;119
42;120
42;121
42;122
42;123
42;124
42;125
42;126
42;127
42;128
42;129
42;130
42;131
42;132
42;133
42;134
42;135
42;136
42;137
42;138
42;139
42;140
42;141
42;142
42;143
42;144
42;145
42;146
42;147
42;148
42;149
42;150
42;151
42;152
42;153
42;154
42;155
42;156
42;157
42;158
42;159
42;160
42;161
42;162
42;163
42;164
42;165
42;166
42;167
42;168
42;169
42;170
42;171
42;172
42;173
42;174
42;175
42;176
42;177
42;178
42;179
42;180
42;181
42;182
42;183
42;184
42;185
42;186
42;187
42;188
42;189
42;190
42;191
42;192
42;193
42;194
42;195
42;196
42;197
42;198
42;199
42;200
42;201
42;202
42;203
42;204
42;205
42;206
42;207
42;208
42;209
42;210
42;211
42;212
42;213
42;214
42;215
42;216
42;217
42;218
42;219
42;220
42;221
42;222
42;223
42;224
42;225
42;226
42;227
42;228
42;229
42;230
42;231
42;232
42;233
42;234
42;235
42;236
42;237
42;238
42;239
42;240
42;241
42;242
42;243
42;244
42;245
42;246
42;247
42;248
42;249
42;250
42;251
42;252
42;253
42;254
42;255
42;256
42;257
42;258
42;259
42;260
42;261
42;262
42;263
42;264
42;265
42;266
42;267
42;268
42;269
42;270
42;271
42;272
42;273
42;274
42;275
42;276
42;277
42;278
42;279
42;280
42;281
42;282
42;283
42;284
42;285
42;286
42;287
42;288
42;289
42;290
42;291
42;292
42;293
42;294
42;295
42;296
42;297
42;298
42;299
42;300
42;301
42;302
42;303
42;304
42;305
42;306
42;307
42;308
42;309
42;310
42;311
42;312
42;313
42;314
42;315
42;316
42;317
42;318
42;319
42;320
42;675
42;676
42;677
42;678
42;679
42;680
42;681
42;682
42;683
42;684
42;685
42;686
42;687
42;688
42;689
42;690
42;691
42;692
42;693
42;694
42;695
42;696
42;697
42;698
42;699
42;700
42;701
42;702
42;703
42;704
42;705
42;706
42;707
42;708
42;709
42;710
42;711
42;712
42;713
42;714
42;715
42;716
42;717
42;718
42;719
42;720
42;721
42;722
42;723
42;724
42;725
42;726
42;727
42;728
42;729
42;730
42;731
42;732
42;733
42;734
42;735
42;736
42;737
42;738
42;739
42;740
42;741
42;742
42;743
42;744
42;745
42;746
42;747
42;748
42;749
42;750
42;751
42;752
42;753
42;754
42;755
42;756
42;757
42;758
42;759
42;760
42;761
42;762
42;763
42;764
42;765
42;766
42;767
42;768
42;769
42;770
42;771
42;772
42;773
42;774
42;775
42;776
42;777
42;778
42;779
42;780
42;781
42;782
42;783
42;784
42;785
42;786
42;787
42;788
42;789
42;790
42;791
42;792
42;793
42;794
42;795
42;796
42;797
42;798
42;799
42;800
42;801
42;802
42;803
42;804
42;805
42;806
42;807
42;808
42;809
42;810
42;811
42;812
42;813
42;814
42;815
42;816
42;817
42;818
42;819
42;820
42;821
42;822
42;823
42;824
42;825
42;826
43;115
43;116
43;117
43;118
43;119
43;120
43;121
43;122
43;123
43;124
43;125
43;126
43;127
43;128
43;129
43;130
43;131
43;132
43;133
43;134
43;135
43;136
43;137
43;138
43;139
43;140
43;141
43;142
43;143
43;144
43;145
43;146
43;147
43;148
43;149
43;150
43;151
43;152
43;153
43;154
43;155
43;156
43;157
43;158
43;159
43;160
43;161
43;162
43;163
43;164
43;165
43;166
43;167
43;168
43;169
43;170
43;171
43;172
43;173
43;174
43;175
43;176
43;177
43;178
43;179
43;180
43;181
43;182
43;183
43;184
43;185
43;186
43;187
43;188
43;189
43;190
43;191
43;192
43;193
43;194
43;195
43;196
43;197
43;198
43;199
43;200
43;201
43;202
43;203
43;204
43;205
43;206
43;207
43;208
43;209
43;210
43;211
43;212
43;213
43;214
43;215
43;216
43;217
43;218
43;219
43;220
43;221
43;222
43;223
43;224
43;225
43;226
43;227
43;228
43;229
43;230
43;231
43;232
43;233
43;234
43;235
43;236
43;237
43;238
43;239
43;240
43;241
43;242
43;243
43;244
43;245
43;246
43;247
43;248
43;249
43;250
43;251
43;252
43;253
43;254
43;255
43;256
43;257
43;258
43;259
43;260
43;261
43;262
43;263
43;264
43;265
43;266
43;267
43;268
43;269
43;270
43;271
43;272
43;273
43;274
43;275
43;276
43;277
43;278
43;279
43;280
43;281
43;282
43;283
43;284
43;285
43;286
43;287
43;288
43;289
43;290
43;291
43;292
43;293
43;294
43;295
43;296
43;297
43;298
43;299
43;300
43;301
43;302
43;303
43;304
43;305
43;306
43;307
43;308
43;309
43;310
43;311
43;312
43;313
43;314
43;315
43;316
43;317
43;318
43;319
43;320
43;676
43;677
43;678
43;679
43;680
43;681
43;682
43;683
43;684
43;685
43;686
43;687
43;688
43;689
43;690
43;691
43;692
43;693
43;694
43;695
43;696
43;697
43;698
43;699
43;700
43;701
43;702
43;703
43;704
43;705
43;706
43;707
43;708
43;709
43;710
43;711
43;712
43;713
43;714
43;715
43;716
43;717
43;718
43;719
43;720
43;721
43;722
43;723
43;724
43;725
43;726
43;727
43;728
43;729
43;730
43;731
43;732
43;733
43;734
43;735
43;736
43;737
43;738
43;739
43;740
43;741
43;742
43;743
43;744
43;745
43;746
43;747
43;748
43;749
43;750
43;751
43;752
43;753
43;754
43;755
43;756
43;757
43;758
43;759
43;760
43;761
43;762
43;763
43;764
43;765
43;766
43;767
43;768
43;769
43;770
43;771
43;772
43;773
43;774
43;775
43;776
43;777
43;778
43;779
43;780
43;781
43;782
43;783
43;784
43;785
43;786
43;787
43;788
43;789
43;790
43;791
43;792
43;793
43;794
43;795
43;796
43;797
43;798
43;799
43;800
43;801
43;802
43;803
43;804
43;805
43;806
43;807
43;808
43;809
43;810
43;811
43;812
43;813
43;814
43;815
43;816
43;817
43;818
43;819
43;820
43;821
43;822
43;823
43;824
43;825
43;826
44;115
44;116
44;117
44;118
44;119
44;120
44;121
44;122
44;123
44;124
44;125
44;126
44;127
44;128
44;129
44;130
44;131
44;132
44;133
44;134
44;135
44;136
44;137
44;138
44;139
44;140
44;141
44;142
44;143
44;144
44;145
44;146
44;147
44;148
44;149
44;150
44;151
44;152
44;153
44;154
44;155
44;156
44;157
44;158
44;159
44;160
44;161
44;162
44;163
44;164
44;165
44;166
44;167
44;168
44;169
44;170
44;171
44;172
44;173
44;174
44;175
44;176
44;177
44;178
44;179
44;180
44;181
44;182
44;183
44;184
44;185
44;186
44;187
44;188
44;189
44;190
44;191
44;192
44;193
44;194
44;195
44;196
44;197
44;198
44;199
44;200
44;201
44;202
44;203
44;204
44;205
44;206
44;207
44;208
44;209
44;210
44;211
44;212
44;213
44;214
44;215
44;216
44;217
44;218
44;219
44;220
44;221
44;222
44;223
44;224
44;225
44;226
44;227
44;228
44;229
44;230
44;231
44;232
44;233
44;234
44;235
44;236
44;237
44;238
44;239
44;240
44;241
44;242
44;243
44;244
44;245
44;246
44;247
44;248
44;249
44;250
44;251
44;252
44;253
44;254
44;255
44;256
44;257
44;258
44;259
44;260
44;261
44;262
44;263
44;264
44;265
44;266
44;267
44;268
44;269
44;270
44;271
44;272
44;273
44;274
44;275
44;276
44;277
44;278
44;279
44;280
44;281
44;282
44;283
44;284
44;285
44;286
44;287
44;288
44;289
44;290
44;291
44;292
44;293
44;294
44;295
44;296
44;297
44;298
44;299
44;300
44;301
44;302
44;303
44;304
44;305
44;306
44;307
44;308
44;309
44;310
44;311
44;312
44;313
44;314
44;315
44;316
44;317
44;318
44;319
44;320
44;676
44;677
44;678
44;679
44;680
44;681
44;682
44;683
44;684
44;685
44;686
44;687
44;688
44;689
44;690
44;691
44;692
44;693
44;694
44;695
44;696
44;697
44;698
44;699
44;700
44;701
44;702
44;703
44;704
44;705
44;706
44;707
44;708
44;709
44;710
44;711
44;712
44;713
44;714
44;715
44;716
44;717
44;718
44;719
44;720
44;721
44;722
44;723
44;724
44;725
44;726
44;727
44;728
44;729
44;730
44;731
44;732
44;733
44;734
44;735
44;736
44;737
44;738
44;739
44;740
44;741
44;742
44;743
44;744
44;745
44;746
44;747
44;748
44;749
44;750
44;751
44;752
44;753
44;754
44;755
44;756
44;757
44;758
44;759
44;760
44;761
44;762
44;763
44;764
44;765
44;766
44;767
44;768
44;769
44;770
44;771
44;772
44;773
44;774
44;775
44;776
44;777
44;778
44;779
44;780
44;781
44;782
44;783
44;784
44;785
44;786
44;787
44;788
44;789
44;790
44;791
44;792
44;793
44;794
44;795
44;796
44;797
44;798
44;799
44;800
44;801
44;802
44;803
44;804
44;805
44;806
44;807
44;808
44;809
44;810
44;811
44;812
44;813
44;814
44;815
44;816
44;817
44;818
44;819
44;820
44;821
44;822
44;823
44;824
44;825
45;115
45;116
45;117
45;118
45;119
45;120
45;121
45;122
45;123
45;124
45;125
45;126
45;127
45;128
45;129
45;130
45;131
45;132
45;133
45;134
45;135
45;136
45;137
45;138
45;139
45;140
45;141
45;142
45;143
45;144
45;145
45;146
45;147
45;148
45;149
45;150
45;151
45;152
45;153
45;154
45;155
45;156
45;157
45;158
45;159
45;160
45;161
45;162
45;163
45;164
45;165
45;166
45;167
45;168
45;169
45;170
45;171
45;172
45;173
45;174
45;175
45;176
45;177
45;178
45;179
45;180
45;181
45;182
45;183
45;184
45;185
45;186
45;187
45;188
45;189
45;190
45;191
45;192
45;193
45;194
45;195
45;196
45;197
45;198
45;199
45;200
45;201
45;202
45;203
45;204
45;205
45;206
45;207
45;208
45;209
45;210
45;211
45;212
45;213
45;214
45;215
45;216
45;217
45;218
45;219
45;220
45;221
45;222
45;223
45;224
45;225
45;226
45;227
45;228
45;229
45;230
45;231
45;232
45;233
45;234
45;235
45;236
45;237
45;238
45;239
45;240
45;241
45;242
45;243
45;244
45;245
45;246
45;247
45;248
45;249
45;250
45;251
45;252
45;253
45;254
45;255
45;256
45;257
45;258
45;259
45;260
45;261
45;262
45;263
45;264
45;265
45;266
45;267
45;268
45;269
45;270
45;271
45;272
45;273
45;274
45;275
45;276
45;277
45;278
45;279
45;280
45;281
45;282
45;283
45;284
45;285
45;286
45;287
45;288
45;289
45;290
45;291
45;292
45;293
45;294
45;295
45;296
45;297
45;298
45;299
45;300
45;301
45;302
45;303
45;304
45;305
45;306
45;307
45;308
45;309
45;310
45;311
45;312
45;313
45;314
45;315
45;316
45;317
45;318
45;319
45;320
45;677
45;678
45;679
45;680
45;681
45;682
45;683
45;684
45;685
45;686
45;687
45;688
45;689
45;690
45;691
45;692
45;693
45;694
45;695
45;696
45;697
45;698
45;699
45;700
45;701
45;702
45;703
45;704
45;705
45;706
45;707
45;708
45;709
45;710
45;711
45;712
45;713
45;714
45;715
45;716
45;717
45;718
45;719
45;720
45;721
45;722
45;723
45;724
45;725
45;726
45;727
45;728
45;729
45;730
45;731
45;732
45;733
45;734
45;735
45;736
45;737
45;738
45;739
45;740
45;741
45;742
45;743
45;744
45;745
45;746
45;747
45;748
45;749
45;750
45;751
45;752
45;753
45;754
45;755
45;756
45;757
45;758
45;759
45;760
45;761
45;762
45;763
45;764
45;765
45;766
45;767
45;768
45;769
45;770
45;771
45;772
45;773
45;774
45;775
45;776
45;777
45;778
45;779
45;780
45;781
45;782
45;783
45;784
45;785
45;786
45;787
45;788
45;789
45;790
45;791
45;792
45;793
45;794
45;795
45;796
45;797
45;798
45;799
45;800
45;801
45;802
45;803
45;804
45;805
45;806
45;807
45;808
45;809
45;810
45;811
45;812
45;813
45;814
45;815
45;816
45;817
45;818
45;819
45;820
45;821
45;822
45;823
45;824
46;115
46;116
46;117
46;118
46;119
46;120
46;121
46;122
46;123
46;124
46;125
46;126
46;127
46;128
46;129
46;130
46;131
46;132
46;133
46;134
46;135
46;136
46;137
46;138
46;139
46;140
46;141
46;142
46;143
46;144
46;145
46;146
46;147
46;148
46;149
46;150
46;151
46;152
46;153
46;154
46;155
46;156
46;157
46;158
46;159
46;160
46;161
46;162
46;163
46;164
46;165
46;166
46;167
46;168
46;169
46;170
46;171
46;172
46;173
46;174
46;175
46;176
46;177
46;178
46;179
46;180
46;181
46;182
46;183
46;184
46;185
46;186
46;187
46;188
46;189
46;190
46;191
46;192
46;193
46;194
46;195
46;196
46;197
46;198
46;199
46;200
46;201
46;202
46;203
46;204
46;205
46;206
46;207
46;208
46;209
46;210
46;211
46;212
46;213
46;214
46;215
46;216
46;217
46;218
46;219
46;220
46;221
46;222
46;223
46;224
46;225
46;226
46;227
46;228
46;229
46;230
46;231
46;232
46;233
46;234
46;235
46;236
46;237
46;238
46;239
46;240
46;241
46;242
46;243
46;244
46;245
46;246
46;247
46;248
46;249
46;250
46;251
46;252
46;253
46;254
46;255
46;256
46;257
46;258
46;259
46;260
46;261
46;262
46;263
46;264
46;265
46;266
46;267
46;268
46;269
46;270
46;271
46;272
46;273
46;274
46;275
46;276
46;277
46;278
46;279
46;280
46;281
46;282
46;283
46;284
46;285
46;286
46;287
46;288
46;289
46;290
46;291
46;292
46;293
46;294
46;295
46;296
46;297
46;298
46;299
46;300
46;301
46;302
46;303
46;304
46;305
46;306
46;307
46;308
46;309
46;310
46;311
46;312
46;313
46;314
46;315
46;316
46;317
46;318
46;319
46;320
46;678
46;679
46;680
46;681
46;682
46;683
46;684
46;685
46;686
46;687
46;688
46;689
46;690
46;691
46;692
46;693
46;694
46;695
46;696
46;697
46;698
46;699
46;700
46;701
46;702
46;703
46;704
46;705
46;706
46;707
46;708
46;709
46;710
46;711
46;712
46;713
46;714
46;715
46;716
46;717
46;718
46;719
46;720
46;721
46;722
46;723
46;724
46;725
46;726
46;727
46;728
46;729
46;730
46;731
46;732
46;733
46;734
46;735
46;736
46;737
46;738
46;739
46;740
46;741
46;742
46;743
46;744
46;745
46;746
46;747
46;748
46;749
46;750
46;751
46;752
46;753
46;754
46;755
46;756
46;757
46;758
46;759
46;760
46;761
46;762
46;763
46;764
46;765
46;766
46;767
46;768
46;769
46;770
46;771
46;772
46;773
46;774
46;775
46;776
46;777
46;778
46;779
46;780
46;781
46;782
46;783
46;784
46;785
46;786
46;787
46;788
46;789
46;790
46;791
46;792
46;793
46;794
46;795
46;796
46;797
46;798
46;799
46;800
46;801
46;802
46;803
46;804
46;805
46;806
46;807
46;808
46;809
46;810
46;811
46;812
46;813
46;814
46;815
46;816
46;817
46;818
46;819
46;820
46;821
46;822
46;823
46;824
47;116
47;117
47;118
47;119
47;120
47;121
47;122
47;123
47;124
47;125
47;126
47;127
47;128
47;129
47;130
47;131
47;132
47;133
47;134
47;135
47;136
47;137
47;138
47;139
47;140
47;141
47;142
47;143
47;144
47;145
47;146
47;147
47;148
47;149
47;150
47;151
47;152
47;153
47;154
47;155
47;156
47;157
47;158
47;159
47;160
47;161
47;162
47;163
47;164
47;165
47;166
47;167
47;168
47;169
47;170
47;171
47;172
47;173
47;174
47;175
47;176
47;177
47;178
47;179
47;180
47;181
47;182
47;183
47;184
47;185
47;186
47;187
47;188
47;189
47;190
47;191
47;192
47;193
47;194
47;195
47;196
47;197
47;198
47;199
47;200
47;201
47;202
47;203
47;204
47;205
47;206
47;207
47;208
47;209
47;210
47;211
47;212
47;213
47;214
47;215
47;216
47;217
47;218
47;219
47;220
47;221
47;222
47;223
47;224
47;225
47;226
47;227
47;228
47;229
47;230
47;231
47;232
47;233
47;234
47;235
47;236
47;237
47;238
47;239
47;240
47;241
47;242
47;243
47;244
47;245
47;246
47;247
47;248
47;249
47;250
47;251
47;252
47;253
47;254
47;255
47;256
47;257
47;258
47;259
47;260
47;261
47;262
47;263
47;264
47;265
47;266
47;267
47;268
47;269
47;270
47;271
47;272
47;273
47;274
47;275
47;276
47;277
47;278
47;279
47;280
47;281
47;282
47;283
47;284
47;285
47;286
47;287
47;288
47;289
47;290
47;291
47;292
47;293
47;294
47;295
47;296
47;297
47;298
47;299
47;300
47;301
47;302
47;303
47;304
47;305
47;306
47;307
47;308
47;309
47;310
47;311
47;312
47;313
47;314
47;315
47;316
47;317
47;318
47;319
47;320
47;678
47;679
47;680
47;681
47;682
47;683
47;684
47;685
47;686
47;687
47;688
47;689
47;690
47;691
47;692
47;693
47;694
47;695
47;696
47;697
47;698
47;699
47;700
47;701
47;702
47;703
47;704
47;705
47;706
47;707
47;708
47;709
47;710
47;711
47;712
47;713
47;714
47;715
47;716
47;717
47;718
47;719
47;720
47;721
47;722
47;723
47;724
47;725
47;726
47;727
47;728
47;729
47;730
47;731
47;732
47;733
47;734
47;735
47;736
47;737
47;738
47;739
47;740
47;741
47;742
47;743
47;744
47;745
47;746
47;747
47;748
47;749
47;750
47;751
47;752
47;753
47;754
47;755
47;756
47;757
47;758
47;759
47;760
47;761
47;762
47;763
47;764
47;765
47;766
47;767
47;768
47;769
47;770
47;771
47;772
47;773
47;774
47;775
47;776
47;777
47;778
47;779
47;780
47;781
47;782
47;783
47;784
47;785
47;786
47;787
47;788
47;789
47;790
47;791
47;792
47;793
47;794
47;795
47;796
47;797
47;798
47;799
47;800
47;801
47;802
47;803
47;804
47;805
47;806
47;807
47;808
47;809
47;810
47;811
47;812
47;813
47;814
47;815
47;816
47;817
47;818
47;819
47;820
47;821
47;822
47;823
48;116
48;117
48;118
48;119
48;120
48;121
48;122
48;123
48;124
48;125
48;126
48;127
48;128
48;129
48;130
48;131
48;132
48;133
48;134
48;135
48;136
48;137
48;138
48;139
48;140
48;141
48;142
48;143
48;144
48;145
48;146
48;147
48;148
48;149
48;150
48;151
48;152
48;153
48;154
48;155
48;156
48;157
48;158
48;159
48;160
48;161
48;162
48;163
48;164
48;165
48;166
48;167
48;168
48;169
48;170
48;171
48;172
48;173
48;174
48;175
48;176
48;177
48;178
48;179
48;180
48;181
48;182
48;183
48;184
48;185
48;186
48;187
48;188
48;189
48;190
48;191
48;192
48;193
48;194
48;195
48;196
48;197
48;198
48;199
48;200
48;201
48;202
48;203
48;204
48;205
48;206
48;207
48;208
48;209
48;210
48;211
48;212
48;213
48;214
48;215
48;216
48;217
48;218
48;219
48;220
48;221
48;222
48;223
48;224
48;225
48;226
48;227
48;228
48;229
48;230
48;231
48;232
48;233
48;234
48;235
48;236
48;237
48;238
48;239
48;240
48;241
48;242
48;243
48;244
48;245
48;246
48;247
48;248
48;249
48;250
48;251
48;252
48;253
48;254
48;255
48;256
48;257
48;258
48;259
48;260
48;261
48;262
48;263
48;264
48;265
48;266
48;267
48;268
48;269
48;270
48;271
48;272
48;273
48;274
48;275
48;276
48;277
48;278
48;279
48;280
48;281
48;282
48;283
48;284
48;285
48;286
48;287
48;288
48;289
48;290
48;291
48;292
48;293
48;294
48;295
48;296
48;297
48;298
48;299
48;300
48;301
48;302
48;303
48;304
48;305
48;306
48;307
48;308
48;309
48;310
48;311
48;312
48;313
48;314
48;315
48;316
48;317
48;318
48;319
48;320
48;680
48;681
48;682
48;683
48;684
48;685
48;686
48;687
48;688
48;689
48;690
48;691
48;692
48;693
48;694
48;695
48;696
48;697
48;698
48;699
48;700
48;701
48;702
48;703
48;704
48;705
48;706
48;707
48;708
48;709
48;710
48;711
48;712
48;713
48;714
48;715
48;716
48;717
48;718
48;719
48;720
48;721
48;722
48;723
48;724
48;725
48;726
48;727
48;728
48;729
48;730
48;731
48;732
48;733
48;734
48;735
48;736
48;737
48;738
48;739
48;740
48;741
48;742
48;743
48;744
48;745
48;746
48;747
48;748
48;749
48;750
48;751
48;752
48;753
48;754
48;755
48;756
48;757
48;758
48;759
48;760
48;761
48;762
48;763
48;764
48;765
48;766
48;767
48;768
48;769
48;770
48;771
48;772
48;773
48;774
48;775
48;776
48;777
48;778
48;779
48;780
48;781
48;782
48;783
48;784
48;785
48;786
48;787
48;788
48;789
48;790
48;791
48;792
48;793
48;794
48;795
48;796
48;797
48;798
48;799
48;800
48;801
48;802
48;803
48;804
48;805
48;806
48;807
48;808
48;809
48;810
48;811
48;812
48;813
48;814
48;815
48;816
48;817
48;818
48;819
48;820
48;821
48;822
49;116
49;117
49;118
49;119
49;120
49;121
49;122
49;123
49;124
49;125
49;126
49;127
49;128
49;129
49;130
49;131
49;132
49;133
49;134
49;135
49;136
49;137
49;138
49;139
49;140
49;141
49;142
49;143
49;144
49;145
49;146
49;147
49;148
49;149
49;150
49;151
49;152
49;153
49;154
49;155
49;156
49;157
49;158
49;159
49;160
49;161
49;162
49;163
49;164
49;165
49;166
49;167
49;168
49;169
49;170
49;171
49;172
49;173
49;174
49;175
49;176
49;177
49;178
49;179
49;180
49;181
49;182
49;183
49;184
49;185
49;186
49;187
49;188
49;189
49;190
49;191
49;192
49;193
49;194
49;195
49;196
49;197
49;198
49;199
49;200
49;201
49;202
49;203
49;204
49;205
49;206
49;207
49;208
49;209
49;210
49;211
49;212
49;213
49;214
49;215
49;216
49;217
49;218
49;219
49;220
49;221
49;222
49;223
49;224
49;225
49;226
49;227
49;228
49;229
49;230
49;231
49;232
49;233
49;234
49;235
49;236
49;237
49;238
49;239
49;240
49;241
49;242
49;243
49;244
49;245
49;246
49;247
49;248
49;249
49;250
49;251
49;252
49;253
49;254
49;255
49;256
49;257
49;258
49;259
49;260
49;261
49;262
49;263
49;264
49;265
49;266
49;267
49;268
49;269
49;270
49;271
49;272
49;273
49;274
49;275
49;276
49;277
49;278
49;279
49;280
49;281
49;282
49;283
49;284
49;285
49;286
49;287
49;288
49;289
49;290
49;291
49;292
49;293
49;294
49;295
49;296
49;297
49;298
49;299
49;300
49;301
49;302
49;303
49;304
49;305
49;306
49;307
49;308
49;309
49;310
49;311
49;312
49;313
49;314
49;315
49;316
49;317
49;318
49;319
49;680
49;681
49;682
49;683
49;684
49;685
49;686
49;687
49;688
49;689
49;690
49;691
49;692
49;693
49;694
49;695
49;696
49;697
49;698
49;699
49;700
49;701
49;702
49;703
49;704
49;705
49;706
49;707
49;708
49;709
49;710
49;711
49;712
49;713
49;714
49;715
49;716
49;717
49;718
49;719
49;720
49;721
49;722
49;723
49;724
49;725
49;726
49;727
49;728
49;729
49;730
49;731
49;732
49;733
49;734
49;735
49;736
49;737
49;738
49;739
49;740
49;741
49;742
49;743
49;744
49;745
49;746
49;747
49;748
49;749
49;750
49;751
49;752
49;753
49;754
49;755
49;756
49;757
49;758
49;759
49;760
49;761
49;762
49;763
49;764
49;765
49;766
49;767
49;768
49;769
49;770
49;771
49;772
49;773
49;774
49;775
49;776
49;777
49;778
49;779
49;780
49;781
49;782
49;783
49;784
49;785
49;786
49;787
49;788
49;789
49;790
49;791
49;792
49;793
49;794
49;795
49;796
49;797
49;798
49;799
49;800
49;801
49;802
49;803
49;804
49;805
49;806
49;807
49;808
49;809
49;810
49;811
49;812
49;813
49;814
49;815
49;816
49;817
49;818
49;819
49;820
49;821
50;116
50;117
50;118
50;119
50;120
50;121
50;122
50;123
50;124
50;125
50;126
50;127
50;128
50;129
50;130
50;131
50;132
50;133
50;134
50;135
50;136
50;137
50;138
50;139
50;140
50;141
50;142
50;143
50;144
50;145
50;146
50;147
50;148
50;149
50;150
50;151
50;152
50;153
50;154
50;155
50;156
50;157
50;158
50;159
50;160
50;161
50;162
50;163
50;164
50;165
50;166
50;167
50;168
50;169
50;170
50;171
50;172
50;173
50;174
50;175
50;176
50;177
50;178
50;179
50;180
50;181
50;182
50;183
50;184
50;185
50;186
50;187
50;188
50;189
50;190
50;191
50;192
50;193
50;194
50;195
50;196
50;197
50;198
50;199
50;200
50;201
50;202
50;203
50;204
50;205
50;206
50;207
50;208
50;209
50;210
50;211
50;212
50;213
50;214
50;215
50;216
50;217
50;218
50;219
50;220
50;221
50;222
50;223
50;224
50;225
50;226
50;227
50;228
50;229
50;230
50;231
50;232
50;233
50;234
50;235
50;236
50;237
50;238
50;239
50;240
50;241
50;242
50;243
50;244
50;245
50;246
50;247
50;248
50;249
50;250
50;251
50;252
50;253
50;254
50;255
50;256
50;257
50;258
50;259
50;260
50;261
50;262
50;263
50;264
50;265
50;266
50;267
50;268
50;269
50;270
50;271
50;272
50;273
50;274
50;275
50;276
50;277
50;278
50;279
50;280
50;281
50;282
50;283
50;284
50;285
50;286
50;287
50;288
50;289
50;290
50;291
50;292
50;293
50;294
50;295
50;296
50;297
50;298
50;299
50;300
50;301
50;302
50;303
50;304
50;305
50;306
50;307
50;308
50;309
50;310
50;311
50;312
50;313
50;314
50;315
50;316
50;317
50;318
50;319
50;681
50;682
50;683
50;684
50;685
50;686
50;687
50;688
50;689
50;690
50;691
50;692
50;693
50;694
50;695
50;696
50;697
50;698
50;699
50;700
50;701
50;702
50;703
50;704
50;705
50;706
50;707
50;708
50;709
50;710
50;711
50;712
50;713
50;714
50;715
50;716
50;717
50;718
50;719
50;720
50;721
50;722
50;723
50;724
50;725
50;726
50;727
50;728
50;729
50;730
50;731
50;732
50;733
50;734
50;735
50;736
50;737
50;738
50;739
50;740
50;741
50;742
50;743
50;744
50;745
50;746
50;747
50;748
50;749
50;750
50;751
50;752
50;753
50;754
50;755
50;756
50;757
50;758
50;759
50;760
50;761
50;762
50;763
50;764
50;765
50;766
50;767
50;768
50;769
50;770
50;771
50;772
50;773
50;774
50;775
50;776
50;777
50;778
50;779
50;780
50;781
50;782
50;783
50;784
50;785
50;786
50;787
50;788
50;789
50;790
50;791
50;792
50;793
50;794
50;795
50;796
50;797
50;798
50;799
50;800
50;801
50;802
50;803
50;804
50;805
50;806
50;807
50;808
50;809
50;810
50;811
50;812
50;813
50;814
50;815
50;816
50;817
50;818
50;819
50;820
51;116
51;117
51;118
51;119
51;120
51;121
51;122
51;123
51;124
51;125
51;126
51;127
51;128
51;129
51;130
51;131
51;132
51;133
51;134
51;135
51;136
51;137
51;138
51;139
51;140
51;141
51;142
51;143
51;144
51;145
51;146
51;147
51;148
51;149
51;150
51;151
51;152
51;153
51;154
51;155
51;156
51;157
51;158
51;159
51;160
51;161
51;162
51;163
51;164
51;165
51;166
51;167
51;168
51;169
51;170
51;171
51;172
51;173
51;174
51;175
51;176
51;177
51;178
51;179
51;180
51;181
51;182
51;183
51;184
51;185
51;186
51;187
51;188
51;189
51;190
51;191
51;192
51;193
51;194
51;195
51;196
51;197
51;198
51;199
51;200
51;201
51;202
51;203
51;204
51;205
51;206
51;207
51;208
51;209
51;210
51;211
51;212
51;213
51;214
51;215
51;216
51;217
51;218
51;219
51;220
51;221
51;222
51;223
51;224
51;225
51;226
51;227
51;228
51;229
51;230
51;231
51;232
51;233
51;234
51;235
51;236
51;237
51;238
51;239
51;240
51;241
51;242
51;243
51;244
51;245
51;246
51;247
51;248
51;249
51;250
51;251
51;252
51;253
51;254
51;255
51;256
51;257
51;258
51;259
51;260
51;261
51;262
51;263
51;264
51;265
51;266
51;267
51;268
51;269
51;270
51;271
51;272
51;273
51;274
51;275
51;276
51;277
51;278
51;279
51;280
51;281
51;282
51;283
51;284
51;285
51;286
51;287
51;288
51;289
51;290
51;291
51;292
51;293
51;294
51;295
51;296
51;297
51;298
51;299
51;300
51;301
51;302
51;303
51;304
51;305
51;306
51;307
51;308
51;309
51;310
51;311
51;312
51;313
51;314
51;315
51;316
51;317
51;318
51;319
51;682
51;683
51;684
51;685
51;686
51;687
51;688
51;689
51;690
51;691
51;692
51;693
51;694
51;695
51;696
51;697
51;698
51;699
51;700
51;701
51;702
51;703
51;704
51;705
51;706
51;707
51;708
51;709
51;710
51;711
51;712
51;713
51;714
51;715
51;716
51;717
51;718
51;719
51;720
51;721
51;722
51;723
51;724
51;725
51;726
51;727
51;728
51;729
51;730
51;731
51;732
51;733
51;734
51;735
51;736
51;737
51;738
51;739
51;740
51;741
51;742
51;743
51;744
51;745
51;746
51;747
51;748
51;749
51;750
51;751
51;752
51;753
51;754
51;755
51;756
51;757
51;758
51;759
51;760
51;761
51;762
51;763
51;764
51;765
51;766
51;767
51;768
51;769
51;770
51;771
51;772
51;773
51;774
51;775
51;776
51;777
51;778
51;779
51;780
51;781
51;782
51;783
51;784
51;785
51;786
51;787
51;788
51;789
51;790
51;791
51;792
51;793
51;794
51;795
51;796
51;797
51;798
51;799
51;800
51;801
51;802
51;803
51;804
51;805
51;806
51;807
51;808
51;809
51;810
51;811
51;812
51;813
51;814
51;815
51;816
51;817
51;818
51;819
51;820
52;116
52;117
52;118
52;119
52;120
52;121
52;122
52;123
52;124
52;125
52;126
52;127
52;128
52;129
52;130
52;131
52;132
52;133
52;134
52;135
52;136
52;137
52;138
52;139
52;140
52;141
52;142
52;143
52;144
52;145
52;146
52;147
52;148
52;149
52;150
52;151
52;152
52;153
52;154
52;155
52;156
52;157
52;158
52;159
52;160
52;161
52;162
52;163
52;164
52;165
52;166
52;167
52;168
52;169
52;170
52;171
52;172
52;173
52;174
52;175
52;176
52;177
52;178
52;179
52;180
52;181
52;182
52;183
52;184
52;185
52;186
52;187
52;188
52;189
52;190
52;191
52;192
52;193
52;194
52;195
52;196
52;197
52;198
52;199
52;200
52;201
52;202
52;203
52;204
52;205
52;206
52;207
52;208
52;209
52;210
52;211
52;212
52;213
52;214
52;215
52;216
52;217
52;218
52;219
52;220
52;221
52;222
52;223
52;224
52;225
52;226
52;227
52;228
52;229
52;230
52;231
52;232
52;233
52;234
52;235
52;236
52;237
52;238
52;239
52;240
52;241
52;242
52;243
52;244
52;245
52;246
52;247
52;248
52;249
52;250
52;251
52;252
52;253
52;254
52;255
52;256
52;257
52;258
52;259
52;260
52;261
52;262
52;263
52;264
52;265
52;266
52;267
52;268
52;269
52;270
52;271
52;272
52;273
52;274
52;275
52;276
52;277
52;278
52;279
52;280
52;281
52;282
52;283
52;284
52;285
52;286
52;287
52;288
52;289
52;290
52;291
52;292
52;293
52;294
52;295
52;296
52;297
52;298
52;299
52;300
52;301
52;302
52;303
52;304
52;305
52;306
52;307
52;308
52;309
52;310
52;311
52;312
52;313
52;314
52;315
52;316
52;317
52;318
52;319
52;683
52;684
52;685
52;686
52;687
52;688
52;689
52;690
52;691
52;692
52;693
52;694
52;695
52;696
52;697
52;698
52;699
52;700
52;701
52;702
52;703
52;704
52;705
52;706
52;707
52;708
52;709
52;710
52;711
52;712
52;713
52;714
52;715
52;716
52;717
52;718
52;719
52;720
52;721
52;722
52;723
52;724
52;725
52;726
52;727
52;728
52;729
52;730
52;731
52;732
52;733
52;734
52;735
52;736
52;737
52;738
52;739
52;740
52;741
52;742
52;743
52;744
52;745
52;746
52;747
52;748
52;749
52;750
52;751
52;752
52;753
52;754
52;755
52;756
52;757
52;758
52;759
52;760
52;761
52;762
52;763
52;764
52;765
52;766
52;767
52;768
52;769
52;770
52;771
52;772
52;773
52;774
52;775
52;776
52;777
52;778
52;779
52;780
52;781
52;782
52;783
52;784
52;785
52;786
52;787
52;788
52;789
52;790
52;791
52;792
52;793
52;794
52;795
52;796
52;797
52;798
52;799
52;800
52;801
52;802
52;803
52;804
52;805
52;806
52;807
52;808
52;809
52;810
52;811
52;812
52;813
52;814
52;815
52;816
52;817
52;818
53;117
53;118
53;119
53;120
53;121
53;122
53;123
53;124
53;125
53;126
53;127
53;128
53;129
53;130
53;131
53;132
53;133
53;134
53;135
53;136
53;137
53;138
53;139
53;140
53;141
53;142
53;143
53;144
53;145
53;146
53;147
53;148
53;149
53;150
53;151
53;152
53;153
53;154
53;155
53;156
53;157
53;158
53;159
53;160
53;161
53;162
53;163
53;164
53;165
53;166
53;167
53;168
53;169
53;170
53;171
53;172
53;173
53;174
53;175
53;176
53;177
53;178
53;179
53;180
53;181
53;182
53;183
53;184
53;185
53;186
53;187
53;188
53;189
53;190
53;191
53;192
53;193
53;194
53;195
53;196
53;197
53;198
53;199
53;200
53;201
53;202
53;203
53;204
53;205
53;206
53;207
53;208
53;209
53;210
53;211
53;212
53;213
53;214
53;215
53;216
53;217
53;218
53;219
53;220
53;221
53;222
53;223
53;224
53;225
53;226
53;227
53;228
53;229
53;230
53;231
53;232
53;233
53;234
53;235
53;236
53;237
53;238
53;239
53;240
53;241
53;242
53;243
53;244
53;245
53;246
53;247
53;248
53;249
53;250
53;251
53;252
53;253
53;254
53;255
53;256
53;257
53;258
53;259
53;260
53;261
53;262
53;263
53;264
53;265
53;266
53;267
53;268
53;269
53;270
53;271
53;272
53;273
53;274
53;275
53;276
53;277
53;278
53;279
53;280
53;281
53;282
53;283
53;284
53;285
53;286
53;287
53;288
53;289
53;290
53;291
53;292
53;293
53;294
53;295
53;296
53;297
53;298
53;299
53;300
53;301
53;302
53;303
53;304
53;305
53;306
53;307
53;308
53;309
53;310
53;311
53;312
53;313
53;314
53;315
53;316
53;317
53;318
53;684
53;685
53;686
53;687
53;688
53;689
53;690
53;691
53;692
53;693
53;694
53;695
53;696
53;697
53;698
53;699
53;700
53;701
53;702
53;703
53;704
53;705
53;706
53;707
53;708
53;709
53;710
53;711
53;712
53;713
53;714
53;715
53;716
53;717
53;718
53;719
53;720
53;721
53;722
53;723
53;724
53;725
53;726
53;727
53;728
53;729
53;730
53;731
53;732
53;733
53;734
53;735
53;736
53;737
53;738
53;739
53;740
53;741
53;742
53;743
53;744
53;745
53;746
53;747
53;748
53;749
53;750
53;751
53;752
53;753
53;754
53;755
53;756
53;757
53;758
53;759
53;760
53;761
53;762
53;763
53;764
53;765
53;766
53;767
53;768
53;769
53;770
53;771
53;772
53;773
53;774
53;775
53;776
53;777
53;778
53;779
53;780
53;781
53;782
53;783
53;784
53;785
53;786
53;787
53;788
53;789
53;790
53;791
53;792
53;793
53;794
53;795
53;796
53;797
53;798
53;799
53;800
53;801
53;802
53;803
53;804
53;805
53;806
53;807
53;808
53;809
53;810
53;811
53;812
53;813
53;814
53;815
53;816
53;817
53;818
54;117
54;118
54;119
54;120
54;121
54;122
54;123
54;124
54;125
54;126
54;127
54;128
54;129
54;130
54;131
54;132
54;133
54;134
54;135
54;136
54;137
54;138
54;139
54;140
54;141
54;142
54;143
54;144
54;145
54;146
54;147
54;148
54;149
54;150
54;151
54;152
54;153
54;154
54;155
54;156
54;157
54;158
54;159
54;160
54;161
54;162
54;163
54;164
54;165
54;166
54;167
54;168
54;169
54;170
54;171
54;172
54;173
54;174
54;175
54;176
54;177
54;178
54;179
54;180
54;181
54;182
54;183
54;184
54;185
54;186
54;187
54;188
54;189
54;190
54;191
54;192
54;193
54;194
54;195
54;196
54;197
54;198
54;199
54;200
54;201
54;202
54;203
54;204
54;205
54;206
54;207
54;208
54;209
54;210
54;211
54;212
54;213
54;214
54;215
54;216
54;217
54;218
54;219
54;220
54;221
54;222
54;223
54;224
54;225
54;226
54;227
54;228
54;229
54;230
54;231
54;232
54;233
54;234
54;235
54;236
54;237
54;238
54;239
54;240
54;241
54;242
54;243
54;244
54;245
54;246
54;247
54;248
54;249
54;250
54;251
54;252
54;253
54;254
54;255
54;256
54;257
54;258
54;259
54;260
54;261
54;262
54;263
54;264
54;265
54;266
54;267
54;268
54;269
54;270
54;271
54;272
54;273
54;274
54;275
54;276
54;277
54;278
54;279
54;280
54;281
54;282
54;283
54;284
54;285
54;286
54;287
54;288
54;289
54;290
54;291
54;292
54;293
54;294
54;295
54;296
54;297
54;298
54;299
54;300
54;301
54;302
54;303
54;304
54;305
54;306
54;307
54;308
54;309
54;310
54;311
54;312
54;313
54;314
54;315
54;316
54;317
54;318
54;685
54;686
54;687
54;688
54;689
54;690
54;691
54;692
54;693
54;694
54;695
54;696
54;697
54;698
54;699
54;700
54;701
54;702
54;703
54;704
54;705
54;706
54;707
54;708
54;709
54;710
54;711
54;712
54;713
54;714
54;715
54;716
54;717
54;718
54;719
54;720
54;721
54;722
54;723
54;724
54;725
54;726
54;727
54;728
54;729
54;730
54;731
54;732
54;733
54;734
54;735
54;736
54;737
54;738
54;739
54;740
54;741
54;742
54;743
54;744
54;745
54;746
54;747
54;748
54;749
54;750
54;751
54;752
54;753
54;754
54;755
54;756
54;757
54;758
54;759
54;760
54;761
54;762
54;763
54;764
54;765
54;766
54;767
54;768
54;769
54;770
54;771
54;772
54;773
54;774
54;775
54;776
54;777
54;778
54;779
54;780
54;781
54;782
54;783
54;784
54;785
54;786
54;787
54;788
54;789
54;790
54;791
54;792
54;793
54;794
54;795
54;796
54;797
54;798
54;799
54;800
54;801
54;802
54;803
54;804
54;805
54;806
54;807
54;808
54;809
54;810
54;811
54;812
54;813
54;814
54;815
54;816
54;817
55;117
55;118
55;119
55;120
55;121
55;122
55;123
55;124
55;125
55;126
55;127
55;128
55;129
55;130
55;131
55;132
55;133
55;134
55;135
55;136
55;137
55;138
55;139
55;140
55;141
55;142
55;143
55;144
55;145
55;146
55;147
55;148
55;149
55;150
55;151
55;152
55;153
55;154
55;155
55;156
55;157
55;158
55;159
55;160
55;161
55;162
55;163
55;164
55;165
55;166
55;167
55;168
55;169
55;170
55;171
55;172
55;173
55;174
55;175
55;176
55;177
55;178
55;179
55;180
55;181
55;182
55;183
55;184
55;185
55;186
55;187
55;188
55;189
55;190
55;191
55;192
55;193
55;194
55;195
55;196
55;197
55;198
55;199
55;200
55;201
55;202
55;203
55;204
55;205
55;206
55;207
55;208
55;209
55;210
55;211
55;212
55;213
55;214
55;215
55;216
55;217
55;218
55;219
55;220
55;221
55;222
55;223
55;224
55;225
55;226
55;227
55;228
55;229
55;230
55;231
55;232
55;233
55;234
55;235
55;236
55;237
55;238
55;239
55;240
55;241
55;242
55;243
55;244
55;245
55;246
55;247
55;248
55;249
55;250
55;251
55;252
55;253
55;254
55;255
55;256
55;257
55;258
55;259
55;260
55;261
55;262
55;263
55;264
55;265
55;266
55;267
55;268
55;269
55;270
55;271
55;272
55;273
55;274
55;275
55;276
55;277
55;278
55;279
55;280
55;281
55;282
55;283
55;284
55;285
55;286
55;287
55;288
55;289
55;290
55;291
55;292
55;293
55;294
55;295
55;296
55;297
55;298
55;299
55;300
55;301
55;302
55;303
55;304
55;305
55;306
55;307
55;308
55;309
55;310
55;311
55;312
55;313
55;314
55;315
55;316
55;317
55;318
55;686
55;687
55;688
55;689
55;690
55;691
55;692
55;693
55;694
55;695
55;696
55;697
55;698
55;699
55;700
55;701
55;702
55;703
55;704
55;705
55;706
55;707
55;708
55;709
55;710
55;711
55;712
55;713
55;714
55;715
55;716
55;717
55;718
55;719
55;720
55;721
55;722
55;723
55;724
55;725
55;726
55;727
55;728
55;729
55;730
55;731
55;732
55;733
55;734
55;735
55;736
55;737
55;738
55;739
55;740
55;741
55;742
55;743
55;744
55;745
55;746
55;747
55;748
55;749
55;750
55;751
55;752
55;753
55;754
55;755
55;756
55;757
55;758
55;759
55;760
55;761
55;762
55;763
55;764
55;765
55;766
55;767
55;768
55;769
55;770
55;771
55;772
55;773
55;774
55;775
55;776
55;777
55;778
55;779
55;780
55;781
55;782
55;783
55;784
55;785
55;786
55;787
55;788
55;789
55;790
55;791
55;792
55;793
55;794
55;795
55;796
55;797
55;798
55;799
55;800
55;801
55;802
55;803
55;804
55;805
55;806
55;807
55;808
55;809
55;810
55;811
55;812
55;813
55;814
55;815
55;816
55;817
56;118
56;119
56;120
56;121
56;122
56;123
56;124
56;125
56;126
56;127
56;128
56;129
56;130
56;131
56;132
56;133
56;134
56;135
56;136
56;137
56;138
56;139
56;140
56;141
56;142
56;143
56;144
56;145
56;146
56;147
56;148
56;149
56;150
56;151
56;152
56;153
56;154
56;155
56;156
56;157
56;158
56;159
56;160
56;161
56;162
56;163
56;164
56;165
56;166
56;167
56;168
56;169
56;170
56;171
56;172
56;173
56;174
56;175
56;176
56;177
56;178
56;179
56;180
56;181
56;182
56;183
56;184
56;185
56;186
56;187
56;188
56;189
56;190
56;191
56;192
56;193
56;194
56;195
56;196
56;197
56;198
56;199
56;200
56;201
56;202
56;203
56;204
56;205
56;206
56;207
56;208
56;209
56;210
56;211
56;212
56;213
56;214
56;215
56;216
56;217
56;218
56;219
56;220
56;221
56;222
56;223
56;224
56;225
56;226
56;227
56;228
56;229
56;230
56;231
56;232
56;233
56;234
56;235
56;236
56;237
56;238
56;239
56;240
56;241
56;242
56;243
56;244
56;245
56;246
56;247
56;248
56;249
56;250
56;251
56;252
56;253
56;254
56;255
56;256
56;257
56;258
56;259
56;260
56;261
56;262
56;263
56;264
56;265
56;266
56;267
56;268
56;269
56;270
56;271
56;272
56;273
56;274
56;275
56;276
56;277
56;278
56;279
56;280
56;281
56;282
56;283
56;284
56;285
56;286
56;287
56;288
56;289
56;290
56;291
56;292
56;293
56;294
56;295
56;296
56;297
56;298
56;299
56;300
56;301
56;302
56;303
56;304
56;305
56;306
56;307
56;308
56;309
56;310
56;311
56;312
56;313
56;314
56;315
56;316
56;317
56;318
56;687
56;688
56;689
56;690
56;691
56;692
56;693
56;694
56;695
56;696
56;697
56;698
56;699
56;700
56;701
56;702
56;703
56;704
56;705
56;706
56;707
56;708
56;709
56;710
56;711
56;712
56;713
56;714
56;715
56;716
56;717
56;718
56;719
56;720
56;721
56;722
56;723
56;724
56;725
56;726
56;727
56;728
56;729
56;730
56;731
56;732
56;733
56;734
56;735
56;736
56;737
56;738
56;739
56;740
56;741
56;742
56;743
56;744
56;745
56;746
56;747
56;748
56;749
56;750
56;751
56;752
56;753
56;754
56;755
56;756
56;757
56;758
56;759
56;760
56;761
56;762
56;763
56;764
56;765
56;766
56;767
56;768
56;769
56;770
56;771
56;772
56;773
56;774
56;775
56;776
56;777
56;778
56;779
56;780
56;781
56;782
56;783
56;784
56;785
56;786
56;787
56;788
56;789
56;790
56;791
56;792
56;793
56;794
56;795
56;796
56;797
56;798
56;799
56;800
56;801
56;802
56;803
56;804
56;805
56;806
56;807
56;808
56;809
56;810
56;811
56;812
56;813
56;814
56;815
56;816
56;817
57;118
57;119
57;120
57;121
57;122
57;123
57;124
57;125
57;126
57;127
57;128
57;129
57;130
57;131
57;132
57;133
57;134
57;135
57;136
57;137
57;138
57;139
57;140
57;141
57;142
57;143
57;144
57;145
57;146
57;147
57;148
57;149
57;150
57;151
57;152
57;153
57;154
57;155
57;156
57;157
57;158
57;159
57;160
57;161
57;162
57;163
57;164
57;165
57;166
57;167
57;168
57;169
57;170
57;171
57;172
57;173
57;174
57;175
57;176
57;177
57;178
57;179
57;180
57;181
57;182
57;183
57;184
57;185
57;186
57;187
57;188
57;189
57;190
57;191
57;192
57;193
57;194
57;195
57;196
57;197
57;198
57;199
57;200
57;201
57;202
57;203
57;204
57;205
57;206
57;207
57;208
57;209
57;210
57;211
57;212
57;213
57;214
57;215
57;216
57;217
57;218
57;219
57;220
57;221
57;222
57;223
57;224
57;225
57;226
57;227
57;228
57;229
57;230
57;231
57;232
57;233
57;234
57;235
57;236
57;237
57;238
57;239
57;240
57;241
57;242
57;243
57;244
57;245
57;246
57;247
57;248
57;249
57;250
57;251
57;252
57;253
57;254
57;255
57;256
57;257
57;258
57;259
57;260
57;261
57;262
57;263
57;264
57;265
57;266
57;267
57;268
57;269
57;270
57;271
57;272
57;273
57;274
57;275
57;276
57;277
57;278
57;279
57;280
57;281
57;282
57;283
57;284
57;285
57;286
57;287
57;288
57;289
57;290
57;291
57;292
57;293
57;294
57;295
57;296
57;297
57;298
57;299
57;300
57;301
57;302
57;303
57;304
57;305
57;306
57;307
57;308
57;309
57;310
57;311
57;312
57;313
57;314
57;315
57;316
57;317
57;688
57;689
57;690
57;691
57;692
57;693
57;694
57;695
57;696
57;697
57;698
57;699
57;700
57;701
57;702
57;703
57;704
57;705
57;706
57;707
57;708
57;709
57;710
57;711
57;712
57;713
57;714
57;715
57;716
57;717
57;718
57;719
57;720
57;721
57;722
57;723
57;724
57;725
57;726
57;727
57;728
57;729
57;730
57;731
57;732
57;733
57;734
57;735
57;736
57;737
57;738
57;739
57;740
57;741
57;742
57;743
57;744
57;745
57;746
57;747
57;748
57;749
57;750
57;751
57;752
57;753
57;754
57;755
57;756
57;757
57;758
57;759
57;760
57;761
57;762
57;763
57;764
57;765
57;766
57;767
57;768
57;769
57;770
57;771
57;772
57;773
57;774
57;775
57;776
57;777
57;778
57;779
57;780
57;781
57;782
57;783
57;784
57;785
57;786
57;787
57;788
57;789
57;790
57;791
57;792
57;793
57;794
57;795
57;796
57;797
57;798
57;799
57;800
57;801
57;802
57;803
57;804
57;805
57;806
57;807
57;808
57;809
57;810
57;811
57;812
57;813
57;814
57;815
57;816
57;817
58;118
58;119
58;120
58;121
58;122
58;123
58;124
58;125
58;126
58;127
58;128
58;129
58;130
58;131
58;132
58;133
58;134
58;135
58;136
58;137
58;138
58;139
58;140
58;141
58;142
58;143
58;144
58;145
58;146
58;147
58;148
58;149
58;150
58;151
58;152
58;153
58;154
58;155
58;156
58;157
58;158
58;159
58;160
58;161
58;162
58;163
58;164
58;165
58;166
58;167
58;168
58;169
58;170
58;171
58;172
58;173
58;174
58;175
58;176
58;177
58;178
58;179
58;180
58;181
58;182
58;183
58;184
58;185
58;186
58;187
58;188
58;189
58;190
58;191
58;192
58;193
58;194
58;195
58;196
58;197
58;198
58;199
58;200
58;201
58;202
58;203
58;204
58;205
58;206
58;207
58;208
58;209
58;210
58;211
58;212
58;213
58;214
58;215
58;216
58;217
58;218
58;219
58;220
58;221
58;222
58;223
58;224
58;225
58;226
58;227
58;228
58;229
58;230
58;231
58;232
58;233
58;234
58;235
58;236
58;237
58;238
58;239
58;240
58;241
58;242
58;243
58;244
58;245
58;246
58;247
58;248
58;249
58;250
58;251
58;252
58;253
58;254
58;255
58;256
58;257
58;258
58;259
58;260
58;261
58;262
58;263
58;264
58;265
58;266
58;267
58;268
58;269
58;270
58;271
58;272
58;273
58;274
58;275
58;276
58;277
58;278
58;279
58;280
58;281
58;282
58;283
58;284
58;285
58;286
58;287
58;288
58;289
58;290
58;291
58;292
58;293
58;294
58;295
58;296
58;297
58;298
58;299
58;300
58;301
58;302
58;303
58;304
58;305
58;306
58;307
58;308
58;309
58;310
58;311
58;312
58;313
58;314
58;315
58;316
58;317
58;690
58;691
58;692
58;693
58;694
58;695
58;696
58;697
58;698
58;699
58;700
58;701
58;702
58;703
58;704
58;705
58;706
58;707
58;708
58;709
58;710
58;711
58;712
58;713
58;714
58;715
58;716
58;717
58;718
58;719
58;720
58;721
58;722
58;723
58;724
58;725
58;726
58;727
58;728
58;729
58;730
58;731
58;732
58;733
58;734
58;735
58;736
58;737
58;738
58;739
58;740
58;741
58;742
58;743
58;744
58;745
58;746
58;747
58;748
58;749
58;750
58;751
58;752
58;753
58;754
58;755
58;756
58;757
58;758
58;759
58;760
58;761
58;762
58;763
58;764
58;765
58;766
58;767
58;768
58;769
58;770
58;771
58;772
58;773
58;774
58;775
58;776
58;777
58;778
58;779
58;780
58;781
58;782
58;783
58;784
58;785
58;786
58;787
58;788
58;789
58;790
58;791
58;792
58;793
58;794
58;795
58;796
58;797
58;798
58;799
58;800
58;801
58;802
58;803
58;804
58;805
58;806
58;807
58;808
58;809
58;810
58;811
58;812
58;813
58;814
58;815
58;816
58;817
59;118
59;119
59;120
59;121
59;122
59;123
59;124
59;125
59;126
59;127
59;128
59;129
59;130
59;131
59;132
59;133
59;134
59;135
59;136
59;137
59;138
59;139
59;140
59;141
59;142
59;143
59;144
59;145
59;146
59;147
59;148
59;149
59;150
59;151
59;152
59;153
59;154
59;155
59;156
59;157
59;158
59;159
59;160
59;161
59;162
59;163
59;164
59;165
59;166
59;167
59;168
59;169
59;170
59;171
59;172
59;173
59;174
59;175
59;176
59;177
59;178
59;179
59;180
59;181
59;182
59;183
59;184
59;185
59;186
59;187
59;188
59;189
59;190
59;191
59;192
59;193
59;194
59;195
59;196
59;197
59;198
59;199
59;200
59;201
59;202
59;203
59;204
59;205
59;206
59;207
59;208
59;209
59;210
59;211
59;212
59;213
59;214
59;215
59;216
59;217
59;218
59;219
59;220
59;221
59;222
59;223
59;224
59;225
59;226
59;227
59;228
59;229
59;230
59;231
59;232
59;233
59;234
59;235
59;236
59;237
59;238
59;239
59;240
59;241
59;242
59;243
59;244
59;245
59;246
59;247
59;248
59;249
59;250
59;251
59;252
59;253
59;254
59;255
59;256
59;257
59;258
59;259
59;260
59;261
59;262
59;263
59;264
59;265
59;266
59;267
59;268
59;269
59;270
59;271
59;272
59;273
59;274
59;275
59;276
59;277
59;278
59;279
59;280
59;281
59;282
59;283
59;284
59;285
59;286
59;287
59;288
59;289
59;290
59;291
59;292
59;293
59;294
59;295
59;296
59;297
59;298
59;299
59;300
59;301
59;302
59;303
59;304
59;305
59;306
59;307
59;308
59;309
59;310
59;311
59;312
59;313
59;314
59;315
59;316
59;317
59;690
59;691
59;692
59;693
59;694
59;695
59;696
59;697
59;698
59;699
59;700
59;701
59;702
59;703
59;704
59;705
59;706
59;707
59;708
59;709
59;710
59;711
59;712
59;713
59;714
59;715
59;716
59;717
59;718
59;719
59;720
59;721
59;722
59;723
59;724
59;725
59;726
59;727
59;728
59;729
59;730
59;731
59;732
59;733
59;734
59;735
59;736
59;737
59;738
59;739
59;740
59;741
59;742
59;743
59;744
59;745
59;746
59;747
59;748
59;749
59;750
59;751
59;752
59;753
59;754
59;755
59;756
59;757
59;758
59;759
59;760
59;761
59;762
59;763
59;764
59;765
59;766
59;767
59;768
59;769
59;770
59;771
59;772
59;773
59;774
59;775
59;776
59;777
59;778
59;779
59;780
59;781
59;782
59;783
59;784
59;785
59;786
59;787
59;788
59;789
59;790
59;791
59;792
59;793
59;794
59;795
59;796
59;797
59;798
59;799
59;800
59;801
59;802
59;803
59;804
59;805
59;806
59;807
59;808
59;809
59;810
59;811
59;812
59;813
59;814
59;815
59;816
60;119
60;120
60;121
60;122
60;123
60;124
60;125
60;126
60;127
60;128
60;129
60;130
60;131
60;132
60;133
60;134
60;135
60;136
60;137
60;138
60;139
60;140
60;141
60;142
60;143
60;144
60;145
60;146
60;147
60;148
60;149
60;150
60;151
60;152
60;153
60;154
60;155
60;156
60;157
60;158
60;159
60;160
60;161
60;162
60;163
60;164
60;165
60;166
60;167
60;168
60;169
60;170
60;171
60;172
60;173
60;174
60;175
60;176
60;177
60;178
60;179
60;180
60;181
60;182
60;183
60;184
60;185
60;186
60;187
60;188
60;189
60;190
60;191
60;192
60;193
60;194
60;195
60;196
60;197
60;198
60;199
60;200
60;201
60;202
60;203
60;204
60;205
60;206
60;207
60;208
60;209
60;210
60;211
60;212
60;213
60;214
60;215
60;216
60;217
60;218
60;219
60;220
60;221
60;222
60;223
60;224
60;225
60;226
60;227
60;228
60;229
60;230
60;231
60;232
60;233
60;234
60;235
60;236
60;237
60;238
60;239
60;240
60;241
60;242
60;243
60;244
60;245
60;246
60;247
60;248
60;249
60;250
60;251
60;252
60;253
60;254
60;255
60;256
60;257
60;258
60;259
60;260
60;261
60;262
60;263
60;264
60;265
60;266
60;267
60;268
60;269
60;270
60;271
60;272
60;273
60;274
60;275
60;276
60;277
60;278
60;279
60;280
60;281
60;282
60;283
60;284
60;285
60;286
60;287
60;288
60;289
60;290
60;291
60;292
60;293
60;294
60;295
60;296
60;297
60;298
60;299
60;300
60;301
60;302
60;303
60;304
60;305
60;306
60;307
60;308
60;309
60;310
60;311
60;312
60;313
60;314
60;315
60;316
60;692
60;693
60;694
60;695
60;696
60;697
60;698
60;699
60;700
60;701
60;702
60;703
60;704
60;705
60;706
60;707
60;708
60;709
60;710
60;711
60;712
60;713
60;714
60;715
60;716
60;717
60;718
60;719
60;720
60;721
60;722
60;723
60;724
60;725
60;726
60;727
60;728
60;729
60;730
60;731
60;732
60;733
60;734
60;735
60;736
60;737
60;738
60;739
60;740
60;741
60;742
60;743
60;744
60;745
60;746
60;747
60;748
60;749
60;750
60;751
60;752
60;753
60;754
60;755
60;756
60;757
60;758
60;759
60;760
60;761
60;762
60;763
60;764
60;765
60;766
60;767
60;768
60;769
60;770
60;771
60;772
60;773
60;774
60;775
60;776
60;777
60;778
60;779
60;780
60;781
60;782
60;783
60;784
60;785
60;786
60;787
60;788
60;789
60;790
60;791
60;792
60;793
60;794
60;795
60;796
60;797
60;798
60;799
60;800
60;801
60;802
60;803
60;804
60;805
60;806
60;807
60;808
60;809
60;810
60;811
60;814
60;816
61;119
61;120
61;121
61;122
61;123
61;124
61;125
61;126
61;127
61;128
61;129
61;130
61;131
61;132
61;133
61;134
61;135
61;136
61;137
61;138
61;139
61;140
61;141
61;142
61;143
61;144
61;145
61;146
61;147
61;148
61;149
61;150
61;151
61;152
61;153
61;154
61;155
61;156
61;157
61;158
61;159
61;160
61;161
61;162
61;163
61;164
61;165
61;166
61;167
61;168
61;169
61;170
61;171
61;172
61;173
61;174
61;175
61;176
61;177
61;178
61;179
61;180
61;181
61;182
61;183
61;184
61;185
61;186
61;187
61;188
61;189
61;190
61;191
61;192
61;193
61;194
61;195
61;196
61;197
61;198
61;199
61;200
61;201
61;202
61;203
61;204
61;205
61;206
61;207
61;208
61;209
61;210
61;211
61;212
61;213
61;214
61;215
61;216
61;217
61;218
61;219
61;220
61;221
61;222
61;223
61;224
61;225
61;226
61;227
61;228
61;229
61;230
61;231
61;232
61;233
61;234
61;235
61;236
61;237
61;238
61;239
61;240
61;241
61;242
61;243
61;244
61;245
61;246
61;247
61;248
61;249
61;250
61;251
61;252
61;253
61;254
61;255
61;256
61;257
61;258
61;259
61;260
61;261
61;262
61;263
61;264
61;265
61;266
61;267
61;268
61;269
61;270
61;271
61;272
61;273
61;274
61;275
61;276
61;277
61;278
61;279
61;280
61;281
61;282
61;283
61;284
61;285
61;286
61;287
61;288
61;289
61;290
61;291
61;292
61;293
61;294
61;295
61;296
61;297
61;298
61;299
61;300
61;301
61;302
61;303
61;304
61;305
61;306
61;307
61;308
61;309
61;310
61;311
61;312
61;313
61;314
61;315
61;316
61;693
61;694
61;695
61;696
61;697
61;698
61;699
61;700
61;701
61;702
61;703
61;704
61;705
61;706
61;707
61;708
61;709
61;710
61;711
61;712
61;713
61;714
61;715
61;716
61;717
61;718
61;719
61;720
61;721
61;722
61;723
61;724
61;725
61;726
61;727
61;728
61;729
61;730
61;731
61;732
61;733
61;734
61;735
61;736
61;737
61;738
61;739
61;740
61;741
61;742
61;743
61;744
61;745
61;746
61;747
61;748
61;749
61;750
61;751
61;752
61;753
61;754
61;755
61;756
61;757
61;758
61;759
61;760
61;761
61;762
61;763
61;764
61;765
61;766
61;767
61;768
61;769
61;770
61;771
61;772
61;773
61;774
61;775
61;776
61;777
61;778
61;779
61;780
61;781
61;782
61;783
61;784
61;785
61;786
61;787
61;788
61;789
61;790
61;791
61;792
61;793
61;794
61;795
61;796
61;797
61;798
61;799
61;800
61;801
61;802
61;803
61;804
61;805
61;806
61;807
61;808
61;809
61;810
62;120
62;121
62;122
62;123
62;124
62;125
62;126
62;127
62;128
62;129
62;130
62;131
62;132
62;133
62;134
62;135
62;136
62;137
62;138
62;139
62;140
62;141
62;142
62;143
62;144
62;145
62;146
62;147
62;148
62;149
62;150
62;151
62;152
62;153
62;154
62;155
62;156
62;157
62;158
62;159
62;160
62;161
62;162
62;163
62;164
62;165
62;166
62;167
62;168
62;169
62;170
62;171
62;172
62;173
62;174
62;175
62;176
62;177
62;178
62;179
62;180
62;181
62;182
62;183
62;184
62;185
62;186
62;187
62;188
62;189
62;190
62;191
62;192
62;193
62;194
62;195
62;196
62;197
62;198
62;199
62;200
62;201
62;202
62;203
62;204
62;205
62;206
62;207
62;208
62;209
62;210
62;211
62;212
62;213
62;214
62;215
62;216
62;217
62;218
62;219
62;220
62;221
62;222
62;223
62;224
62;225
62;226
62;227
62;228
62;229
62;230
62;231
62;232
62;233
62;234
62;235
62;236
62;237
62;238
62;239
62;240
62;241
62;242
62;243
62;244
62;245
62;246
62;247
62;248
62;249
62;250
62;251
62;252
62;253
62;254
62;255
62;256
62;257
62;258
62;259
62;260
62;261
62;262
62;263
62;264
62;265
62;266
62;267
62;268
62;269
62;270
62;271
62;272
62;273
62;274
62;275
62;276
62;277
62;278
62;279
62;280
62;281
62;282
62;283
62;284
62;285
62;286
62;287
62;288
62;289
62;290
62;291
62;292
62;293
62;294
62;295
62;296
62;297
62;298
62;299
62;300
62;301
62;302
62;303
62;304
62;305
62;306
62;307
62;308
62;309
62;310
62;311
62;312
62;313
62;314
62;315
62;316
62;694
62;695
62;696
62;697
62;698
62;699
62;700
62;701
62;702
62;703
62;704
62;705
62;706
62;707
62;708
62;709
62;710
62;711
62;712
62;713
62;714
62;715
62;716
62;717
62;718
62;719
62;720
62;721
62;722
62;723
62;724
62;725
62;726
62;727
62;728
62;729
62;730
62;731
62;732
62;733
62;734
62;735
62;736
62;737
62;738
62;739
62;740
62;741
62;742
62;743
62;744
62;745
62;746
62;747
62;748
62;749
62;750
62;751
62;752
62;753
62;754
62;755
62;756
62;757
62;758
62;759
62;760
62;761
62;762
62;763
62;764
62;765
62;766
62;767
62;768
62;769
62;770
62;771
62;772
62;773
62;774
62;775
62;776
62;777
62;778
62;779
62;780
62;781
62;782
62;783
62;784
62;785
62;786
62;787
62;788
62;789
62;790
62;791
62;792
62;793
62;794
62;795
62;796
62;797
62;798
62;799
62;800
62;801
62;802
62;803
62;804
62;805
62;806
62;807
62;808
62;809
62;810
63;120
63;121
63;122
63;123
63;124
63;125
63;126
63;127
63;128
63;129
63;130
63;131
63;132
63;133
63;134
63;135
63;136
63;137
63;138
63;139
63;140
63;141
63;142
63;143
63;144
63;145
63;146
63;147
63;148
63;149
63;150
63;151
63;152
63;153
63;154
63;155
63;156
63;157
63;158
63;159
63;160
63;161
63;162
63;163
63;164
63;165
63;166
63;167
63;168
63;169
63;170
63;171
63;172
63;173
63;174
63;175
63;176
63;177
63;178
63;179
63;180
63;181
63;182
63;183
63;184
63;185
63;186
63;187
63;188
63;189
63;190
63;191
63;192
63;193
63;194
63;195
63;196
63;197
63;198
63;199
63;200
63;201
63;202
63;203
63;204
63;205
63;206
63;207
63;208
63;209
63;210
63;211
63;212
63;213
63;214
63;215
63;216
63;217
63;218
63;219
63;220
63;221
63;222
63;223
63;224
63;225
63;226
63;227
63;228
63;229
63;230
63;231
63;232
63;233
63;234
63;235
63;236
63;237
63;238
63;239
63;240
63;241
63;242
63;243
63;244
63;245
63;246
63;247
63;248
63;249
63;250
63;251
63;252
63;253
63;254
63;255
63;256
63;257
63;258
63;259
63;260
63;261
63;262
63;263
63;264
63;265
63;266
63;267
63;268
63;269
63;270
63;271
63;272
63;273
63;274
63;275
63;276
63;277
63;278
63;279
63;280
63;281
63;282
63;283
63;284
63;285
63;286
63;287
63;288
63;289
63;290
63;291
63;292
63;293
63;294
63;295
63;296
63;297
63;298
63;299
63;300
63;301
63;302
63;303
63;304
63;305
63;306
63;307
63;308
63;309
63;310
63;311
63;312
63;313
63;314
63;315
63;696
63;697
63;698
63;699
63;700
63;701
63;702
63;703
63;704
63;705
63;706
63;707
63;708
63;709
63;710
63;711
63;712
63;713
63;714
63;715
63;716
63;717
63;718
63;719
63;720
63;721
63;722
63;723
63;724
63;725
63;726
63;727
63;728
63;729
63;730
63;731
63;732
63;733
63;734
63;735
63;736
63;737
63;738
63;739
63;740
63;741
63;742
63;743
63;744
63;745
63;746
63;747
63;748
63;749
63;750
63;751
63;752
63;753
63;754
63;755
63;756
63;757
63;758
63;759
63;760
63;761
63;762
63;763
63;764
63;765
63;766
63;767
63;768
63;769
63;770
63;771
63;772
63;773
63;774
63;775
63;776
63;777
63;778
63;779
63;780
63;781
63;782
63;783
63;784
63;785
63;786
63;787
63;788
63;789
63;790
63;791
63;792
63;793
63;794
63;795
63;796
63;797
63;798
63;799
63;800
63;801
63;802
63;803
63;804
63;805
63;806
63;807
63;808
63;809
64;120
64;121
64;122
64;123
64;124
64;125
64;126
64;127
64;128
64;129
64;130
64;131
64;132
64;133
64;134
64;135
64;136
64;137
64;138
64;139
64;140
64;141
64;142
64;143
64;144
64;145
64;146
64;147
64;148
64;149
64;150
64;151
64;152
64;153
64;154
64;155
64;156
64;157
64;158
64;159
64;160
64;161
64;162
64;163
64;164
64;165
64;166
64;167
64;168
64;169
64;170
64;171
64;172
64;173
64;174
64;175
64;176
64;177
64;178
64;179
64;180
64;181
64;182
64;183
64;184
64;185
64;186
64;187
64;188
64;189
64;190
64;191
64;192
64;193
64;194
64;195
64;196
64;197
64;198
64;199
64;200
64;201
64;202
64;203
64;204
64;205
64;206
64;207
64;208
64;209
64;210
64;211
64;212
64;213
64;214
64;215
64;216
64;217
64;218
64;219
64;220
64;221
64;222
64;223
64;224
64;225
64;226
64;227
64;228
64;229
64;230
64;231
64;232
64;233
64;234
64;235
64;236
64;237
64;238
64;239
64;240
64;241
64;242
64;243
64;244
64;245
64;246
64;247
64;248
64;249
64;250
64;251
64;252
64;253
64;254
64;255
64;256
64;257
64;258
64;259
64;260
64;261
64;262
64;263
64;264
64;265
64;266
64;267
64;268
64;269
64;270
64;271
64;272
64;273
64;274
64;275
64;276
64;277
64;278
64;279
64;280
64;281
64;282
64;283
64;284
64;285
64;286
64;287
64;288
64;289
64;290
64;291
64;292
64;293
64;294
64;295
64;296
64;297
64;298
64;299
64;300
64;301
64;302
64;303
64;304
64;305
64;306
64;307
64;308
64;309
64;310
64;311
64;312
64;313
64;314
64;315
64;698
64;699
64;700
64;701
64;702
64;703
64;704
64;705
64;706
64;707
64;708
64;709
64;710
64;711
64;712
64;713
64;714
64;715
64;716
64;717
64;718
64;719
64;720
64;721
64;722
64;723
64;724
64;725
64;726
64;727
64;728
64;729
64;730
64;731
64;732
64;733
64;734
64;735
64;736
64;737
64;738
64;739
64;740
64;741
64;742
64;743
64;744
64;745
64;746
64;747
64;748
64;749
64;750
64;751
64;752
64;753
64;754
64;755
64;756
64;757
64;758
64;759
64;760
64;761
64;762
64;763
64;764
64;765
64;766
64;767
64;768
64;769
64;770
64;771
64;772
64;773
64;774
64;775
64;776
64;777
64;778
64;779
64;780
64;781
64;782
64;783
64;784
64;785
64;786
64;787
64;788
64;789
64;790
64;791
64;792
64;793
64;794
64;795
64;796
64;797
64;798
64;799
64;800
64;801
64;802
64;803
64;804
64;805
64;806
64;807
64;808
65;121
65;122
65;123
65;124
65;125
65;126
65;127
65;128
65;129
65;130
65;131
65;132
65;133
65;134
65;135
65;136
65;137
65;138
65;139
65;140
65;141
65;142
65;143
65;144
65;145
65;146
65;147
65;148
65;149
65;150
65;151
65;152
65;153
65;154
65;155
65;156
65;157
65;158
65;159
65;160
65;161
65;162
65;163
65;164
65;165
65;166
65;167
65;168
65;169
65;170
65;171
65;172
65;173
65;174
65;175
65;176
65;177
65;178
65;179
65;180
65;181
65;182
65;183
65;184
65;185
65;186
65;187
65;188
65;189
65;190
65;191
65;192
65;193
65;194
65;195
65;196
65;197
65;198
65;199
65;200
65;201
65;202
65;203
65;204
65;205
65;206
65;207
65;208
65;209
65;210
65;211
65;212
65;213
65;214
65;215
65;216
65;217
65;218
65;219
65;220
65;221
65;222
65;223
65;224
65;225
65;226
65;227
65;228
65;229
65;230
65;231
65;232
65;233
65;234
65;235
65;236
65;237
65;238
65;239
65;240
65;241
65;242
65;243
65;244
65;245
65;246
65;247
65;248
65;249
65;250
65;251
65;252
65;253
65;254
65;255
65;256
65;257
65;258
65;259
65;260
65;261
65;262
65;263
65;264
65;265
65;266
65;267
65;268
65;269
65;270
65;271
65;272
65;273
65;274
65;275
65;276
65;277
65;278
65;279
65;280
65;281
65;282
65;283
65;284
65;285
65;286
65;287
65;288
65;289
65;290
65;291
65;292
65;293
65;294
65;295
65;296
65;297
65;298
65;299
65;300
65;301
65;302
65;303
65;304
65;305
65;306
65;307
65;308
65;309
65;310
65;311
65;312
65;313
65;314
65;698
65;699
65;700
65;701
65;702
65;703
65;704
65;705
65;706
65;707
65;708
65;709
65;710
65;711
65;712
65;713
65;714
65;715
65;716
65;717
65;718
65;719
65;720
65;721
65;722
65;723
65;724
65;725
65;726
65;727
65;728
65;729
65;730
65;731
65;732
65;733
65;734
65;735
65;736
65;737
65;738
65;739
65;740
65;741
65;742
65;743
65;744
65;745
65;746
65;747
65;748
65;749
65;750
65;751
65;752
65;753
65;754
65;755
65;756
65;757
65;758
65;759
65;760
65;761
65;762
65;763
65;764
65;765
65;766
65;767
65;768
65;769
65;770
65;771
65;772
65;773
65;774
65;775
65;776
65;777
65;778
65;779
65;780
65;781
65;782
65;783
65;784
65;785
65;786
65;787
65;788
65;789
65;790
65;791
65;792
65;793
65;794
65;795
65;796
65;797
65;798
65;799
65;800
65;801
65;802
65;803
65;804
65;805
65;806
65;807
65;808
66;121
66;122
66;123
66;124
66;125
66;126
66;127
66;128
66;129
66;130
66;131
66;132
66;133
66;134
66;135
66;136
66;137
66;138
66;139
66;140
66;141
66;142
66;143
66;144
66;145
66;146
66;147
66;148
66;149
66;150
66;151
66;152
66;153
66;154
66;155
66;156
66;157
66;158
66;159
66;160
66;161
66;162
66;163
66;164
66;165
66;166
66;167
66;168
66;169
66;170
66;171
66;172
66;173
66;174
66;175
66;176
66;177
66;178
66;179
66;180
66;181
66;182
66;183
66;184
66;185
66;186
66;187
66;188
66;189
66;190
66;191
66;192
66;193
66;194
66;195
66;196
66;197
66;198
66;199
66;200
66;201
66;202
66;203
66;204
66;205
66;206
66;207
66;208
66;209
66;210
66;211
66;212
66;213
66;214
66;215
66;216
66;217
66;218
66;219
66;220
66;221
66;222
66;223
66;224
66;225
66;226
66;227
66;228
66;229
66;230
66;231
66;232
66;233
66;234
66;235
66;236
66;237
66;238
66;239
66;240
66;241
66;242
66;243
66;244
66;245
66;246
66;247
66;248
66;249
66;250
66;251
66;252
66;253
66;254
66;255
66;256
66;257
66;258
66;259
66;260
66;261
66;262
66;263
66;264
66;265
66;266
66;267
66;268
66;269
66;270
66;271
66;272
66;273
66;274
66;275
66;276
66;277
66;278
66;279
66;280
66;281
66;282
66;283
66;284
66;285
66;286
66;287
66;288
66;289
66;290
66;291
66;292
66;293
66;294
66;295
66;296
66;297
66;298
66;299
66;300
66;301
66;302
66;303
66;304
66;305
66;306
66;307
66;308
66;309
66;310
66;311
66;312
66;313
66;314
66;700
66;701
66;702
66;703
66;704
66;705
66;706
66;707
66;708
66;709
66;710
66;711
66;712
66;713
66;714
66;715
66;716
66;717
66;718
66;719
66;720
66;721
66;722
66;723
66;724
66;725
66;726
66;727
66;728
66;729
66;730
66;731
66;732
66;733
66;734
66;735
66;736
66;737
66;738
66;739
66;740
66;741
66;742
66;743
66;744
66;745
66;746
66;747
66;748
66;749
66;750
66;751
66;752
66;753
66;754
66;755
66;756
66;757
66;758
66;759
66;760
66;761
66;762
66;763
66;764
66;765
66;766
66;767
66;768
66;769
66;770
66;771
66;772
66;773
66;774
66;775
66;776
66;777
66;778
66;779
66;780
66;781
66;782
66;783
66;784
66;785
66;786
66;787
66;788
66;789
66;790
66;791
66;792
66;793
66;794
66;795
66;796
66;797
66;798
66;799
66;800
66;801
66;802
66;803
66;804
66;805
66;806
66;807
67;122
67;123
67;124
67;125
67;126
67;127
67;128
67;129
67;130
67;131
67;132
67;133
67;134
67;135
67;136
67;137
67;138
67;139
67;140
67;141
67;142
67;143
67;144
67;145
67;146
67;147
67;148
67;149
67;150
67;151
67;152
67;153
67;154
67;155
67;156
67;157
67;158
67;159
67;160
67;161
67;162
67;163
67;164
67;165
67;166
67;167
67;168
67;169
67;170
67;171
67;172
67;173
67;174
67;175
67;176
67;177
67;178
67;179
67;180
67;181
67;182
67;183
67;184
67;185
67;186
67;187
67;188
67;189
67;190
67;191
67;192
67;193
67;194
67;195
67;196
67;197
67;198
67;199
67;200
67;201
67;202
67;203
67;204
67;205
67;206
67;207
67;208
67;209
67;210
67;211
67;212
67;213
67;214
67;215
67;216
67;217
67;218
67;219
67;220
67;221
67;222
67;223
67;224
67;225
67;226
67;227
67;228
67;229
67;230
67;231
67;232
67;233
67;234
67;235
67;236
67;237
67;238
67;239
67;240
67;241
67;242
67;243
67;244
67;245
67;246
67;247
67;248
67;249
67;250
67;251
67;252
67;253
67;254
67;255
67;256
67;257
67;258
67;259
67;260
67;261
67;262
67;263
67;264
67;265
67;266
67;267
67;268
67;269
67;270
67;271
67;272
67;273
67;274
67;275
67;276
67;277
67;278
67;279
67;280
67;281
67;282
67;283
67;284
67;285
67;286
67;287
67;288
67;289
67;290
67;291
67;292
67;293
67;294
67;295
67;296
67;297
67;298
67;299
67;300
67;301
67;302
67;303
67;304
67;305
67;306
67;307
67;308
67;309
67;310
67;311
67;312
67;313
67;314
67;702
67;703
67;704
67;705
67;706
67;707
67;708
67;709
67;710
67;711
67;712
67;713
67;714
67;715
67;716
67;717
67;718
67;719
67;720
67;721
67;722
67;723
67;724
67;725
67;726
67;727
67;728
67;729
67;730
67;731
67;732
67;733
67;734
67;735
67;736
67;737
67;738
67;739
67;740
67;741
67;742
67;743
67;744
67;745
67;746
67;747
67;748
67;749
67;750
67;751
67;752
67;753
67;754
67;755
67;756
67;757
67;758
67;759
67;760
67;761
67;762
67;763
67;764
67;765
67;766
67;767
67;768
67;769
67;770
67;771
67;772
67;773
67;774
67;775
67;776
67;777
67;778
67;779
67;780
67;781
67;782
67;783
67;784
67;785
67;786
67;787
67;788
67;789
67;790
67;791
67;792
67;793
67;794
67;795
67;796
67;797
67;798
67;799
67;800
67;801
67;802
67;803
67;804
67;805
67;806
68;122
68;123
68;124
68;125
68;126
68;127
68;128
68;129
68;130
68;131
68;132
68;133
68;134
68;135
68;136
68;137
68;138
68;139
68;140
68;141
68;142
68;143
68;144
68;145
68;146
68;147
68;148
68;149
68;150
68;151
68;152
68;153
68;154
68;155
68;156
68;157
68;158
68;159
68;160
68;161
68;162
68;163
68;164
68;165
68;166
68;167
68;168
68;169
68;170
68;171
68;172
68;173
68;174
68;175
68;176
68;177
68;178
68;179
68;180
68;181
68;182
68;183
68;184
68;185
68;186
68;187
68;188
68;189
68;190
68;191
68;192
68;193
68;194
68;195
68;196
68;197
68;198
68;199
68;200
68;201
68;202
68;203
68;204
68;205
68;206
68;207
68;208
68;209
68;210
68;211
68;212
68;213
68;214
68;215
68;216
68;217
68;218
68;219
68;220
68;221
68;222
68;223
68;224
68;225
68;226
68;227
68;228
68;229
68;230
68;231
68;232
68;233
68;234
68;235
68;236
68;237
68;238
68;239
68;240
68;241
68;242
68;243
68;244
68;245
68;246
68;247
68;248
68;249
68;250
68;251
68;252
68;253
68;254
68;255
68;256
68;257
68;258
68;259
68;260
68;261
68;262
68;263
68;264
68;265
68;266
68;267
68;268
68;269
68;270
68;271
68;272
68;273
68;274
68;275
68;276
68;277
68;278
68;279
68;280
68;281
68;282
68;283
68;284
68;285
68;286
68;287
68;288
68;289
68;290
68;291
68;292
68;293
68;294
68;295
68;296
68;297
68;298
68;299
68;300
68;301
68;302
68;303
68;304
68;305
68;306
68;307
68;308
68;309
68;310
68;311
68;312
68;313
68;704
68;705
68;706
68;707
68;708
68;709
68;710
68;711
68;712
68;713
68;714
68;715
68;716
68;717
68;718
68;719
68;720
68;721
68;722
68;723
68;724
68;725
68;726
68;727
68;728
68;729
68;730
68;731
68;732
68;733
68;734
68;735
68;736
68;737
68;738
68;739
68;740
68;741
68;742
68;743
68;744
68;745
68;746
68;747
68;748
68;749
68;750
68;751
68;752
68;753
68;754
68;755
68;756
68;757
68;758
68;759
68;760
68;761
68;762
68;763
68;764
68;765
68;766
68;767
68;768
68;769
68;770
68;771
68;772
68;773
68;774
68;775
68;776
68;777
68;778
68;779
68;780
68;781
68;782
68;783
68;784
68;785
68;786
68;787
68;788
68;789
68;790
68;791
68;792
68;793
68;794
68;795
68;796
68;797
68;798
68;799
68;800
68;801
68;802
68;803
68;804
68;805
68;806
69;123
69;124
69;125
69;126
69;127
69;128
69;129
69;130
69;131
69;132
69;133
69;134
69;135
69;136
69;137
69;138
69;139
69;140
69;141
69;142
69;143
69;144
69;145
69;146
69;147
69;148
69;149
69;150
69;151
69;152
69;153
69;154
69;155
69;156
69;157
69;158
69;159
69;160
69;161
69;162
69;163
69;164
69;165
69;166
69;167
69;168
69;169
69;170
69;171
69;172
69;173
69;174
69;175
69;176
69;177
69;178
69;179
69;180
69;181
69;182
69;183
69;184
69;185
69;186
69;187
69;188
69;189
69;190
69;191
69;192
69;193
69;194
69;195
69;196
69;197
69;198
69;199
69;200
69;201
69;202
69;203
69;204
69;205
69;206
69;207
69;208
69;209
69;210
69;211
69;212
69;213
69;214
69;215
69;216
69;217
69;218
69;219
69;220
69;221
69;222
69;223
69;224
69;225
69;226
69;227
69;228
69;229
69;230
69;231
69;232
69;233
69;234
69;235
69;236
69;237
69;238
69;239
69;240
69;241
69;242
69;243
69;244
69;245
69;246
69;247
69;248
69;249
69;250
69;251
69;252
69;253
69;254
69;255
69;256
69;257
69;258
69;259
69;260
69;261
69;262
69;263
69;264
69;265
69;266
69;267
69;268
69;269
69;270
69;271
69;272
69;273
69;274
69;275
69;276
69;277
69;278
69;279
69;280
69;281
69;282
69;283
69;284
69;285
69;286
69;287
69;288
69;289
69;290
69;291
69;292
69;293
69;294
69;295
69;296
69;297
69;298
69;299
69;300
69;301
69;302
69;303
69;304
69;305
69;306
69;307
69;308
69;309
69;310
69;311
69;312
69;706
69;707
69;708
69;709
69;710
69;711
69;712
69;713
69;714
69;715
69;716
69;717
69;718
69;719
69;720
69;721
69;722
69;723
69;724
69;725
69;726
69;727
69;728
69;729
69;730
69;731
69;732
69;733
69;734
69;735
69;736
69;737
69;738
69;739
69;740
69;741
69;742
69;743
69;744
69;745
69;746
69;747
69;748
69;749
69;750
69;751
69;752
69;753
69;754
69;755
69;756
69;757
69;758
69;759
69;760
69;761
69;762
69;763
69;764
69;765
69;766
69;767
69;768
69;769
69;770
69;771
69;772
69;773
69;774
69;775
69;776
69;777
69;778
69;779
69;780
69;781
69;782
69;783
69;784
69;785
69;786
69;787
69;788
69;789
69;790
69;791
69;792
69;793
69;794
69;795
69;796
69;797
69;798
69;799
69;800
69;801
69;802
69;803
69;804
69;805
70;123
70;124
70;125
70;126
70;127
70;128
70;129
70;130
70;131
70;132
70;133
70;134
70;135
70;136
70;137
70;138
70;139
70;140
70;141
70;142
70;143
70;144
70;145
70;146
70;147
70;148
70;149
70;150
70;151
70;152
70;153
70;154
70;155
70;156
70;157
70;158
70;159
70;160
70;161
70;162
70;163
70;164
70;165
70;166
70;167
70;168
70;169
70;170
70;171
70;172
70;173
70;174
70;175
70;176
70;177
70;178
70;179
70;180
70;181
70;182
70;183
70;184
70;185
70;186
70;187
70;188
70;189
70;190
70;191
70;192
70;193
70;194
70;195
70;196
70;197
70;198
70;199
70;200
70;201
70;202
70;203
70;204
70;205
70;206
70;207
70;208
70;209
70;210
70;211
70;212
70;213
70;214
70;215
70;216
70;217
70;218
70;219
70;220
70;221
70;222
70;223
70;224
70;225
70;226
70;227
70;228
70;229
70;230
70;231
70;232
70;233
70;234
70;235
70;236
70;237
70;238
70;239
70;240
70;241
70;242
70;243
70;244
70;245
70;246
70;247
70;248
70;249
70;250
70;251
70;252
70;253
70;254
70;255
70;256
70;257
70;258
70;259
70;260
70;261
70;262
70;263
70;264
70;265
70;266
70;267
70;268
70;269
70;270
70;271
70;272
70;273
70;274
70;275
70;276
70;277
70;278
70;279
70;280
70;281
70;282
70;283
70;284
70;285
70;286
70;287
70;288
70;289
70;290
70;291
70;292
70;293
70;294
70;295
70;296
70;297
70;298
70;299
70;300
70;301
70;302
70;303
70;304
70;305
70;306
70;307
70;308
70;309
70;310
70;311
70;312
70;708
70;709
70;710
70;711
70;712
70;713
70;714
70;715
70;716
70;717
70;718
70;719
70;720
70;721
70;722
70;723
70;724
70;725
70;726
70;727
70;728
70;729
70;730
70;731
70;732
70;733
70;734
70;735
70;736
70;737
70;738
70;739
70;740
70;741
70;742
70;743
70;744
70;745
70;746
70;747
70;748
70;749
70;750
70;751
70;752
70;753
70;754
70;755
70;756
70;757
70;758
70;759
70;760
70;761
70;762
70;763
70;764
70;765
70;766
70;767
70;768
70;769
70;770
70;771
70;772
70;773
70;774
70;775
70;776
70;777
70;778
70;779
70;780
70;781
70;782
70;783
70;784
70;785
70;786
70;787
70;788
70;789
70;790
70;791
70;792
70;793
70;794
70;795
70;796
70;797
70;798
70;799
70;800
70;801
70;802
70;803
70;804
71;124
71;125
71;126
71;127
71;128
71;129
71;130
71;131
71;132
71;133
71;134
71;135
71;136
71;137
71;138
71;139
71;140
71;141
71;142
71;143
71;144
71;145
71;146
71;147
71;148
71;149
71;150
71;151
71;152
71;153
71;154
71;155
71;156
71;157
71;158
71;159
71;160
71;161
71;162
71;163
71;164
71;165
71;166
71;167
71;168
71;169
71;170
71;171
71;172
71;173
71;174
71;175
71;176
71;177
71;178
71;179
71;180
71;181
71;182
71;183
71;184
71;185
71;186
71;187
71;188
71;189
71;190
71;191
71;192
71;193
71;194
71;195
71;196
71;197
71;198
71;199
71;200
71;201
71;202
71;203
71;204
71;205
71;206
71;207
71;208
71;209
71;210
71;211
71;212
71;213
71;214
71;215
71;216
71;217
71;218
71;219
71;220
71;221
71;222
71;223
71;224
71;225
71;226
71;227
71;228
71;229
71;230
71;231
71;232
71;233
71;234
71;235
71;236
71;237
71;238
71;239
71;240
71;241
71;242
71;243
71;244
71;245
71;246
71;247
71;248
71;249
71;250
71;251
71;252
71;253
71;254
71;255
71;256
71;257
71;258
71;259
71;260
71;261
71;262
71;263
71;264
71;265
71;266
71;267
71;268
71;269
71;270
71;271
71;272
71;273
71;274
71;275
71;276
71;277
71;278
71;279
71;280
71;281
71;282
71;283
71;284
71;285
71;286
71;287
71;288
71;289
71;290
71;291
71;292
71;293
71;294
71;295
71;296
71;297
71;298
71;299
71;300
71;301
71;302
71;303
71;304
71;305
71;306
71;307
71;308
71;309
71;310
71;311
71;312
71;710
71;711
71;712
71;713
71;714
71;715
71;716
71;717
71;718
71;719
71;720
71;721
71;722
71;723
71;724
71;725
71;726
71;727
71;728
71;729
71;730
71;731
71;732
71;733
71;734
71;735
71;736
71;737
71;738
71;739
71;740
71;741
71;742
71;743
71;744
71;745
71;746
71;747
71;748
71;749
71;750
71;751
71;752
71;753
71;754
71;755
71;756
71;757
71;758
71;759
71;760
71;761
71;762
71;763
71;764
71;765
71;766
71;767
71;768
71;769
71;770
71;771
71;772
71;773
71;774
71;775
71;776
71;777
71;778
71;779
71;780
71;781
71;782
71;783
71;784
71;785
71;786
71;787
71;788
71;789
71;790
71;791
71;792
71;793
71;794
71;795
71;796
71;797
71;798
71;799
71;800
71;801
71;802
71;803
71;804
72;124
72;125
72;126
72;127
72;128
72;129
72;130
72;131
72;132
72;133
72;134
72;135
72;136
72;137
72;138
72;139
72;140
72;141
72;142
72;143
72;144
72;145
72;146
72;147
72;148
72;149
72;150
72;151
72;152
72;153
72;154
72;155
72;156
72;157
72;158
72;159
72;160
72;161
72;162
72;163
72;164
72;165
72;166
72;167
72;168
72;169
72;170
72;171
72;172
72;173
72;174
72;175
72;176
72;177
72;178
72;179
72;180
72;181
72;182
72;183
72;184
72;185
72;186
72;187
72;188
72;189
72;190
72;191
72;192
72;193
72;194
72;195
72;196
72;197
72;198
72;199
72;200
72;201
72;202
72;203
72;204
72;205
72;206
72;207
72;208
72;209
72;210
72;211
72;212
72;213
72;214
72;215
72;216
72;217
72;218
72;219
72;220
72;221
72;222
72;223
72;224
72;225
72;226
72;227
72;228
72;229
72;230
72;231
72;232
72;233
72;234
72;235
72;236
72;237
72;238
72;239
72;240
72;241
72;242
72;243
72;244
72;245
72;246
72;247
72;248
72;249
72;250
72;251
72;252
72;253
72;254
72;255
72;256
72;257
72;258
72;259
72;260
72;261
72;262
72;263
72;264
72;265
72;266
72;267
72;268
72;269
72;270
72;271
72;272
72;273
72;274
72;275
72;276
72;277
72;278
72;279
72;280
72;281
72;282
72;283
72;284
72;285
72;286
72;287
72;288
72;289
72;290
72;291
72;292
72;293
72;294
72;295
72;296
72;297
72;298
72;299
72;300
72;301
72;302
72;303
72;304
72;305
72;306
72;307
72;308
72;309
72;310
72;311
72;712
72;713
72;714
72;715
72;716
72;717
72;718
72;719
72;720
72;721
72;722
72;723
72;724
72;725
72;726
72;727
72;728
72;729
72;730
72;731
72;732
72;733
72;734
72;735
72;736
72;737
72;738
72;739
72;740
72;741
72;742
72;743
72;744
72;745
72;746
72;747
72;748
72;749
72;750
72;751
72;752
72;753
72;754
72;755
72;756
72;757
72;758
72;759
72;760
72;761
72;762
72;763
72;764
72;765
72;766
72;767
72;768
72;769
72;770
72;771
72;772
72;773
72;774
72;775
72;776
72;777
72;778
72;779
72;780
72;781
72;782
72;783
72;784
72;785
72;786
72;787
72;788
72;789
72;790
72;791
72;792
72;793
72;794
72;795
72;796
72;797
72;798
72;799
72;800
72;801
72;802
72;803
73;125
73;126
73;127
73;128
73;129
73;130
73;131
73;132
73;133
73;134
73;135
73;136
73;137
73;138
73;139
73;140
73;141
73;142
73;143
73;144
73;145
73;146
73;147
73;148
73;149
73;150
73;151
73;152
73;153
73;154
73;155
73;156
73;157
73;158
73;159
73;160
73;161
73;162
73;163
73;164
73;165
73;166
73;167
73;168
73;169
73;170
73;171
73;172
73;173
73;174
73;175
73;176
73;177
73;178
73;179
73;180
73;181
73;182
73;183
73;184
73;185
73;186
73;187
73;188
73;189
73;190
73;191
73;192
73;193
73;194
73;195
73;196
73;197
73;198
73;199
73;200
73;201
73;202
73;203
73;204
73;205
73;206
73;207
73;208
73;209
73;210
73;211
73;212
73;213
73;214
73;215
73;216
73;217
73;218
73;219
73;220
73;221
73;222
73;223
73;224
73;225
73;226
73;227
73;228
73;229
73;230
73;231
73;232
73;233
73;234
73;235
73;236
73;237
73;238
73;239
73;240
73;241
73;242
73;243
73;244
73;245
73;246
73;247
73;248
73;249
73;250
73;251
73;252
73;253
73;254
73;255
73;256
73;257
73;258
73;259
73;260
73;261
73;262
73;263
73;264
73;265
73;266
73;267
73;268
73;269
73;270
73;271
73;272
73;273
73;274
73;275
73;276
73;277
73;278
73;279
73;280
73;281
73;282
73;283
73;284
73;285
73;286
73;287
73;288
73;289
73;290
73;291
73;292
73;293
73;294
73;295
73;296
73;297
73;298
73;299
73;300
73;301
73;302
73;303
73;304
73;305
73;306
73;307
73;308
73;309
73;310
73;714
73;715
73;716
73;717
73;718
73;719
73;720
73;721
73;722
73;723
73;724
73;725
73;726
73;727
73;728
73;729
73;730
73;731
73;732
73;733
73;734
73;735
73;736
73;737
73;738
73;739
73;740
73;741
73;742
73;743
73;744
73;745
73;746
73;747
73;748
73;749
73;750
73;751
73;752
73;753
73;754
73;755
73;756
73;757
73;758
73;759
73;760
73;761
73;762
73;763
73;764
73;765
73;766
73;767
73;768
73;769
73;770
73;771
73;772
73;773
73;774
73;775
73;776
73;777
73;778
73;779
73;780
73;781
73;782
73;783
73;784
73;785
73;786
73;787
73;788
73;789
73;790
73;791
73;792
73;793
73;794
73;795
73;796
73;797
73;798
73;799
73;800
73;801
73;802
74;125
74;126
74;127
74;128
74;129
74;130
74;131
74;132
74;133
74;134
74;135
74;136
74;137
74;138
74;139
74;140
74;141
74;142
74;143
74;144
74;145
74;146
74;147
74;148
74;149
74;150
74;151
74;152
74;153
74;154
74;155
74;156
74;157
74;158
74;159
74;160
74;161
74;162
74;163
74;164
74;165
74;166
74;167
74;168
74;169
74;170
74;171
74;172
74;173
74;174
74;175
74;176
74;177
74;178
74;179
74;180
74;181
74;182
74;183
74;184
74;185
74;186
74;187
74;188
74;189
74;190
74;191
74;192
74;193
74;194
74;195
74;196
74;197
74;198
74;199
74;200
74;201
74;202
74;203
74;204
74;205
74;206
74;207
74;208
74;209
74;210
74;211
74;212
74;213
74;214
74;215
74;216
74;217
74;218
74;219
74;220
74;221
74;222
74;223
74;224
74;225
74;226
74;227
74;228
74;229
74;230
74;231
74;232
74;233
74;234
74;235
74;236
74;237
74;238
74;239
74;240
74;241
74;242
74;243
74;244
74;245
74;246
74;247
74;248
74;249
74;250
74;251
74;252
74;253
74;254
74;255
74;256
74;257
74;258
74;259
74;260
74;261
74;262
74;263
74;264
74;265
74;266
74;267
74;268
74;269
74;270
74;271
74;272
74;273
74;274
74;275
74;276
74;277
74;278
74;279
74;280
74;281
74;282
74;283
74;284
74;285
74;286
74;287
74;288
74;289
74;290
74;291
74;292
74;293
74;294
74;295
74;296
74;297
74;298
74;299
74;300
74;301
74;302
74;303
74;304
74;305
74;306
74;307
74;308
74;309
74;310
74;716
74;718
74;719
74;720
74;721
74;722
74;723
74;724
74;725
74;726
74;727
74;728
74;729
74;730
74;731
74;732
74;733
74;734
74;735
74;736
74;737
74;738
74;739
74;740
74;741
74;742
74;743
74;744
74;745
74;746
74;747
74;748
74;749
74;750
74;751
74;752
74;753
74;754
74;755
74;756
74;757
74;758
74;759
74;760
74;761
74;762
74;763
74;764
74;765
74;766
74;767
74;768
74;769
74;770
74;771
74;772
74;773
74;774
74;775
74;776
74;777
74;778
74;779
74;780
74;781
74;782
74;783
74;784
74;785
74;786
74;787
74;788
74;789
74;790
74;791
74;792
74;793
74;794
74;795
74;796
74;797
74;798
74;799
74;800
74;801
74;802
75;126
75;127
75;128
75;129
75;130
75;131
75;132
75;133
75;134
75;135
75;136
75;137
75;138
75;139
75;140
75;141
75;142
75;143
75;144
75;145
75;146
75;147
75;148
75;149
75;150
75;151
75;152
75;153
75;154
75;155
75;156
75;157
75;158
75;159
75;160
75;161
75;162
75;163
75;164
75;165
75;166
75;167
75;168
75;169
75;170
75;171
75;172
75;173
75;174
75;175
75;176
75;177
75;178
75;179
75;180
75;181
75;182
75;183
75;184
75;185
75;186
75;187
75;188
75;189
75;190
75;191
75;192
75;193
75;194
75;195
75;196
75;197
75;198
75;199
75;200
75;201
75;202
75;203
75;204
75;205
75;206
75;207
75;208
75;209
75;210
75;211
75;212
75;213
75;214
75;215
75;216
75;217
75;218
75;219
75;220
75;221
75;222
75;223
75;224
75;225
75;226
75;227
75;228
75;229
75;230
75;231
75;232
75;233
75;234
75;235
75;236
75;237
75;238
75;239
75;240
75;241
75;242
75;243
75;244
75;245
75;246
75;247
75;248
75;249
75;250
75;251
75;252
75;253
75;254
75;255
75;256
75;257
75;258
75;259
75;260
75;261
75;262
75;263
75;264
75;265
75;266
75;267
75;268
75;269
75;270
75;271
75;272
75;273
75;274
75;275
75;276
75;277
75;278
75;279
75;280
75;281
75;282
75;283
75;284
75;285
75;286
75;287
75;288
75;289
75;290
75;291
75;292
75;293
75;294
75;295
75;296
75;297
75;298
75;299
75;300
75;301
75;302
75;303
75;304
75;305
75;306
75;307
75;308
75;309
75;593
75;720
75;721
75;722
75;723
75;724
75;725
75;726
75;727
75;728
75;729
75;730
75;731
75;732
75;733
75;734
75;735
75;736
75;737
75;738
75;739
75;740
75;741
75;742
75;743
75;744
75;745
75;746
75;747
75;748
75;749
75;750
75;751
75;752
75;753
75;754
75;755
75;756
75;757
75;758
75;759
75;760
75;761
75;762
75;763
75;764
75;765
75;766
75;767
75;768
75;769
75;770
75;771
75;772
75;773
75;774
75;775
75;776
75;777
75;778
75;779
75;780
75;781
75;782
75;783
75;784
75;785
75;786
75;787
75;788
75;789
75;790
75;791
75;792
75;793
75;794
75;795
75;796
75;797
75;798
75;799
75;800
75;801
76;126
76;127
76;128
76;129
76;130
76;131
76;132
76;133
76;134
76;135
76;136
76;137
76;138
76;139
76;140
76;141
76;142
76;143
76;144
76;145
76;146
76;147
76;148
76;149
76;150
76;151
76;152
76;153
76;154
76;155
76;156
76;157
76;158
76;159
76;160
76;161
76;162
76;163
76;164
76;165
76;166
76;167
76;168
76;169
76;170
76;171
76;172
76;173
76;174
76;175
76;176
76;177
76;178
76;179
76;180
76;181
76;182
76;183
76;184
76;185
76;186
76;187
76;188
76;189
76;190
76;191
76;192
76;193
76;194
76;195
76;196
76;197
76;198
76;199
76;200
76;201
76;202
76;203
76;204
76;205
76;206
76;207
76;208
76;209
76;210
76;211
76;212
76;213
76;214
76;215
76;216
76;217
76;218
76;219
76;220
76;221
76;222
76;223
76;224
76;225
76;226
76;227
76;228
76;229
76;230
76;231
76;232
76;233
76;234
76;235
76;236
76;237
76;238
76;239
76;240
76;241
76;242
76;243
76;244
76;245
76;246
76;247
76;248
76;249
76;250
76;251
76;252
76;253
76;254
76;255
76;256
76;257
76;258
76;259
76;260
76;261
76;262
76;263
76;264
76;265
76;266
76;267
76;268
76;269
76;270
76;271
76;272
76;273
76;274
76;275
76;276
76;277
76;278
76;279
76;280
76;281
76;282
76;283
76;284
76;285
76;286
76;287
76;288
76;289
76;290
76;291
76;292
76;293
76;294
76;295
76;296
76;297
76;298
76;299
76;300
76;301
76;302
76;303
76;304
76;305
76;306
76;307
76;308
76;309
76;587
76;589
76;590
76;591
76;592
76;593
76;722
76;724
76;725
76;726
76;727
76;728
76;729
76;730
76;731
76;732
76;733
76;734
76;735
76;736
76;737
76;738
76;739
76;740
76;741
76;742
76;743
76;744
76;745
76;746
76;747
76;748
76;749
76;750
76;751
76;752
76;753
76;754
76;755
76;756
76;757
76;758
76;759
76;760
76;761
76;762
76;763
76;764
76;765
76;766
76;767
76;768
76;769
76;770
76;771
76;772
76;773
76;774
76;775
76;776
76;777
76;778
76;779
76;780
76;781
76;782
76;783
76;784
76;785
76;786
76;787
76;788
76;789
76;790
76;791
76;792
76;793
76;794
76;795
76;796
76;797
76;798
76;799
76;800
77;127
77;128
77;129
77;130
77;131
77;132
77;133
77;134
77;135
77;136
77;137
77;138
77;139
77;140
77;141
77;142
77;143
77;144
77;145
77;146
77;147
77;148
77;149
77;150
77;151
77;152
77;153
77;154
77;155
77;156
77;157
77;158
77;159
77;160
77;161
77;162
77;163
77;164
77;165
77;166
77;167
77;168
77;169
77;170
77;171
77;172
77;173
77;174
77;175
77;176
77;177
77;178
77;179
77;180
77;181
77;182
77;183
77;184
77;185
77;186
77;187
77;188
77;189
77;190
77;191
77;192
77;193
77;194
77;195
77;196
77;197
77;198
77;199
77;200
77;201
77;202
77;203
77;204
77;205
77;206
77;207
77;208
77;209
77;210
77;211
77;212
77;213
77;214
77;215
77;216
77;217
77;218
77;219
77;220
77;221
77;222
77;223
77;224
77;225
77;226
77;227
77;228
77;229
77;230
77;231
77;232
77;233
77;234
77;235
77;236
77;237
77;238
77;239
77;240
77;241
77;242
77;243
77;244
77;245
77;246
77;247
77;248
77;249
77;250
77;251
77;252
77;253
77;254
77;255
77;256
77;257
77;258
77;259
77;260
77;261
77;262
77;263
77;264
77;265
77;266
77;267
77;268
77;269
77;270
77;271
77;272
77;273
77;274
77;275
77;276
77;277
77;278
77;279
77;280
77;281
77;282
77;283
77;284
77;285
77;286
77;287
77;288
77;289
77;290
77;291
77;292
77;293
77;294
77;295
77;296
77;297
77;298
77;299
77;300
77;301
77;302
77;303
77;304
77;305
77;306
77;307
77;308
77;583
77;585
77;586
77;587
77;588
77;589
77;590
77;591
77;592
77;593
77;594
77;726
77;728
77;729
77;730
77;731
77;732
77;733
77;734
77;735
77;736
77;737
77;738
77;739
77;740
77;741
77;742
77;743
77;744
77;745
77;746
77;747
77;748
77;749
77;750
77;751
77;752
77;753
77;754
77;755
77;756
77;757
77;758
77;759
77;760
77;761
77;762
77;763
77;764
77;765
77;766
77;767
77;768
77;769
77;770
77;771
77;772
77;773
77;774
77;775
77;776
77;777
77;778
77;779
77;780
77;781
77;782
77;783
77;784
77;785
77;786
77;787
77;788
77;789
77;790
77;791
77;792
77;793
77;794
77;795
77;796
77;797
77;798
77;799
77;800
78;128
78;129
78;130
78;131
78;132
78;133
78;134
78;135
78;136
78;137
78;138
78;139
78;140
78;141
78;142
78;143
78;144
78;145
78;146
78;147
78;148
78;149
78;150
78;151
78;152
78;153
78;154
78;155
78;156
78;157
78;158
78;159
78;160
78;161
78;162
78;163
78;164
78;165
78;166
78;167
78;168
78;169
78;170
78;171
78;172
78;173
78;174
78;175
78;176
78;177
78;178
78;179
78;180
78;181
78;182
78;183
78;184
78;185
78;186
78;187
78;188
78;189
78;190
78;191
78;192
78;193
78;194
78;195
78;196
78;197
78;198
78;199
78;200
78;201
78;202
78;203
78;204
78;205
78;206
78;207
78;208
78;209
78;210
78;211
78;212
78;213
78;214
78;215
78;216
78;217
78;218
78;219
78;220
78;221
78;222
78;223
78;224
78;225
78;226
78;227
78;228
78;229
78;230
78;231
78;232
78;233
78;234
78;235
78;236
78;237
78;238
78;239
78;240
78;241
78;242
78;243
78;244
78;245
78;246
78;247
78;248
78;249
78;250
78;251
78;252
78;253
78;254
78;255
78;256
78;257
78;258
78;259
78;260
78;261
78;262
78;263
78;264
78;265
78;266
78;267
78;268
78;269
78;270
78;271
78;272
78;273
78;274
78;275
78;276
78;277
78;278
78;279
78;280
78;281
78;282
78;283
78;284
78;285
78;286
78;287
78;288
78;289
78;290
78;291
78;292
78;293
78;294
78;295
78;296
78;297
78;298
78;299
78;300
78;301
78;302
78;303
78;304
78;305
78;306
78;307
78;308
78;577
78;579
78;580
78;581
78;582
78;583
78;584
78;585
78;586
78;587
78;588
78;589
78;590
78;591
78;592
78;593
78;594
78;730
78;732
78;733
78;734
78;735
78;736
78;737
78;738
78;739
78;740
78;741
78;742
78;743
78;744
78;745
78;746
78;747
78;748
78;749
78;750
78;751
78;752
78;753
78;754
78;755
78;756
78;757
78;758
78;759
78;760
78;761
78;762
78;763
78;764
78;765
78;766
78;767
78;768
78;769
78;770
78;771
78;772
78;773
78;774
78;775
78;776
78;777
78;778
78;779
78;780
78;781
78;782
78;783
78;784
78;785
78;786
78;787
78;788
78;789
78;790
78;791
78;792
78;793
78;794
78;795
78;796
78;797
78;798
78;799
78;800
79;128
79;129
79;130
79;131
79;132
79;133
79;134
79;135
79;136
79;137
79;138
79;139
79;140
79;141
79;142
79;143
79;144
79;145
79;146
79;147
79;148
79;149
79;150
79;151
79;152
79;153
79;154
79;155
79;156
79;157
79;158
79;159
79;160
79;161
79;162
79;163
79;164
79;165
79;166
79;167
79;168
79;169
79;170
79;171
79;172
79;173
79;174
79;175
79;176
79;177
79;178
79;179
79;180
79;181
79;182
79;183
79;184
79;185
79;186
79;187
79;188
79;189
79;190
79;191
79;192
79;193
79;194
79;195
79;196
79;197
79;198
79;199
79;200
79;201
79;202
79;203
79;204
79;205
79;206
79;207
79;208
79;209
79;210
79;211
79;212
79;213
79;214
79;215
79;216
79;217
79;218
79;219
79;220
79;221
79;222
79;223
79;224
79;225
79;226
79;227
79;228
79;229
79;230
79;231
79;232
79;233
79;234
79;235
79;236
79;237
79;238
79;239
79;240
79;241
79;242
79;243
79;244
79;245
79;246
79;247
79;248
79;249
79;250
79;251
79;252
79;253
79;254
79;255
79;256
79;257
79;258
79;259
79;260
79;261
79;262
79;263
79;264
79;265
79;266
79;267
79;268
79;269
79;270
79;271
79;272
79;273
79;274
79;275
79;276
79;277
79;278
79;279
79;280
79;281
79;282
79;283
79;284
79;285
79;286
79;287
79;288
79;289
79;290
79;291
79;292
79;293
79;294
79;295
79;296
79;297
79;298
79;299
79;300
79;301
79;302
79;303
79;304
79;305
79;306
79;307
79;573
79;575
79;576
79;577
79;578
79;579
79;580
79;581
79;582
79;583
79;584
79;585
79;586
79;587
79;588
79;589
79;590
79;591
79;592
79;593
79;594
79;736
79;738
79;739
79;740
79;741
79;742
79;743
79;744
79;745
79;746
79;747
79;748
79;749
79;750
79;751
79;752
79;753
79;754
79;755
79;756
79;757
79;758
79;759
79;760
79;761
79;762
79;763
79;764
79;765
79;766
79;767
79;768
79;769
79;770
79;771
79;772
79;773
79;774
79;775
79;776
79;777
79;778
79;779
79;780
79;781
79;782
79;783
79;784
79;785
79;786
79;787
79;788
79;789
79;790
79;791
79;792
79;793
79;794
79;795
79;796
79;797
79;798
79;799
80;129
80;130
80;131
80;132
80;133
80;134
80;135
80;136
80;137
80;138
80;139
80;140
80;141
80;142
80;143
80;144
80;145
80;146
80;147
80;148
80;149
80;150
80;151
80;152
80;153
80;154
80;155
80;156
80;157
80;158
80;159
80;160
80;161
80;162
80;163
80;164
80;165
80;166
80;167
80;168
80;169
80;170
80;171
80;172
80;173
80;174
80;175
80;176
80;177
80;178
80;179
80;180
80;181
80;182
80;183
80;184
80;185
80;186
80;187
80;188
80;189
80;190
80;191
80;192
80;193
80;194
80;195
80;196
80;197
80;198
80;199
80;200
80;201
80;202
80;203
80;204
80;205
80;206
80;207
80;208
80;209
80;210
80;211
80;212
80;213
80;214
80;215
80;216
80;217
80;218
80;219
80;220
80;221
80;222
80;223
80;224
80;225
80;226
80;227
80;228
80;229
80;230
80;231
80;232
80;233
80;234
80;235
80;236
80;237
80;238
80;239
80;240
80;241
80;242
80;243
80;244
80;245
80;246
80;247
80;248
80;249
80;250
80;251
80;252
80;253
80;254
80;255
80;256
80;257
80;258
80;259
80;260
80;261
80;262
80;263
80;264
80;265
80;266
80;267
80;268
80;269
80;270
80;271
80;272
80;273
80;274
80;275
80;276
80;277
80;278
80;279
80;280
80;281
80;282
80;283
80;284
80;285
80;286
80;287
80;288
80;289
80;290
80;291
80;292
80;293
80;294
80;295
80;296
80;297
80;298
80;299
80;300
80;301
80;302
80;303
80;304
80;305
80;306
80;567
80;569
80;570
80;571
80;572
80;573
80;574
80;575
80;576
80;577
80;578
80;579
80;580
80;581
80;582
80;583
80;584
80;585
80;586
80;587
80;588
80;589
80;590
80;591
80;592
80;593
80;594
80;595
80;744
80;746
80;748
80;750
80;752
80;754
80;756
80;757
80;758
80;759
80;760
80;761
80;762
80;763
80;764
80;765
80;766
80;767
80;768
80;769
80;770
80;771
80;772
80;773
80;774
80;775
80;776
80;777
80;778
80;779
80;780
80;781
80;782
80;783
80;784
80;785
80;786
80;787
80;788
80;789
80;790
80;791
80;792
80;793
80;794
80;795
80;796
80;797
80;798
81;130
81;131
81;132
81;133
81;134
81;135
81;136
81;137
81;138
81;139
81;140
81;141
81;142
81;143
81;144
81;145
81;146
81;147
81;148
81;149
81;150
81;151
81;152
81;153
81;154
81;155
81;156
81;157
81;158
81;159
81;160
81;161
81;162
81;163
81;164
81;165
81;166
81;167
81;168
81;169
81;170
81;171
81;172
81;173
81;174
81;175
81;176
81;177
81;178
81;179
81;180
81;181
81;182
81;183
81;184
81;185
81;186
81;187
81;188
81;189
81;190
81;191
81;192
81;193
81;194
81;195
81;196
81;197
81;198
81;199
81;200
81;201
81;202
81;203
81;204
81;205
81;206
81;207
81;208
81;209
81;210
81;211
81;212
81;213
81;214
81;215
81;216
81;217
81;218
81;219
81;220
81;221
81;222
81;223
81;224
81;225
81;226
81;227
81;228
81;229
81;230
81;231
81;232
81;233
81;234
81;235
81;236
81;237
81;238
81;239
81;240
81;241
81;242
81;243
81;244
81;245
81;246
81;247
81;248
81;249
81;250
81;251
81;252
81;253
81;254
81;255
81;256
81;257
81;258
81;259
81;260
81;261
81;262
81;263
81;264
81;265
81;266
81;267
81;268
81;269
81;270
81;271
81;272
81;273
81;274
81;275
81;276
81;277
81;278
81;279
81;280
81;281
81;282
81;283
81;284
81;285
81;286
81;287
81;288
81;289
81;290
81;291
81;292
81;293
81;294
81;295
81;296
81;297
81;298
81;299
81;300
81;301
81;302
81;303
81;304
81;305
81;306
81;563
81;565
81;566
81;567
81;568
81;569
81;570
81;571
81;572
81;573
81;574
81;575
81;576
81;577
81;578
81;579
81;580
81;581
81;582
81;583
81;584
81;585
81;586
81;587
81;588
81;589
81;590
81;591
81;592
81;593
81;594
81;595
81;758
81;759
81;760
81;761
81;762
81;763
81;764
81;765
81;766
81;767
81;768
81;769
81;770
81;771
81;772
81;773
81;774
81;775
81;776
81;777
81;778
81;779
81;780
81;781
81;782
81;783
81;784
81;785
81;786
81;787
81;788
81;789
81;790
81;791
81;792
81;793
81;794
81;795
81;796
81;797
81;798
82;130
82;131
82;132
82;133
82;134
82;135
82;136
82;137
82;138
82;139
82;140
82;141
82;142
82;143
82;144
82;145
82;146
82;147
82;148
82;149
82;150
82;151
82;152
82;153
82;154
82;155
82;156
82;157
82;158
82;159
82;160
82;161
82;162
82;163
82;164
82;165
82;166
82;167
82;168
82;169
82;170
82;171
82;172
82;173
82;174
82;175
82;176
82;177
82;178
82;179
82;180
82;181
82;182
82;183
82;184
82;185
82;186
82;187
82;188
82;189
82;190
82;191
82;192
82;193
82;194
82;195
82;196
82;197
82;198
82;199
82;200
82;201
82;202
82;203
82;204
82;205
82;206
82;207
82;208
82;209
82;210
82;211
82;212
82;213
82;214
82;215
82;216
82;217
82;218
82;219
82;220
82;221
82;222
82;223
82;224
82;225
82;226
82;227
82;228
82;229
82;230
82;231
82;232
82;233
82;234
82;235
82;236
82;237
82;238
82;239
82;240
82;241
82;242
82;243
82;244
82;245
82;246
82;247
82;248
82;249
82;250
82;251
82;252
82;253
82;254
82;255
82;256
82;257
82;258
82;259
82;260
82;261
82;262
82;263
82;264
82;265
82;266
82;267
82;268
82;269
82;270
82;271
82;272
82;273
82;274
82;275
82;276
82;277
82;278
82;279
82;280
82;281
82;282
82;283
82;284
82;285
82;286
82;287
82;288
82;289
82;290
82;291
82;292
82;293
82;294
82;295
82;296
82;297
82;298
82;299
82;300
82;301
82;302
82;303
82;304
82;557
82;559
82;560
82;561
82;562
82;563
82;564
82;565
82;566
82;567
82;568
82;569
82;570
82;571
82;572
82;573
82;574
82;575
82;576
82;577
82;578
82;579
82;580
82;581
82;582
82;583
82;584
82;585
82;586
82;587
82;588
82;589
82;590
82;591
82;592
82;593
82;594
82;595
82;759
82;760
82;761
82;762
82;763
82;764
82;765
82;766
82;767
82;768
82;769
82;770
82;771
82;772
82;773
82;774
82;775
82;776
82;777
82;778
82;779
82;780
82;781
82;782
82;783
82;784
82;785
82;786
82;787
82;788
82;789
82;790
82;791
82;792
82;793
82;794
82;795
82;796
82;797
83;131
83;132
83;133
83;134
83;135
83;136
83;137
83;138
83;139
83;140
83;141
83;142
83;143
83;144
83;145
83;146
83;147
83;148
83;149
83;150
83;151
83;152
83;153
83;154
83;155
83;156
83;157
83;158
83;159
83;160
83;161
83;162
83;163
83;164
83;165
83;166
83;167
83;168
83;169
83;170
83;171
83;172
83;173
83;174
83;175
83;176
83;177
83;178
83;179
83;180
83;181
83;182
83;183
83;184
83;185
83;186
83;187
83;188
83;189
83;190
83;191
83;192
83;193
83;194
83;195
83;196
83;197
83;198
83;199
83;200
83;201
83;202
83;203
83;204
83;205
83;206
83;207
83;208
83;209
83;210
83;211
83;212
83;213
83;214
83;215
83;216
83;217
83;218
83;219
83;220
83;221
83;222
83;223
83;224
83;225
83;226
83;227
83;228
83;229
83;230
83;231
83;232
83;233
83;234
83;235
83;236
83;237
83;238
83;239
83;240
83;241
83;242
83;243
83;244
83;245
83;246
83;247
83;248
83;249
83;250
83;251
83;252
83;253
83;254
83;255
83;256
83;257
83;258
83;259
83;260
83;261
83;262
83;263
83;264
83;265
83;266
83;267
83;268
83;269
83;270
83;271
83;272
83;273
83;274
83;275
83;276
83;277
83;278
83;279
83;280
83;281
83;282
83;283
83;284
83;285
83;286
83;287
83;288
83;289
83;290
83;291
83;292
83;293
83;294
83;295
83;296
83;297
83;298
83;299
83;300
83;301
83;302
83;303
83;304
83;553
83;555
83;556
83;557
83;558
83;559
83;560
83;561
83;562
83;563
83;564
83;565
83;566
83;567
83;568
83;569
83;570
83;571
83;572
83;573
83;574
83;575
83;576
83;577
83;578
83;579
83;580
83;581
83;582
83;583
83;584
83;585
83;586
83;587
83;588
83;589
83;590
83;591
83;592
83;593
83;594
83;595
83;760
83;761
83;762
83;763
83;764
83;765
83;766
83;767
83;768
83;769
83;770
83;771
83;772
83;773
83;774
83;775
83;776
83;777
83;778
83;779
83;780
83;781
83;782
83;783
83;784
83;785
83;786
83;787
83;788
83;789
83;790
83;791
83;792
83;793
83;794
83;795
83;796
84;132
84;133
84;134
84;135
84;136
84;137
84;138
84;139
84;140
84;141
84;142
84;143
84;144
84;145
84;146
84;147
84;148
84;149
84;150
84;151
84;152
84;153
84;154
84;155
84;156
84;157
84;158
84;159
84;160
84;161
84;162
84;163
84;164
84;165
84;166
84;167
84;168
84;169
84;170
84;171
84;172
84;173
84;174
84;175
84;176
84;177
84;178
84;179
84;180
84;181
84;182
84;183
84;184
84;185
84;186
84;187
84;188
84;189
84;190
84;191
84;192
84;193
84;194
84;195
84;196
84;197
84;198
84;199
84;200
84;201
84;202
84;203
84;204
84;205
84;206
84;207
84;208
84;209
84;210
84;211
84;212
84;213
84;214
84;215
84;216
84;217
84;218
84;219
84;220
84;221
84;222
84;223
84;224
84;225
84;226
84;227
84;228
84;229
84;230
84;231
84;232
84;233
84;234
84;235
84;236
84;237
84;238
84;239
84;240
84;241
84;242
84;243
84;244
84;245
84;246
84;247
84;248
84;249
84;250
84;251
84;252
84;253
84;254
84;255
84;256
84;257
84;258
84;259
84;260
84;261
84;262
84;263
84;264
84;265
84;266
84;267
84;268
84;269
84;270
84;271
84;272
84;273
84;274
84;275
84;276
84;277
84;278
84;279
84;280
84;281
84;282
84;283
84;284
84;285
84;286
84;287
84;288
84;289
84;290
84;291
84;292
84;293
84;294
84;295
84;296
84;297
84;298
84;299
84;300
84;301
84;302
84;303
84;547
84;549
84;550
84;551
84;552
84;553
84;554
84;555
84;556
84;557
84;558
84;559
84;560
84;561
84;562
84;563
84;564
84;565
84;566
84;567
84;568
84;569
84;570
84;571
84;572
84;573
84;574
84;575
84;576
84;577
84;578
84;579
84;580
84;581
84;582
84;583
84;584
84;585
84;586
84;587
84;588
84;589
84;590
84;591
84;592
84;593
84;594
84;595
84;596
84;647
84;649
84;651
84;653
84;760
84;761
84;762
84;763
84;764
84;765
84;766
84;767
84;768
84;769
84;770
84;771
84;772
84;773
84;774
84;775
84;776
84;777
84;778
84;779
84;780
84;781
84;782
84;783
84;784
84;785
84;786
84;787
84;788
84;789
84;790
84;791
84;792
84;793
84;794
84;795
84;796
85;133
85;134
85;135
85;136
85;137
85;138
85;139
85;140
85;141
85;142
85;143
85;144
85;145
85;146
85;147
85;148
85;149
85;150
85;151
85;152
85;153
85;154
85;155
85;156
85;157
85;158
85;159
85;160
85;161
85;162
85;163
85;164
85;165
85;166
85;167
85;168
85;169
85;170
85;171
85;172
85;173
85;174
85;175
85;176
85;177
85;178
85;179
85;180
85;181
85;182
85;183
85;184
85;185
85;186
85;187
85;188
85;189
85;190
85;191
85;192
85;193
85;194
85;195
85;196
85;197
85;198
85;199
85;200
85;201
85;202
85;203
85;204
85;205
85;206
85;207
85;208
85;209
85;210
85;211
85;212
85;213
85;214
85;215
85;216
85;217
85;218
85;219
85;220
85;221
85;222
85;223
85;224
85;225
85;226
85;227
85;228
85;229
85;230
85;231
85;232
85;233
85;234
85;235
85;236
85;237
85;238
85;239
85;240
85;241
85;242
85;243
85;244
85;245
85;246
85;247
85;248
85;249
85;250
85;251
85;252
85;253
85;254
85;255
85;256
85;257
85;258
85;259
85;260
85;261
85;262
85;263
85;264
85;265
85;266
85;267
85;268
85;269
85;270
85;271
85;272
85;273
85;274
85;275
85;276
85;277
85;278
85;279
85;280
85;281
85;282
85;283
85;284
85;285
85;286
85;287
85;288
85;289
85;290
85;291
85;292
85;293
85;294
85;295
85;296
85;297
85;298
85;299
85;300
85;301
85;302
85;543
85;545
85;546
85;547
85;548
85;549
85;550
85;551
85;552
85;553
85;554
85;555
85;556
85;557
85;558
85;559
85;560
85;561
85;562
85;563
85;564
85;565
85;566
85;567
85;568
85;569
85;570
85;571
85;572
85;573
85;574
85;575
85;576
85;577
85;578
85;579
85;580
85;581
85;582
85;583
85;584
85;585
85;586
85;587
85;588
85;589
85;590
85;591
85;592
85;593
85;594
85;595
85;596
85;639
85;641
85;642
85;643
85;644
85;645
85;646
85;647
85;648
85;649
85;650
85;651
85;652
85;653
85;654
85;655
85;656
85;657
85;658
85;659
85;661
85;663
85;761
85;762
85;763
85;764
85;765
85;766
85;767
85;768
85;769
85;770
85;771
85;772
85;773
85;774
85;775
85;776
85;777
85;778
85;779
85;780
85;781
85;782
85;783
85;784
85;785
85;786
85;787
85;788
85;789
85;790
85;791
85;792
85;793
85;794
85;795
86;134
86;135
86;136
86;137
86;138
86;139
86;140
86;141
86;142
86;143
86;144
86;145
86;146
86;147
86;148
86;149
86;150
86;151
86;152
86;153
86;154
86;155
86;156
86;157
86;158
86;159
86;160
86;161
86;162
86;163
86;164
86;165
86;166
86;167
86;168
86;169
86;170
86;171
86;172
86;173
86;174
86;175
86;176
86;177
86;178
86;179
86;180
86;181
86;182
86;183
86;184
86;185
86;186
86;187
86;188
86;189
86;190
86;191
86;192
86;193
86;194
86;195
86;196
86;197
86;198
86;199
86;200
86;201
86;202
86;203
86;204
86;205
86;206
86;207
86;208
86;209
86;210
86;211
86;212
86;213
86;214
86;215
86;216
86;217
86;218
86;219
86;220
86;221
86;222
86;223
86;224
86;225
86;226
86;227
86;228
86;229
86;230
86;231
86;232
86;233
86;234
86;235
86;236
86;237
86;238
86;239
86;240
86;241
86;242
86;243
86;244
86;245
86;246
86;247
86;248
86;249
86;250
86;251
86;252
86;253
86;254
86;255
86;256
86;257
86;258
86;259
86;260
86;261
86;262
86;263
86;264
86;265
86;266
86;267
86;268
86;269
86;270
86;271
86;272
86;273
86;274
86;275
86;276
86;277
86;278
86;279
86;280
86;281
86;282
86;283
86;284
86;285
86;286
86;287
86;288
86;289
86;290
86;291
86;292
86;293
86;294
86;295
86;296
86;297
86;298
86;299
86;300
86;301
86;302
86;537
86;539
86;540
86;541
86;542
86;543
86;544
86;545
86;546
86;547
86;548
86;549
86;550
86;551
86;552
86;553
86;554
86;555
86;556
86;557
86;558
86;559
86;560
86;561
86;562
86;563
86;564
86;565
86;566
86;567
86;568
86;569
86;570
86;571
86;572
86;573
86;574
86;575
86;576
86;577
86;578
86;579
86;580
86;581
86;582
86;583
86;584
86;585
86;586
86;587
86;588
86;589
86;590
86;591
86;592
86;593
86;594
86;595
86;596
86;633
86;635
86;636
86;637
86;638
86;639
86;640
86;641
86;642
86;643
86;644
86;645
86;646
86;647
86;648
86;649
86;650
86;651
86;652
86;653
86;654
86;655
86;656
86;657
86;658
86;659
86;660
86;661
86;662
86;663
86;664
86;665
86;667
86;762
86;763
86;764
86;765
86;766
86;767
86;768
86;769
86;770
86;771
86;772
86;773
86;774
86;775
86;776
86;777
86;778
86;779
86;780
86;781
86;782
86;783
86;784
86;785
86;786
86;787
86;788
86;789
86;790
86;791
86;792
86;793
86;794
87;134
87;135
87;136
87;137
87;138
87;139
87;140
87;141
87;142
87;143
87;144
87;145
87;146
87;147
87;148
87;149
87;150
87;151
87;152
87;153
87;154
87;155
87;156
87;157
87;158
87;159
87;160
87;161
87;162
87;163
87;164
87;165
87;166
87;167
87;168
87;169
87;170
87;171
87;172
87;173
87;174
87;175
87;176
87;177
87;178
87;179
87;180
87;181
87;182
87;183
87;184
87;185
87;186
87;187
87;188
87;189
87;190
87;191
87;192
87;193
87;194
87;195
87;196
87;197
87;198
87;199
87;200
87;201
87;202
87;203
87;204
87;205
87;206
87;207
87;208
87;209
87;210
87;211
87;212
87;213
87;214
87;215
87;216
87;217
87;218
87;219
87;220
87;221
87;222
87;223
87;224
87;225
87;226
87;227
87;228
87;229
87;230
87;231
87;232
87;233
87;234
87;235
87;236
87;237
87;238
87;239
87;240
87;241
87;242
87;243
87;244
87;245
87;246
87;247
87;248
87;249
87;250
87;251
87;252
87;253
87;254
87;255
87;256
87;257
87;258
87;259
87;260
87;261
87;262
87;263
87;264
87;265
87;266
87;267
87;268
87;269
87;270
87;271
87;272
87;273
87;274
87;275
87;276
87;277
87;278
87;279
87;280
87;281
87;282
87;283
87;284
87;285
87;286
87;287
87;288
87;289
87;290
87;291
87;292
87;293
87;294
87;295
87;296
87;297
87;298
87;299
87;300
87;533
87;535
87;536
87;537
87;538
87;539
87;540
87;541
87;542
87;543
87;544
87;545
87;546
87;547
87;548
87;549
87;550
87;551
87;552
87;553
87;554
87;555
87;556
87;557
87;558
87;559
87;560
87;561
87;562
87;563
87;564
87;565
87;566
87;567
87;568
87;569
87;570
87;571
87;572
87;573
87;574
87;575
87;576
87;577
87;578
87;579
87;580
87;581
87;582
87;583
87;584
87;585
87;586
87;587
87;588
87;589
87;590
87;591
87;592
87;593
87;594
87;595
87;596
87;597
87;629
87;631
87;632
87;633
87;634
87;635
87;636
87;637
87;638
87;639
87;640
87;641
87;642
87;643
87;644
87;645
87;646
87;647
87;648
87;649
87;650
87;651
87;652
87;653
87;654
87;655
87;656
87;657
87;658
87;659
87;660
87;661
87;662
87;663
87;664
87;665
87;666
87;667
87;668
87;669
87;671
87;762
87;763
87;764
87;765
87;766
87;767
87;768
87;769
87;770
87;771
87;772
87;773
87;774
87;775
87;776
87;777
87;778
87;779
87;780
87;781
87;782
87;783
87;784
87;785
87;786
87;787
87;788
87;789
87;790
87;791
87;792
87;793
87;794
88;136
88;137
88;138
88;139
88;140
88;141
88;142
88;143
88;144
88;145
88;146
88;147
88;148
88;149
88;150
88;151
88;152
88;153
88;154
88;155
88;156
88;157
88;158
88;159
88;160
88;161
88;162
88;163
88;164
88;165
88;166
88;167
88;168
88;169
88;170
88;171
88;172
88;173
88;174
88;175
88;176
88;177
88;178
88;179
88;180
88;181
88;182
88;183
88;184
88;185
88;186
88;187
88;188
88;189
88;190
88;191
88;192
88;193
88;194
88;195
88;196
88;197
88;198
88;199
88;200
88;201
88;202
88;203
88;204
88;205
88;206
88;207
88;208
88;209
88;210
88;211
88;212
88;213
88;214
88;215
88;216
88;217
88;218
88;219
88;220
88;221
88;222
88;223
88;224
88;225
88;226
88;227
88;228
88;229
88;230
88;231
88;232
88;233
88;234
88;235
88;236
88;237
88;238
88;239
88;240
88;241
88;242
88;243
88;244
88;245
88;246
88;247
88;248
88;249
88;250
88;251
88;252
88;253
88;254
88;255
88;256
88;257
88;258
88;259
88;260
88;261
88;262
88;263
88;264
88;265
88;266
88;267
88;268
88;269
88;270
88;271
88;272
88;273
88;274
88;275
88;276
88;277
88;278
88;279
88;280
88;281
88;282
88;283
88;284
88;285
88;286
88;287
88;288
88;289
88;290
88;291
88;292
88;293
88;294
88;295
88;296
88;297
88;298
88;299
88;300
88;527
88;529
88;530
88;531
88;532
88;533
88;534
88;535
88;536
88;537
88;538
88;539
88;540
88;541
88;542
88;543
88;544
88;545
88;546
88;547
88;548
88;549
88;550
88;551
88;552
88;553
88;554
88;555
88;556
88;557
88;558
88;559
88;560
88;561
88;562
88;563
88;564
88;565
88;566
88;567
88;568
88;569
88;570
88;571
88;572
88;573
88;574
88;575
88;576
88;577
88;578
88;579
88;580
88;581
88;582
88;583
88;584
88;585
88;586
88;587
88;588
88;589
88;590
88;591
88;592
88;593
88;594
88;595
88;596
88;597
88;627
88;628
88;629
88;630
88;631
88;632
88;633
88;634
88;635
88;636
88;637
88;638
88;639
88;640
88;641
88;642
88;643
88;644
88;645
88;646
88;647
88;648
88;649
88;650
88;651
88;652
88;653
88;654
88;655
88;656
88;657
88;658
88;659
88;660
88;661
88;662
88;663
88;664
88;665
88;666
88;667
88;668
88;669
88;670
88;671
88;672
88;673
88;763
88;764
88;765
88;766
88;767
88;768
88;769
88;770
88;771
88;772
88;773
88;774
88;775
88;776
88;777
88;778
88;779
88;780
88;781
88;782
88;783
88;784
88;785
88;786
88;787
88;788
88;789
88;790
88;791
88;792
88;793
89;136
89;137
89;138
89;139
89;140
89;141
89;142
89;143
89;144
89;145
89;146
89;147
89;148
89;149
89;150
89;151
89;152
89;153
89;154
89;155
89;156
89;157
89;158
89;159
89;160
89;161
89;162
89;163
89;164
89;165
89;166
89;167
89;168
89;169
89;170
89;171
89;172
89;173
89;174
89;175
89;176
89;177
89;178
89;179
89;180
89;181
89;182
89;183
89;184
89;185
89;186
89;187
89;188
89;189
89;190
89;191
89;192
89;193
89;194
89;195
89;196
89;197
89;198
89;199
89;200
89;201
89;202
89;203
89;204
89;205
89;206
89;207
89;208
89;209
89;210
89;211
89;212
89;213
89;214
89;215
89;216
89;217
89;218
89;219
89;220
89;221
89;222
89;223
89;224
89;225
89;226
89;227
89;228
89;229
89;230
89;231
89;232
89;233
89;234
89;235
89;236
89;237
89;238
89;239
89;240
89;241
89;242
89;243
89;244
89;245
89;246
89;247
89;248
89;249
89;250
89;251
89;252
89;253
89;254
89;255
89;256
89;257
89;258
89;259
89;260
89;261
89;262
89;263
89;264
89;265
89;266
89;267
89;268
89;269
89;270
89;271
89;272
89;273
89;274
89;275
89;276
89;277
89;278
89;279
89;280
89;281
89;282
89;283
89;284
89;285
89;286
89;287
89;288
89;289
89;290
89;291
89;292
89;293
89;294
89;295
89;296
89;297
89;298
89;299
89;523
89;525
89;526
89;527
89;528
89;529
89;530
89;531
89;532
89;533
89;534
89;535
89;536
89;537
89;538
89;539
89;540
89;541
89;542
89;543
89;544
89;545
89;546
89;547
89;548
89;549
89;550
89;551
89;552
89;553
89;554
89;555
89;556
89;557
89;558
89;559
89;560
89;561
89;562
89;563
89;564
89;565
89;566
89;567
89;568
89;569
89;570
89;571
89;572
89;573
89;574
89;575
89;576
89;577
89;578
89;579
89;580
89;581
89;582
89;583
89;584
89;585
89;586
89;587
89;588
89;589
89;590
89;591
89;592
89;593
89;594
89;595
89;596
89;597
89;623
89;625
89;626
89;627
89;628
89;629
89;630
89;631
89;632
89;633
89;634
89;635
89;636
89;637
89;638
89;639
89;640
89;641
89;642
89;643
89;644
89;645
89;646
89;647
89;648
89;649
89;650
89;651
89;652
89;653
89;654
89;655
89;656
89;657
89;658
89;659
89;660
89;661
89;662
89;663
89;664
89;665
89;666
89;667
89;668
89;669
89;670
89;671
89;672
89;673
89;674
89;675
89;676
89;677
89;764
89;765
89;766
89;767
89;768
89;769
89;770
89;771
89;772
89;773
89;774
89;775
89;776
89;777
89;778
89;779
89;780
89;781
89;782
89;783
89;784
89;785
89;786
89;787
89;788
89;789
89;790
89;791
89;792
90;137
90;138
90;139
90;140
90;141
90;142
90;143
90;144
90;145
90;146
90;147
90;148
90;149
90;150
90;151
90;152
90;153
90;154
90;155
90;156
90;157
90;158
90;159
90;160
90;161
90;162
90;163
90;164
90;165
90;166
90;167
90;168
90;169
90;170
90;171
90;172
90;173
90;174
90;175
90;176
90;177
90;178
90;179
90;180
90;181
90;182
90;183
90;184
90;185
90;186
90;187
90;188
90;189
90;190
90;191
90;192
90;193
90;194
90;195
90;196
90;197
90;198
90;199
90;200
90;201
90;202
90;203
90;204
90;205
90;206
90;207
90;208
90;209
90;210
90;211
90;212
90;213
90;214
90;215
90;216
90;217
90;218
90;219
90;220
90;221
90;222
90;223
90;224
90;225
90;226
90;227
90;228
90;229
90;230
90;231
90;232
90;233
90;234
90;235
90;236
90;237
90;238
90;239
90;240
90;241
90;242
90;243
90;244
90;245
90;246
90;247
90;248
90;249
90;250
90;251
90;252
90;253
90;254
90;255
90;256
90;257
90;258
90;259
90;260
90;261
90;262
90;263
90;264
90;265
90;266
90;267
90;268
90;269
90;270
90;271
90;272
90;273
90;274
90;275
90;276
90;277
90;278
90;279
90;280
90;281
90;282
90;283
90;284
90;285
90;286
90;287
90;288
90;289
90;290
90;291
90;292
90;293
90;294
90;295
90;296
90;297
90;298
90;517
90;519
90;520
90;521
90;522
90;523
90;524
90;525
90;526
90;527
90;528
90;529
90;530
90;531
90;532
90;533
90;534
90;535
90;536
90;537
90;538
90;539
90;540
90;541
90;542
90;543
90;544
90;545
90;546
90;547
90;548
90;549
90;550
90;551
90;552
90;553
90;554
90;555
90;556
90;557
90;558
90;559
90;560
90;561
90;562
90;563
90;564
90;565
90;566
90;567
90;568
90;569
90;570
90;571
90;572
90;573
90;574
90;575
90;576
90;577
90;578
90;579
90;580
90;581
90;582
90;583
90;584
90;585
90;586
90;587
90;588
90;589
90;590
90;591
90;592
90;593
90;594
90;595
90;596
90;597
90;621
90;622
90;623
90;624
90;625
90;626
90;627
90;628
90;629
90;630
90;631
90;632
90;633
90;634
90;635
90;636
90;637
90;638
90;639
90;640
90;641
90;642
90;643
90;644
90;645
90;646
90;647
90;648
90;649
90;650
90;651
90;652
90;653
90;654
90;655
90;656
90;657
90;658
90;659
90;660
90;661
90;662
90;663
90;664
90;665
90;666
90;667
90;668
90;669
90;670
90;671
90;672
90;673
90;674
90;675
90;676
90;677
90;678
90;679
90;764
90;765
90;766
90;767
90;768
90;769
90;770
90;771
90;772
90;773
90;774
90;775
90;776
90;777
90;778
90;779
90;780
90;781
90;782
90;783
90;784
90;785
90;786
90;787
90;788
90;789
90;790
90;791
90;792
91;138
91;139
91;140
91;141
91;142
91;143
91;144
91;145
91;146
91;147
91;148
91;149
91;150
91;151
91;152
91;153
91;154
91;155
91;156
91;157
91;158
91;159
91;160
91;161
91;162
91;163
91;164
91;165
91;166
91;167
91;168
91;169
91;170
91;171
91;172
91;173
91;174
91;175
91;176
91;177
91;178
91;179
91;180
91;181
91;182
91;183
91;184
91;185
91;186
91;187
91;188
91;189
91;190
91;191
91;192
91;193
91;194
91;195
91;196
91;197
91;198
91;199
91;200
91;201
91;202
91;203
91;204
91;205
91;206
91;207
91;208
91;209
91;210
91;211
91;212
91;213
91;214
91;215
91;216
91;217
91;218
91;219
91;220
91;221
91;222
91;223
91;224
91;225
91;226
91;227
91;228
91;229
91;230
91;231
91;232
91;233
91;234
91;235
91;236
91;237
91;238
91;239
91;240
91;241
91;242
91;243
91;244
91;245
91;246
91;247
91;248
91;249
91;250
91;251
91;252
91;253
91;254
91;255
91;256
91;257
91;258
91;259
91;260
91;261
91;262
91;263
91;264
91;265
91;266
91;267
91;268
91;269
91;270
91;271
91;272
91;273
91;274
91;275
91;276
91;277
91;278
91;279
91;280
91;281
91;282
91;283
91;284
91;285
91;286
91;287
91;288
91;289
91;290
91;291
91;292
91;293
91;294
91;295
91;296
91;297
91;513
91;515
91;516
91;517
91;518
91;519
91;520
91;521
91;522
91;523
91;524
91;525
91;526
91;527
91;528
91;529
91;530
91;531
91;532
91;533
91;534
91;535
91;536
91;537
91;538
91;539
91;540
91;541
91;542
91;543
91;544
91;545
91;546
91;547
91;548
91;549
91;550
91;551
91;552
91;553
91;554
91;555
91;556
91;557
91;558
91;559
91;560
91;561
91;562
91;563
91;564
91;565
91;566
91;567
91;568
91;569
91;570
91;571
91;572
91;573
91;574
91;575
91;576
91;577
91;578
91;579
91;580
91;581
91;582
91;583
91;584
91;585
91;586
91;587
91;588
91;589
91;590
91;591
91;592
91;593
91;594
91;595
91;596
91;597
91;619
91;620
91;621
91;622
91;623
91;624
91;625
91;626
91;627
91;628
91;629
91;630
91;631
91;632
91;633
91;634
91;635
91;636
91;637
91;638
91;639
91;640
91;641
91;642
91;643
91;644
91;645
91;646
91;647
91;648
91;649
91;650
91;651
91;652
91;653
91;654
91;655
91;656
91;657
91;658
91;659
91;660
91;661
91;662
91;663
91;664
91;665
91;666
91;667
91;668
91;669
91;670
91;671
91;672
91;673
91;674
91;675
91;676
91;677
91;678
91;679
91;680
91;681
91;765
91;766
91;767
91;768
91;769
91;770
91;771
91;772
91;773
91;774
91;775
91;776
91;777
91;778
91;779
91;780
91;781
91;782
91;783
91;784
91;785
91;786
91;787
91;788
91;789
91;790
91;791
92;139
92;140
92;141
92;142
92;143
92;144
92;145
92;146
92;147
92;148
92;149
92;150
92;151
92;152
92;153
92;154
92;155
92;156
92;157
92;158
92;159
92;160
92;161
92;162
92;163
92;164
92;165
92;166
92;167
92;168
92;169
92;170
92;171
92;172
92;173
92;174
92;175
92;176
92;177
92;178
92;179
92;180
92;181
92;182
92;183
92;184
92;185
92;186
92;187
92;188
92;189
92;190
92;191
92;192
92;193
92;194
92;195
92;196
92;197
92;198
92;199
92;200
92;201
92;202
92;203
92;204
92;205
92;206
92;207
92;208
92;209
92;210
92;211
92;212
92;213
92;214
92;215
92;216
92;217
92;218
92;219
92;220
92;221
92;222
92;223
92;224
92;225
92;226
92;227
92;228
92;229
92;230
92;231
92;232
92;233
92;234
92;235
92;236
92;237
92;238
92;239
92;240
92;241
92;242
92;243
92;244
92;245
92;246
92;247
92;248
92;249
92;250
92;251
92;252
92;253
92;254
92;255
92;256
92;257
92;258
92;259
92;260
92;261
92;262
92;263
92;264
92;265
92;266
92;267
92;268
92;269
92;270
92;271
92;272
92;273
92;274
92;275
92;276
92;277
92;278
92;279
92;280
92;281
92;282
92;283
92;284
92;285
92;286
92;287
92;288
92;289
92;290
92;291
92;292
92;293
92;294
92;295
92;296
92;507
92;509
92;510
92;511
92;512
92;513
92;514
92;515
92;516
92;517
92;518
92;519
92;520
92;521
92;522
92;523
92;524
92;525
92;526
92;527
92;528
92;529
92;530
92;531
92;532
92;533
92;534
92;535
92;536
92;537
92;538
92;539
92;540
92;541
92;542
92;543
92;544
92;545
92;546
92;547
92;548
92;549
92;550
92;551
92;552
92;553
92;554
92;555
92;556
92;557
92;558
92;559
92;560
92;561
92;562
92;563
92;564
92;565
92;566
92;567
92;568
92;569
92;570
92;571
92;572
92;573
92;574
92;575
92;576
92;577
92;578
92;579
92;580
92;581
92;582
92;583
92;584
92;585
92;586
92;587
92;588
92;589
92;590
92;591
92;592
92;593
92;594
92;595
92;596
92;597
92;598
92;617
92;618
92;619
92;620
92;621
92;622
92;623
92;624
92;625
92;626
92;627
92;628
92;629
92;630
92;631
92;632
92;633
92;634
92;635
92;636
92;637
92;638
92;639
92;640
92;641
92;642
92;643
92;644
92;645
92;646
92;647
92;648
92;649
92;650
92;651
92;652
92;653
92;654
92;655
92;656
92;657
92;658
92;659
92;660
92;661
92;662
92;663
92;664
92;665
92;666
92;667
92;668
92;669
92;670
92;671
92;672
92;673
92;674
92;675
92;676
92;677
92;678
92;679
92;680
92;681
92;682
92;683
92;766
92;767
92;768
92;769
92;770
92;771
92;772
92;773
92;774
92;775
92;776
92;777
92;778
92;779
92;780
92;781
92;782
92;783
92;784
92;785
92;786
92;787
92;788
92;789
92;790
93;140
93;141
93;142
93;143
93;144
93;145
93;146
93;147
93;148
93;149
93;150
93;151
93;152
93;153
93;154
93;155
93;156
93;157
93;158
93;159
93;160
93;161
93;162
93;163
93;164
93;165
93;166
93;167
93;168
93;169
93;170
93;171
93;172
93;173
93;174
93;175
93;176
93;177
93;178
93;179
93;180
93;181
93;182
93;183
93;184
93;185
93;186
93;187
93;188
93;189
93;190
93;191
93;192
93;193
93;194
93;195
93;196
93;197
93;198
93;199
93;200
93;201
93;202
93;203
93;204
93;205
93;206
93;207
93;208
93;209
93;210
93;211
93;212
93;213
93;214
93;215
93;216
93;217
93;218
93;219
93;220
93;221
93;222
93;223
93;224
93;225
93;226
93;227
93;228
93;229
93;230
93;231
93;232
93;233
93;234
93;235
93;236
93;237
93;238
93;239
93;240
93;241
93;242
93;243
93;244
93;245
93;246
93;247
93;248
93;249
93;250
93;251
93;252
93;253
93;254
93;255
93;256
93;257
93;258
93;259
93;260
93;261
93;262
93;263
93;264
93;265
93;266
93;267
93;268
93;269
93;270
93;271
93;272
93;273
93;274
93;275
93;276
93;277
93;278
93;279
93;280
93;281
93;282
93;283
93;284
93;285
93;286
93;287
93;288
93;289
93;290
93;291
93;292
93;293
93;294
93;295
93;503
93;505
93;506
93;507
93;508
93;509
93;510
93;511
93;512
93;513
93;514
93;515
93;516
93;517
93;518
93;519
93;520
93;521
93;522
93;523
93;524
93;525
93;526
93;527
93;528
93;529
93;530
93;531
93;532
93;533
93;534
93;535
93;536
93;537
93;538
93;539
93;540
93;541
93;542
93;543
93;544
93;545
93;546
93;547
93;548
93;549
93;550
93;551
93;552
93;553
93;554
93;555
93;556
93;557
93;558
93;559
93;560
93;561
93;562
93;563
93;564
93;565
93;566
93;567
93;568
93;569
93;570
93;571
93;572
93;573
93;574
93;575
93;576
93;577
93;578
93;579
93;580
93;581
93;582
93;583
93;584
93;585
93;586
93;587
93;588
93;589
93;590
93;591
93;592
93;593
93;594
93;595
93;596
93;597
93;598
93;615
93;616
93;617
93;618
93;619
93;620
93;621
93;622
93;623
93;624
93;625
93;626
93;627
93;628
93;629
93;630
93;631
93;632
93;633
93;634
93;635
93;636
93;637
93;638
93;639
93;640
93;641
93;642
93;643
93;644
93;645
93;646
93;647
93;648
93;649
93;650
93;651
93;652
93;653
93;654
93;655
93;656
93;657
93;658
93;659
93;660
93;661
93;662
93;663
93;664
93;665
93;666
93;667
93;668
93;669
93;670
93;671
93;672
93;673
93;674
93;675
93;676
93;677
93;678
93;679
93;680
93;681
93;682
93;683
93;684
93;685
93;766
93;767
93;768
93;769
93;770
93;771
93;772
93;773
93;774
93;775
93;776
93;777
93;778
93;779
93;780
93;781
93;782
93;783
93;784
93;785
93;786
93;787
93;788
93;789
93;790
94;141
94;142
94;143
94;144
94;145
94;146
94;147
94;148
94;149
94;150
94;151
94;152
94;153
94;154
94;155
94;156
94;157
94;158
94;159
94;160
94;161
94;162
94;163
94;164
94;165
94;166
94;167
94;168
94;169
94;170
94;171
94;172
94;173
94;174
94;175
94;176
94;177
94;178
94;179
94;180
94;181
94;182
94;183
94;184
94;185
94;186
94;187
94;188
94;189
94;190
94;191
94;192
94;193
94;194
94;195
94;196
94;197
94;198
94;199
94;200
94;201
94;202
94;203
94;204
94;205
94;206
94;207
94;208
94;209
94;210
94;211
94;212
94;213
94;214
94;215
94;216
94;217
94;218
94;219
94;220
94;221
94;222
94;223
94;224
94;225
94;226
94;227
94;228
94;229
94;230
94;231
94;232
94;233
94;234
94;235
94;236
94;237
94;238
94;239
94;240
94;241
94;242
94;243
94;244
94;245
94;246
94;247
94;248
94;249
94;250
94;251
94;252
94;253
94;254
94;255
94;256
94;257
94;258
94;259
94;260
94;261
94;262
94;263
94;264
94;265
94;266
94;267
94;268
94;269
94;270
94;271
94;272
94;273
94;274
94;275
94;276
94;277
94;278
94;279
94;280
94;281
94;282
94;283
94;284
94;285
94;286
94;287
94;288
94;289
94;290
94;291
94;292
94;293
94;294
94;497
94;499
94;500
94;501
94;502
94;503
94;504
94;505
94;506
94;507
94;508
94;509
94;510
94;511
94;512
94;513
94;514
94;515
94;516
94;517
94;518
94;519
94;520
94;521
94;522
94;523
94;524
94;525
94;526
94;527
94;528
94;529
94;530
94;531
94;532
94;533
94;534
94;535
94;536
94;537
94;538
94;539
94;540
94;541
94;542
94;543
94;544
94;545
94;546
94;547
94;548
94;549
94;550
94;551
94;552
94;553
94;554
94;555
94;556
94;557
94;558
94;559
94;560
94;561
94;562
94;563
94;564
94;565
94;566
94;567
94;568
94;569
94;570
94;571
94;572
94;573
94;574
94;575
94;576
94;577
94;578
94;579
94;580
94;581
94;582
94;583
94;584
94;585
94;586
94;587
94;588
94;589
94;590
94;591
94;592
94;593
94;594
94;595
94;596
94;597
94;598
94;613
94;614
94;615
94;616
94;617
94;618
94;619
94;620
94;621
94;622
94;623
94;624
94;625
94;626
94;627
94;628
94;629
94;630
94;631
94;632
94;633
94;634
94;635
94;636
94;637
94;638
94;639
94;640
94;641
94;642
94;643
94;644
94;645
94;646
94;647
94;648
94;649
94;650
94;651
94;652
94;653
94;654
94;655
94;656
94;657
94;658
94;659
94;660
94;661
94;662
94;663
94;664
94;665
94;666
94;667
94;668
94;669
94;670
94;671
94;672
94;673
94;674
94;675
94;676
94;677
94;678
94;679
94;680
94;681
94;682
94;683
94;684
94;685
94;686
94;687
94;767
94;768
94;769
94;770
94;771
94;772
94;773
94;774
94;775
94;776
94;777
94;778
94;779
94;780
94;781
94;782
94;783
94;784
94;785
94;786
94;787
94;788
94;789
95;142
95;143
95;144
95;145
95;146
95;147
95;148
95;149
95;150
95;151
95;152
95;153
95;154
95;155
95;156
95;157
95;158
95;159
95;160
95;161
95;162
95;163
95;164
95;165
95;166
95;167
95;168
95;169
95;170
95;171
95;172
95;173
95;174
95;175
95;176
95;177
95;178
95;179
95;180
95;181
95;182
95;183
95;184
95;185
95;186
95;187
95;188
95;189
95;190
95;191
95;192
95;193
95;194
95;195
95;196
95;197
95;198
95;199
95;200
95;201
95;202
95;203
95;204
95;205
95;206
95;207
95;208
95;209
95;210
95;211
95;212
95;213
95;214
95;215
95;216
95;217
95;218
95;219
95;220
95;221
95;222
95;223
95;224
95;225
95;226
95;227
95;228
95;229
95;230
95;231
95;232
95;233
95;234
95;235
95;236
95;237
95;238
95;239
95;240
95;241
95;242
95;243
95;244
95;245
95;246
95;247
95;248
95;249
95;250
95;251
95;252
95;253
95;254
95;255
95;256
95;257
95;258
95;259
95;260
95;261
95;262
95;263
95;264
95;265
95;266
95;267
95;268
95;269
95;270
95;271
95;272
95;273
95;274
95;275
95;276
95;277
95;278
95;279
95;280
95;281
95;282
95;283
95;284
95;285
95;286
95;287
95;288
95;289
95;290
95;291
95;292
95;293
95;493
95;495
95;496
95;497
95;498
95;499
95;500
95;501
95;502
95;503
95;504
95;505
95;506
95;507
95;508
95;509
95;510
95;511
95;512
95;513
95;514
95;515
95;516
95;517
95;518
95;519
95;520
95;521
95;522
95;523
95;524
95;525
95;526
95;527
95;528
95;529
95;530
95;531
95;532
95;533
95;534
95;535
95;536
95;537
95;538
95;539
95;540
95;541
95;542
95;543
95;544
95;545
95;546
95;547
95;548
95;549
95;550
95;551
95;552
95;553
95;554
95;555
95;556
95;557
95;558
95;559
95;560
95;561
95;562
95;563
95;564
95;565
95;566
95;567
95;568
95;569
95;570
95;571
95;572
95;573
95;574
95;575
95;576
95;577
95;578
95;579
95;580
95;581
95;582
95;583
95;584
95;585
95;586
95;587
95;588
95;589
95;590
95;591
95;592
95;593
95;594
95;595
95;596
95;597
95;598
95;599
95;611
95;612
95;613
95;614
95;615
95;616
95;617
95;618
95;619
95;620
95;621
95;622
95;623
95;624
95;625
95;626
95;627
95;628
95;629
95;630
95;631
95;632
95;633
95;634
95;635
95;636
95;637
95;638
95;639
95;640
95;641
95;642
95;643
95;644
95;645
95;646
95;647
95;648
95;649
95;650
95;651
95;652
95;653
95;654
95;655
95;656
95;657
95;658
95;659
95;660
95;661
95;662
95;663
95;664
95;665
95;666
95;667
95;668
95;669
95;670
95;671
95;672
95;673
95;674
95;675
95;676
95;677
95;678
95;679
95;680
95;681
95;682
95;683
95;684
95;685
95;686
95;687
95;688
95;689
95;768
95;769
95;770
95;771
95;772
95;773
95;774
95;775
95;776
95;777
95;778
95;779
95;780
95;781
95;782
95;783
95;784
95;785
95;786
95;787
95;788
96;144
96;145
96;146
96;147
96;148
96;149
96;150
96;151
96;152
96;153
96;154
96;155
96;156
96;157
96;158
96;159
96;160
96;161
96;162
96;163
96;164
96;165
96;166
96;167
96;168
96;169
96;170
96;171
96;172
96;173
96;174
96;175
96;176
96;177
96;178
96;179
96;180
96;181
96;182
96;183
96;184
96;185
96;186
96;187
96;188
96;189
96;190
96;191
96;192
96;193
96;194
96;195
96;196
96;197
96;198
96;199
96;200
96;201
96;202
96;203
96;204
96;205
96;206
96;207
96;208
96;209
96;210
96;211
96;212
96;213
96;214
96;215
96;216
96;217
96;218
96;219
96;220
96;221
96;222
96;223
96;224
96;225
96;226
96;227
96;228
96;229
96;230
96;231
96;232
96;233
96;234
96;235
96;236
96;237
96;238
96;239
96;240
96;241
96;242
96;243
96;244
96;245
96;246
96;247
96;248
96;249
96;250
96;251
96;252
96;253
96;254
96;255
96;256
96;257
96;258
96;259
96;260
96;261
96;262
96;263
96;264
96;265
96;266
96;267
96;268
96;269
96;270
96;271
96;272
96;273
96;274
96;275
96;276
96;277
96;278
96;279
96;280
96;281
96;282
96;283
96;284
96;285
96;286
96;287
96;288
96;289
96;290
96;291
96;292
96;487
96;489
96;490
96;491
96;492
96;493
96;494
96;495
96;496
96;497
96;498
96;499
96;500
96;501
96;502
96;503
96;504
96;505
96;506
96;507
96;508
96;509
96;510
96;511
96;512
96;513
96;514
96;515
96;516
96;517
96;518
96;519
96;520
96;521
96;522
96;523
96;524
96;525
96;526
96;527
96;528
96;529
96;530
96;531
96;532
96;533
96;534
96;535
96;536
96;537
96;538
96;539
96;540
96;541
96;542
96;543
96;544
96;545
96;546
96;547
96;548
96;549
96;550
96;551
96;552
96;553
96;554
96;555
96;556
96;557
96;558
96;559
96;560
96;561
96;562
96;563
96;564
96;565
96;566
96;567
96;568
96;569
96;570
96;571
96;572
96;573
96;574
96;575
96;576
96;577
96;578
96;579
96;580
96;581
96;582
96;583
96;584
96;585
96;586
96;587
96;588
96;589
96;590
96;591
96;592
96;593
96;594
96;595
96;596
96;597
96;598
96;599
96;611
96;612
96;613
96;614
96;615
96;616
96;617
96;618
96;619
96;620
96;621
96;622
96;623
96;624
96;625
96;626
96;627
96;628
96;629
96;630
96;631
96;632
96;633
96;634
96;635
96;636
96;637
96;638
96;639
96;640
96;641
96;642
96;643
96;644
96;645
96;646
96;647
96;648
96;649
96;650
96;651
96;652
96;653
96;654
96;655
96;656
96;657
96;658
96;659
96;660
96;661
96;662
96;663
96;664
96;665
96;666
96;667
96;668
96;669
96;670
96;671
96;672
96;673
96;674
96;675
96;676
96;677
96;678
96;679
96;680
96;681
96;682
96;683
96;684
96;685
96;686
96;687
96;688
96;689
96;690
96;768
96;769
96;770
96;771
96;772
96;773
96;774
96;775
96;776
96;777
96;778
96;779
96;780
96;781
96;782
96;783
96;784
96;785
96;786
96;787
96;788
97;144
97;145
97;146
97;147
97;148
97;149
97;150
97;151
97;152
97;153
97;154
97;155
97;156
97;157
97;158
97;159
97;160
97;161
97;162
97;163
97;164
97;165
97;166
97;167
97;168
97;169
97;170
97;171
97;172
97;173
97;174
97;175
97;176
97;177
97;178
97;179
97;180
97;181
97;182
97;183
97;184
97;185
97;186
97;187
97;188
97;189
97;190
97;191
97;192
97;193
97;194
97;195
97;196
97;197
97;198
97;199
97;200
97;201
97;202
97;203
97;204
97;205
97;206
97;207
97;208
97;209
97;210
97;211
97;212
97;213
97;214
97;215
97;216
97;217
97;218
97;219
97;220
97;221
97;222
97;223
97;224
97;225
97;226
97;227
97;228
97;229
97;230
97;231
97;232
97;233
97;234
97;235
97;236
97;237
97;238
97;239
97;240
97;241
97;242
97;243
97;244
97;245
97;246
97;247
97;248
97;249
97;250
97;251
97;252
97;253
97;254
97;255
97;256
97;257
97;258
97;259
97;260
97;261
97;262
97;263
97;264
97;265
97;266
97;267
97;268
97;269
97;270
97;271
97;272
97;273
97;274
97;275
97;276
97;277
97;278
97;279
97;280
97;281
97;282
97;283
97;284
97;285
97;286
97;287
97;288
97;289
97;290
97;291
97;483
97;485
97;486
97;487
97;488
97;489
97;490
97;491
97;492
97;493
97;494
97;495
97;496
97;497
97;498
97;499
97;500
97;501
97;502
97;503
97;504
97;505
97;506
97;507
97;508
97;509
97;510
97;511
97;512
97;513
97;514
97;515
97;516
97;517
97;518
97;519
97;520
97;521
97;522
97;523
97;524
97;525
97;526
97;527
97;528
97;529
97;530
97;531
97;532
97;533
97;534
97;535
97;536
97;537
97;538
97;539
97;540
97;541
97;542
97;543
97;544
97;545
97;546
97;547
97;548
97;549
97;550
97;551
97;552
97;553
97;554
97;555
97;556
97;557
97;558
97;559
97;560
97;561
97;562
97;563
97;564
97;565
97;566
97;567
97;568
97;569
97;570
97;571
97;572
97;573
97;574
97;575
97;576
97;577
97;578
97;579
97;580
97;581
97;582
97;583
97;584
97;585
97;586
97;587
97;588
97;589
97;590
97;591
97;592
97;593
97;594
97;595
97;596
97;597
97;598
97;599
97;609
97;610
97;611
97;612
97;613
97;614
97;615
97;616
97;617
97;618
97;619
97;620
97;621
97;622
97;623
97;624
97;625
97;626
97;627
97;628
97;629
97;630
97;631
97;632
97;633
97;634
97;635
97;636
97;637
97;638
97;639
97;640
97;641
97;642
97;643
97;644
97;645
97;646
97;647
97;648
97;649
97;650
97;651
97;652
97;653
97;654
97;655
97;656
97;657
97;658
97;659
97;660
97;661
97;662
97;663
97;664
97;665
97;666
97;667
97;668
97;669
97;670
97;671
97;672
97;673
97;674
97;675
97;676
97;677
97;678
97;679
97;680
97;681
97;682
97;683
97;684
97;685
97;686
97;687
97;688
97;689
97;690
97;691
97;769
97;770
97;771
97;772
97;773
97;774
97;775
97;776
97;777
97;778
97;779
97;780
97;781
97;782
97;783
97;784
97;785
97;786
97;787
98;146
98;147
98;148
98;149
98;150
98;151
98;152
98;153
98;154
98;155
98;156
98;157
98;158
98;159
98;160
98;161
98;162
98;163
98;164
98;165
98;166
98;167
98;168
98;169
98;170
98;171
98;172
98;173
98;174
98;175
98;176
98;177
98;178
98;179
98;180
98;181
98;182
98;183
98;184
98;185
98;186
98;187
98;188
98;189
98;190
98;191
98;192
98;193
98;194
98;195
98;196
98;197
98;198
98;199
98;200
98;201
98;202
98;203
98;204
98;205
98;206
98;207
98;208
98;209
98;210
98;211
98;212
98;213
98;214
98;215
98;216
98;217
98;218
98;219
98;220
98;221
98;222
98;223
98;224
98;225
98;226
98;227
98;228
98;229
98;230
98;231
98;232
98;233
98;234
98;235
98;236
98;237
98;238
98;239
98;240
98;241
98;242
98;243
98;244
98;245
98;246
98;247
98;248
98;249
98;250
98;251
98;252
98;253
98;254
98;255
98;256
98;257
98;258
98;259
98;260
98;261
98;262
98;263
98;264
98;265
98;266
98;267
98;268
98;269
98;270
98;271
98;272
98;273
98;274
98;275
98;276
98;277
98;278
98;279
98;280
98;281
98;282
98;283
98;284
98;285
98;286
98;287
98;288
98;289
98;290
98;477
98;479
98;480
98;481
98;482
98;483
98;484
98;485
98;486
98;487
98;488
98;489
98;490
98;491
98;492
98;493
98;494
98;495
98;496
98;497
98;498
98;499
98;500
98;501
98;502
98;503
98;504
98;505
98;506
98;507
98;508
98;509
98;510
98;511
98;512
98;513
98;514
98;515
98;516
98;517
98;518
98;519
98;520
98;521
98;522
98;523
98;524
98;525
98;526
98;527
98;528
98;529
98;530
98;531
98;532
98;533
98;534
98;535
98;536
98;537
98;538
98;539
98;540
98;541
98;542
98;543
98;544
98;545
98;546
98;547
98;548
98;549
98;550
98;551
98;552
98;553
98;554
98;555
98;556
98;557
98;558
98;559
98;560
98;561
98;562
98;563
98;564
98;565
98;566
98;567
98;568
98;569
98;570
98;571
98;572
98;573
98;574
98;575
98;576
98;577
98;578
98;579
98;580
98;581
98;582
98;583
98;584
98;585
98;586
98;587
98;588
98;589
98;590
98;591
98;592
98;593
98;594
98;595
98;596
98;597
98;598
98;599
98;607
98;608
98;609
98;610
98;611
98;612
98;613
98;614
98;615
98;616
98;617
98;618
98;619
98;620
98;621
98;622
98;623
98;624
98;625
98;626
98;627
98;628
98;629
98;630
98;631
98;632
98;633
98;634
98;635
98;636
98;637
98;638
98;639
98;640
98;641
98;642
98;643
98;644
98;645
98;646
98;647
98;648
98;649
98;650
98;651
98;652
98;653
98;654
98;655
98;656
98;657
98;658
98;659
98;660
98;661
98;662
98;663
98;664
98;665
98;666
98;667
98;668
98;669
98;670
98;671
98;672
98;673
98;674
98;675
98;676
98;677
98;678
98;679
98;680
98;681
98;682
98;683
98;684
98;685
98;686
98;687
98;688
98;689
98;690
98;691
98;692
98;693
98;770
98;771
98;772
98;773
98;774
98;775
98;776
98;777
98;778
98;779
98;780
98;781
98;782
98;783
98;784
98;785
98;786
99;146
99;147
99;148
99;149
99;150
99;151
99;152
99;153
99;154
99;155
99;156
99;157
99;158
99;159
99;160
99;161
99;162
99;163
99;164
99;165
99;166
99;167
99;168
99;169
99;170
99;171
99;172
99;173
99;174
99;175
99;176
99;177
99;178
99;179
99;180
99;181
99;182
99;183
99;184
99;185
99;186
99;187
99;188
99;189
99;190
99;191
99;192
99;193
99;194
99;195
99;196
99;197
99;198
99;199
99;200
99;201
99;202
99;203
99;204
99;205
99;206
99;207
99;208
99;209
99;210
99;211
99;212
99;213
99;214
99;215
99;216
99;217
99;218
99;219
99;220
99;221
99;222
99;223
99;224
99;225
99;226
99;227
99;228
99;229
99;230
99;231
99;232
99;233
99;234
99;235
99;236
99;237
99;238
99;239
99;240
99;241
99;242
99;243
99;244
99;245
99;246
99;247
99;248
99;249
99;250
99;251
99;252
99;253
99;254
99;255
99;256
99;257
99;258
99;259
99;260
99;261
99;262
99;263
99;264
99;265
99;266
99;267
99;268
99;269
99;270
99;271
99;272
99;273
99;274
99;275
99;276
99;277
99;278
99;279
99;280
99;281
99;282
99;283
99;284
99;285
99;286
99;287
99;288
99;473
99;475
99;476
99;477
99;478
99;479
99;480
99;481
99;482
99;483
99;484
99;485
99;486
99;487
99;488
99;489
99;490
99;491
99;492
99;493
99;494
99;495
99;496
99;497
99;498
99;499
99;500
99;501
99;502
99;503
99;504
99;505
99;506
99;507
99;508
99;509
99;510
99;511
99;512
99;513
99;514
99;515
99;516
99;517
99;518
99;519
99;520
99;521
99;522
99;523
99;524
99;525
99;526
99;527
99;528
99;529
99;530
99;531
99;532
99;533
99;534
99;535
99;536
99;537
99;538
99;539
99;540
99;541
99;542
99;543
99;544
99;545
99;546
99;547
99;548
99;549
99;550
99;551
99;552
99;553
99;554
99;555
99;556
99;557
99;558
99;559
99;560
99;561
99;562
99;563
99;564
99;565
99;566
99;567
99;568
99;569
99;570
99;571
99;572
99;573
99;574
99;575
99;576
99;577
99;578
99;579
99;580
99;581
99;582
99;583
99;584
99;585
99;586
99;587
99;588
99;589
99;590
99;591
99;592
99;593
99;594
99;595
99;596
99;597
99;598
99;599
99;600
99;606
99;607
99;608
99;609
99;610
99;611
99;612
99;613
99;614
99;615
99;616
99;617
99;618
99;619
99;620
99;621
99;622
99;623
99;624
99;625
99;626
99;627
99;628
99;629
99;630
99;631
99;632
99;633
99;634
99;635
99;636
99;637
99;638
99;639
99;640
99;641
99;642
99;643
99;644
99;645
99;646
99;647
99;648
99;649
99;650
99;651
99;652
99;653
99;654
99;655
99;656
99;657
99;658
99;659
99;660
99;661
99;662
99;663
99;664
99;665
99;666
99;667
99;668
99;669
99;670
99;671
99;672
99;673
99;674
99;675
99;676
99;677
99;678
99;679
99;680
99;681
99;682
99;683
99;684
99;685
99;686
99;687
99;688
99;689
99;690
99;691
99;692
99;693
99;694
99;695
99;770
99;771
99;772
99;773
99;774
99;775
99;776
99;777
99;778
99;779
99;780
99;781
99;782
99;783
99;784
99;785
99;786
100;148
100;149
100;150
100;151
100;152
100;153
100;154
100;155
100;156
100;157
100;158
100;159
100;160
100;161
100;162
100;163
100;164
100;165
100;166
100;167
100;168
100;169
100;170
100;171
100;172
100;173
100;174
100;175
100;176
100;177
100;178
100;179
100;180
100;181
100;182
100;183
100;184
100;185
100;186
100;187
100;188
100;189
100;190
100;191
100;192
100;193
100;194
100;195
100;196
100;197
100;198
100;199
100;200
100;201
100;202
100;203
100;204
100;205
100;206
100;207
100;208
100;209
100;210
100;211
100;212
100;213
100;214
100;215
100;216
100;217
100;218
100;219
100;220
100;221
100;222
100;223
100;224
100;225
100;226
100;227
100;228
100;229
100;230
100;231
100;232
100;233
100;234
100;235
100;236
100;237
100;238
100;239
100;240
100;241
100;242
100;243
100;244
100;245
100;246
100;247
100;248
100;249
100;250
100;251
100;252
100;253
100;254
100;255
100;256
100;257
100;258
100;259
100;260
100;261
100;262
100;263
100;264
100;265
100;266
100;267
100;268
100;269
100;270
100;271
100;272
100;273
100;274
100;275
100;276
100;277
100;278
100;279
100;280
100;281
100;282
100;283
100;284
100;285
100;286
100;287
100;288
100;467
100;469
100;470
100;471
100;472
100;473
100;474
100;475
100;476
100;477
100;478
100;479
100;480
100;481
100;482
100;483
100;484
100;485
100;486
100;487
100;488
100;489
100;490
100;491
100;492
100;493
100;494
100;495
100;496
100;497
100;498
100;499
100;500
100;501
100;502
100;503
100;504
100;505
100;506
100;507
100;508
100;509
100;510
100;511
100;512
100;513
100;514
100;515
100;516
100;517
100;518
100;519
100;520
100;521
100;522
100;523
100;524
100;525
100;526
100;527
100;528
100;529
100;530
100;531
100;532
100;533
100;534
100;535
100;536
100;537
100;538
100;539
100;540
100;541
100;542
100;543
100;544
100;545
100;546
100;547
100;548
100;549
100;550
100;551
100;552
100;553
100;554
100;555
100;556
100;557
100;558
100;559
100;560
100;561
100;562
100;563
100;564
100;565
100;566
100;567
100;568
100;569
100;570
100;571
100;572
100;573
100;574
100;575
100;576
100;577
100;578
100;579
100;580
100;581
100;582
100;583
100;584
100;585
100;586
100;587
100;588
100;589
100;590
100;591
100;592
100;593
100;594
100;595
100;596
100;597
100;598
100;599
100;600
100;605
100;606
100;607
100;608
100;609
100;610
100;611
100;612
100;613
100;614
100;615
100;616
100;617
100;618
100;619
100;620
100;621
100;622
100;623
100;624
100;625
100;626
100;627
100;628
100;629
100;630
100;631
100;632
100;633
100;634
100;635
100;636
100;637
100;638
100;639
100;640
100;641
100;642
100;643
100;644
100;645
100;646
100;647
100;648
100;649
100;650
100;651
100;652
100;653
100;654
100;655
100;656
100;657
100;658
100;659
100;660
100;661
100;662
100;663
100;664
100;665
100;666
100;667
100;668
100;669
100;670
100;671
100;672
100;673
100;674
100;675
100;676
100;677
100;678
100;679
100;680
100;681
100;682
100;683
100;684
100;685
100;686
100;687
100;688
100;689
100;690
100;691
100;692
100;693
100;694
100;695
100;771
100;772
100;773
100;774
100;775
100;776
100;777
100;778
100;779
100;780
100;781
100;782
100;783
100;784
100;785
101;150
101;151
101;152
101;153
101;154
101;155
101;156
101;157
101;158
101;159
101;160
101;161
101;162
101;163
101;164
101;165
101;166
101;167
101;168
101;169
101;170
101;171
101;172
101;173
101;174
101;175
101;176
101;177
101;178
101;179
101;180
101;181
101;182
101;183
101;184
101;185
101;186
101;187
101;188
101;189
101;190
101;191
101;192
101;193
101;194
101;195
101;196
101;197
101;198
101;199
101;200
101;201
101;202
101;203
101;204
101;205
101;206
101;207
101;208
101;209
101;210
101;211
101;212
101;213
101;214
101;215
101;216
101;217
101;218
101;219
101;220
101;221
101;222
101;223
101;224
101;225
101;226
101;227
101;228
101;229
101;230
101;231
101;232
101;233
101;234
101;235
101;236
101;237
101;238
101;239
101;240
101;241
101;242
101;243
101;244
101;245
101;246
101;247
101;248
101;249
101;250
101;251
101;252
101;253
101;254
101;255
101;256
101;257
101;258
101;259
101;260
101;261
101;262
101;263
101;264
101;265
101;266
101;267
101;268
101;269
101;270
101;271
101;272
101;273
101;274
101;275
101;276
101;277
101;278
101;279
101;280
101;281
101;282
101;283
101;284
101;285
101;286
101;463
101;465
101;466
101;467
101;468
101;469
101;470
101;471
101;472
101;473
101;474
101;475
101;476
101;477
101;478
101;479
101;480
101;481
101;482
101;483
101;484
101;485
101;486
101;487
101;488
101;489
101;490
101;491
101;492
101;493
101;494
101;495
101;496
101;497
101;498
101;499
101;500
101;501
101;502
101;503
101;504
101;505
101;506
101;507
101;508
101;509
101;510
101;511
101;512
101;513
101;514
101;515
101;516
101;517
101;518
101;519
101;520
101;521
101;522
101;523
101;524
101;525
101;526
101;527
101;528
101;529
101;530
101;531
101;532
101;533
101;534
101;535
101;536
101;537
101;538
101;539
101;540
101;541
101;542
101;543
101;544
101;545
101;546
101;547
101;548
101;549
101;550
101;551
101;552
101;553
101;554
101;555
101;556
101;557
101;558
101;559
101;560
101;561
101;562
101;563
101;564
101;565
101;566
101;567
101;568
101;569
101;570
101;571
101;572
101;573
101;574
101;575
101;576
101;577
101;578
101;579
101;580
101;581
101;582
101;583
101;584
101;585
101;586
101;587
101;588
101;589
101;590
101;591
101;592
101;593
101;594
101;595
101;596
101;597
101;598
101;599
101;600
101;603
101;604
101;605
101;606
101;607
101;608
101;609
101;610
101;611
101;612
101;613
101;614
101;615
101;616
101;617
101;618
101;619
101;620
101;621
101;622
101;623
101;624
101;625
101;626
101;627
101;628
101;629
101;630
101;631
101;632
101;633
101;634
101;635
101;636
101;637
101;638
101;639
101;640
101;641
101;642
101;643
101;644
101;645
101;646
101;647
101;648
101;649
101;650
101;651
101;652
101;653
101;654
101;655
101;656
101;657
101;658
101;659
101;660
101;661
101;662
101;663
101;664
101;665
101;666
101;667
101;668
101;669
101;670
101;671
101;672
101;673
101;674
101;675
101;676
101;677
101;678
101;679
101;680
101;681
101;682
101;683
101;684
101;685
101;686
101;687
101;688
101;689
101;690
101;691
101;692
101;693
101;694
101;695
101;696
101;697
101;772
101;773
101;774
101;775
101;776
101;777
101;778
101;779
101;780
101;781
101;782
101;783
101;784
102;150
102;151
102;152
102;153
102;154
102;155
102;156
102;157
102;158
102;159
102;160
102;161
102;162
102;163
102;164
102;165
102;166
102;167
102;168
102;169
102;170
102;171
102;172
102;173
102;174
102;175
102;176
102;177
102;178
102;179
102;180
102;181
102;182
102;183
102;184
102;185
102;186
102;187
102;188
102;189
102;190
102;191
102;192
102;193
102;194
102;195
102;196
102;197
102;198
102;199
102;200
102;201
102;202
102;203
102;204
102;205
102;206
102;207
102;208
102;209
102;210
102;211
102;212
102;213
102;214
102;215
102;216
102;217
102;218
102;219
102;220
102;221
102;222
102;223
102;224
102;225
102;226
102;227
102;228
102;229
102;230
102;231
102;232
102;233
102;234
102;235
102;236
102;237
102;238
102;239
102;240
102;241
102;242
102;243
102;244
102;245
102;246
102;247
102;248
102;249
102;250
102;251
102;252
102;253
102;254
102;255
102;256
102;257
102;258
102;259
102;260
102;261
102;262
102;263
102;264
102;265
102;266
102;267
102;268
102;269
102;270
102;271
102;272
102;273
102;274
102;275
102;276
102;277
102;278
102;279
102;280
102;281
102;282
102;283
102;284
102;457
102;459
102;460
102;461
102;462
102;463
102;464
102;465
102;466
102;467
102;468
102;469
102;470
102;471
102;472
102;473
102;474
102;475
102;476
102;477
102;478
102;479
102;480
102;481
102;482
102;483
102;484
102;485
102;486
102;487
102;488
102;489
102;490
102;491
102;492
102;493
102;494
102;495
102;496
102;497
102;498
102;499
102;500
102;501
102;502
102;503
102;504
102;505
102;506
102;507
102;508
102;509
102;510
102;511
102;512
102;513
102;514
102;515
102;516
102;517
102;518
102;519
102;520
102;521
102;522
102;523
102;524
102;525
102;526
102;527
102;528
102;529
102;530
102;531
102;532
102;533
102;534
102;535
102;536
102;537
102;538
102;539
102;540
102;541
102;542
102;543
102;544
102;545
102;546
102;547
102;548
102;549
102;550
102;551
102;552
102;553
102;554
102;555
102;556
102;557
102;558
102;559
102;560
102;561
102;562
102;563
102;564
102;565
102;566
102;567
102;568
102;569
102;570
102;571
102;572
102;573
102;574
102;575
102;576
102;577
102;578
102;579
102;580
102;581
102;582
102;583
102;584
102;585
102;586
102;587
102;588
102;589
102;590
102;591
102;592
102;593
102;594
102;595
102;596
102;597
102;598
102;599
102;600
102;601
102;603
102;604
102;605
102;606
102;607
102;608
102;609
102;610
102;611
102;612
102;613
102;614
102;615
102;616
102;617
102;618
102;619
102;620
102;621
102;622
102;623
102;624
102;625
102;626
102;627
102;628
102;629
102;630
102;631
102;632
102;633
102;634
102;635
102;636
102;637
102;638
102;639
102;640
102;641
102;642
102;643
102;644
102;645
102;646
102;647
102;648
102;649
102;650
102;651
102;652
102;653
102;654
102;655
102;656
102;657
102;658
102;659
102;660
102;661
102;662
102;663
102;664
102;665
102;666
102;667
102;668
102;669
102;670
102;671
102;672
102;673
102;674
102;675
102;676
102;677
102;678
102;679
102;680
102;681
102;682
102;683
102;684
102;685
102;686
102;687
102;688
102;689
102;690
102;691
102;692
102;693
102;694
102;695
102;696
102;697
102;772
102;773
102;774
102;775
102;776
102;777
102;778
102;779
102;780
102;781
102;782
102;783
102;784
103;152
103;153
103;154
103;155
103;156
103;157
103;158
103;159
103;160
103;161
103;162
103;163
103;164
103;165
103;166
103;167
103;168
103;169
103;170
103;171
103;172
103;173
103;174
103;175
103;176
103;177
103;178
103;179
103;180
103;181
103;182
103;183
103;184
103;185
103;186
103;187
103;188
103;189
103;190
103;191
103;192
103;193
103;194
103;195
103;196
103;197
103;198
103;199
103;200
103;201
103;202
103;203
103;204
103;205
103;206
103;207
103;208
103;209
103;210
103;211
103;212
103;213
103;214
103;215
103;216
103;217
103;218
103;219
103;220
103;221
103;222
103;223
103;224
103;225
103;226
103;227
103;228
103;229
103;230
103;231
103;232
103;233
103;234
103;235
103;236
103;237
103;238
103;239
103;240
103;241
103;242
103;243
103;244
103;245
103;246
103;247
103;248
103;249
103;250
103;251
103;252
103;253
103;254
103;255
103;256
103;257
103;258
103;259
103;260
103;261
103;262
103;263
103;264
103;265
103;266
103;267
103;268
103;269
103;270
103;271
103;272
103;273
103;274
103;275
103;276
103;277
103;278
103;279
103;280
103;281
103;282
103;283
103;284
103;453
103;455
103;456
103;457
103;458
103;459
103;460
103;461
103;462
103;463
103;464
103;465
103;466
103;467
103;468
103;469
103;470
103;471
103;472
103;473
103;474
103;475
103;476
103;477
103;478
103;479
103;480
103;481
103;482
103;483
103;484
103;485
103;486
103;487
103;488
103;489
103;490
103;491
103;492
103;493
103;494
103;495
103;496
103;497
103;498
103;499
103;500
103;501
103;502
103;503
103;504
103;505
103;506
103;507
103;508
103;509
103;510
103;511
103;512
103;513
103;514
103;515
103;516
103;517
103;518
103;519
103;520
103;521
103;522
103;523
103;524
103;525
103;526
103;527
103;528
103;529
103;530
103;531
103;532
103;533
103;534
103;535
103;536
103;537
103;538
103;539
103;540
103;541
103;542
103;543
103;544
103;545
103;546
103;547
103;548
103;549
103;550
103;551
103;552
103;553
103;554
103;555
103;556
103;557
103;558
103;559
103;560
103;561
103;562
103;563
103;564
103;565
103;566
103;567
103;568
103;569
103;570
103;571
103;572
103;573
103;574
103;575
103;576
103;577
103;578
103;579
103;580
103;581
103;582
103;583
103;584
103;585
103;586
103;587
103;588
103;589
103;590
103;591
103;592
103;593
103;594
103;595
103;596
103;597
103;598
103;599
103;600
103;601
103;602
103;603
103;604
103;605
103;606
103;607
103;608
103;609
103;610
103;611
103;612
103;613
103;614
103;615
103;616
103;617
103;618
103;619
103;620
103;621
103;622
103;623
103;624
103;625
103;626
103;627
103;628
103;629
103;630
103;631
103;632
103;633
103;634
103;635
103;636
103;637
103;638
103;639
103;640
103;641
103;642
103;643
103;644
103;645
103;646
103;647
103;648
103;649
103;650
103;651
103;652
103;653
103;654
103;655
103;656
103;657
103;658
103;659
103;660
103;661
103;662
103;663
103;664
103;665
103;666
103;667
103;668
103;669
103;670
103;671
103;672
103;673
103;674
103;675
103;676
103;677
103;678
103;679
103;680
103;681
103;682
103;683
103;684
103;685
103;686
103;687
103;688
103;689
103;690
103;691
103;692
103;693
103;694
103;695
103;696
103;697
103;698
103;699
103;773
103;774
103;775
103;776
103;777
103;778
103;779
103;780
103;781
103;782
103;783
104;154
104;155
104;156
104;157
104;158
104;159
104;160
104;161
104;162
104;163
104;164
104;165
104;166
104;167
104;168
104;169
104;170
104;171
104;172
104;173
104;174
104;175
104;176
104;177
104;178
104;179
104;180
104;181
104;182
104;183
104;184
104;185
104;186
104;187
104;188
104;189
104;190
104;191
104;192
104;193
104;194
104;195
104;196
104;197
104;198
104;199
104;200
104;201
104;202
104;203
104;204
104;205
104;206
104;207
104;208
104;209
104;210
104;211
104;212
104;213
104;214
104;215
104;216
104;217
104;218
104;219
104;220
104;221
104;222
104;223
104;224
104;225
104;226
104;227
104;228
104;229
104;230
104;231
104;232
104;233
104;234
104;235
104;236
104;237
104;238
104;239
104;240
104;241
104;242
104;243
104;244
104;245
104;246
104;247
104;248
104;249
104;250
104;251
104;252
104;253
104;254
104;255
104;256
104;257
104;258
104;259
104;260
104;261
104;262
104;263
104;264
104;265
104;266
104;267
104;268
104;269
104;270
104;271
104;272
104;273
104;274
104;275
104;276
104;277
104;278
104;279
104;280
104;281
104;282
104;447
104;449
104;450
104;451
104;452
104;453
104;454
104;455
104;456
104;457
104;458
104;459
104;460
104;461
104;462
104;463
104;464
104;465
104;466
104;467
104;468
104;469
104;470
104;471
104;472
104;473
104;474
104;475
104;476
104;477
104;478
104;479
104;480
104;481
104;482
104;483
104;484
104;485
104;486
104;487
104;488
104;489
104;490
104;491
104;492
104;493
104;494
104;495
104;496
104;497
104;498
104;499
104;500
104;501
104;502
104;503
104;504
104;505
104;506
104;507
104;508
104;509
104;510
104;511
104;512
104;513
104;514
104;515
104;516
104;517
104;518
104;519
104;520
104;521
104;522
104;523
104;524
104;525
104;526
104;527
104;528
104;529
104;530
104;531
104;532
104;533
104;534
104;535
104;536
104;537
104;538
104;539
104;540
104;541
104;542
104;543
104;544
104;545
104;546
104;547
104;548
104;549
104;550
104;551
104;552
104;553
104;554
104;555
104;556
104;557
104;558
104;559
104;560
104;561
104;562
104;563
104;564
104;565
104;566
104;567
104;568
104;569
104;570
104;571
104;572
104;573
104;574
104;575
104;576
104;577
104;578
104;579
104;580
104;581
104;582
104;583
104;584
104;585
104;586
104;587
104;588
104;589
104;590
104;591
104;592
104;593
104;594
104;595
104;596
104;597
104;598
104;599
104;600
104;601
104;602
104;603
104;604
104;605
104;606
104;607
104;608
104;609
104;610
104;611
104;612
104;613
104;614
104;615
104;616
104;617
104;618
104;619
104;620
104;621
104;622
104;623
104;624
104;625
104;626
104;627
104;628
104;629
104;630
104;631
104;632
104;633
104;634
104;635
104;636
104;637
104;638
104;639
104;640
104;641
104;642
104;643
104;644
104;645
104;646
104;647
104;648
104;649
104;650
104;651
104;652
104;653
104;654
104;655
104;656
104;657
104;658
104;659
104;660
104;661
104;662
104;663
104;664
104;665
104;666
104;667
104;668
104;669
104;670
104;671
104;672
104;673
104;674
104;675
104;676
104;677
104;678
104;679
104;680
104;681
104;682
104;683
104;684
104;685
104;686
104;687
104;688
104;689
104;690
104;691
104;692
104;693
104;694
104;695
104;696
104;697
104;698
104;699
104;700
104;774
104;775
104;776
104;777
104;778
104;779
104;780
104;781
104;782
105;154
105;155
105;156
105;157
105;158
105;159
105;160
105;161
105;162
105;163
105;164
105;165
105;166
105;167
105;168
105;169
105;170
105;171
105;172
105;173
105;174
105;175
105;176
105;177
105;178
105;179
105;180
105;181
105;182
105;183
105;184
105;185
105;186
105;187
105;188
105;189
105;190
105;191
105;192
105;193
105;194
105;195
105;196
105;197
105;198
105;199
105;200
105;201
105;202
105;203
105;204
105;205
105;206
105;207
105;208
105;209
105;210
105;211
105;212
105;213
105;214
105;215
105;216
105;217
105;218
105;219
105;220
105;221
105;222
105;223
105;224
105;225
105;226
105;227
105;228
105;229
105;230
105;231
105;232
105;233
105;234
105;235
105;236
105;237
105;238
105;239
105;240
105;241
105;242
105;243
105;244
105;245
105;246
105;247
105;248
105;249
105;250
105;251
105;252
105;253
105;254
105;255
105;256
105;257
105;258
105;259
105;260
105;261
105;262
105;263
105;264
105;265
105;266
105;267
105;268
105;269
105;270
105;271
105;272
105;273
105;274
105;275
105;276
105;277
105;278
105;279
105;280
105;443
105;445
105;446
105;447
105;448
105;449
105;450
105;451
105;452
105;453
105;454
105;455
105;456
105;457
105;458
105;459
105;460
105;461
105;462
105;463
105;464
105;465
105;466
105;467
105;468
105;469
105;470
105;471
105;472
105;473
105;474
105;475
105;476
105;477
105;478
105;479
105;480
105;481
105;482
105;483
105;484
105;485
105;486
105;487
105;488
105;489
105;490
105;491
105;492
105;493
105;494
105;495
105;496
105;497
105;498
105;499
105;500
105;501
105;502
105;503
105;504
105;505
105;506
105;507
105;508
105;509
105;510
105;511
105;512
105;513
105;514
105;515
105;516
105;517
105;518
105;519
105;520
105;521
105;522
105;523
105;524
105;525
105;526
105;527
105;528
105;529
105;530
105;531
105;532
105;533
105;534
105;535
105;536
105;537
105;538
105;539
105;540
105;541
105;542
105;543
105;544
105;545
105;546
105;547
105;548
105;549
105;550
105;551
105;552
105;553
105;554
105;555
105;556
105;557
105;558
105;559
105;560
105;561
105;562
105;563
105;564
105;565
105;566
105;567
105;568
105;569
105;570
105;571
105;572
105;573
105;574
105;575
105;576
105;577
105;578
105;579
105;580
105;581
105;582
105;583
105;584
105;585
105;586
105;587
105;588
105;589
105;590
105;591
105;592
105;593
105;594
105;595
105;596
105;597
105;598
105;599
105;600
105;601
105;602
105;603
105;604
105;605
105;606
105;607
105;608
105;609
105;610
105;611
105;612
105;613
105;614
105;615
105;616
105;617
105;618
105;619
105;620
105;621
105;622
105;623
105;624
105;625
105;626
105;627
105;628
105;629
105;630
105;631
105;632
105;633
105;634
105;635
105;636
105;637
105;638
105;639
105;640
105;641
105;642
105;643
105;644
105;645
105;646
105;647
105;648
105;649
105;650
105;651
105;652
105;653
105;654
105;655
105;656
105;657
105;658
105;659
105;660
105;661
105;662
105;663
105;664
105;665
105;666
105;667
105;668
105;669
105;670
105;671
105;672
105;673
105;674
105;675
105;676
105;677
105;678
105;679
105;680
105;681
105;682
105;683
105;684
105;685
105;686
105;687
105;688
105;689
105;690
105;691
105;692
105;693
105;694
105;695
105;696
105;697
105;698
105;699
105;700
105;701
105;774
105;775
105;776
105;777
105;778
105;779
105;780
105;781
105;782
106;156
106;157
106;158
106;159
106;160
106;161
106;162
106;163
106;164
106;165
106;166
106;167
106;168
106;169
106;170
106;171
106;172
106;173
106;174
106;175
106;176
106;177
106;178
106;179
106;180
106;181
106;182
106;183
106;184
106;185
106;186
106;187
106;188
106;189
106;190
106;191
106;192
106;193
106;194
106;195
106;196
106;197
106;198
106;199
106;200
106;201
106;202
106;203
106;204
106;205
106;206
106;207
106;208
106;209
106;210
106;211
106;212
106;213
106;214
106;215
106;216
106;217
106;218
106;219
106;220
106;221
106;222
106;223
106;224
106;225
106;226
106;227
106;228
106;229
106;230
106;231
106;232
106;233
106;234
106;235
106;236
106;237
106;238
106;239
106;240
106;241
106;242
106;243
106;244
106;245
106;246
106;247
106;248
106;249
106;250
106;251
106;252
106;253
106;254
106;255
106;256
106;257
106;258
106;259
106;260
106;261
106;262
106;263
106;264
106;265
106;266
106;267
106;268
106;269
106;270
106;271
106;272
106;273
106;274
106;275
106;276
106;277
106;278
106;437
106;439
106;440
106;441
106;442
106;443
106;444
106;445
106;446
106;447
106;448
106;449
106;450
106;451
106;452
106;453
106;454
106;455
106;456
106;457
106;458
106;459
106;460
106;461
106;462
106;463
106;464
106;465
106;466
106;467
106;468
106;469
106;470
106;471
106;472
106;473
106;474
106;475
106;476
106;477
106;478
106;479
106;480
106;481
106;482
106;483
106;484
106;485
106;486
106;487
106;488
106;489
106;490
106;491
106;492
106;493
106;494
106;495
106;496
106;497
106;498
106;499
106;500
106;501
106;502
106;503
106;504
106;505
106;506
106;507
106;508
106;509
106;510
106;511
106;512
106;513
106;514
106;515
106;516
106;517
106;518
106;519
106;520
106;521
106;522
106;523
106;524
106;525
106;526
106;527
106;528
106;529
106;530
106;531
106;532
106;533
106;534
106;535
106;536
106;537
106;538
106;539
106;540
106;541
106;542
106;543
106;544
106;545
106;546
106;547
106;548
106;549
106;550
106;551
106;552
106;553
106;554
106;555
106;556
106;557
106;558
106;559
106;560
106;561
106;562
106;563
106;564
106;565
106;566
106;567
106;568
106;569
106;570
106;571
106;572
106;573
106;574
106;575
106;576
106;577
106;578
106;579
106;580
106;581
106;582
106;583
106;584
106;585
106;586
106;587
106;588
106;589
106;590
106;591
106;592
106;593
106;594
106;595
106;596
106;597
106;598
106;599
106;600
106;601
106;602
106;603
106;604
106;605
106;606
106;607
106;608
106;609
106;610
106;611
106;612
106;613
106;614
106;615
106;616
106;617
106;618
106;619
106;620
106;621
106;622
106;623
106;624
106;625
106;626
106;627
106;628
106;629
106;630
106;631
106;632
106;633
106;634
106;635
106;636
106;637
106;638
106;639
106;640
106;641
106;642
106;643
106;644
106;645
106;646
106;647
106;648
106;649
106;650
106;651
106;652
106;653
106;654
106;655
106;656
106;657
106;658
106;659
106;660
106;661
106;662
106;663
106;664
106;665
106;666
106;667
106;668
106;669
106;670
106;671
106;672
106;673
106;674
106;675
106;676
106;677
106;678
106;679
106;680
106;681
106;682
106;683
106;684
106;685
106;686
106;687
106;688
106;689
106;690
106;691
106;692
106;693
106;694
106;695
106;696
106;697
106;698
106;699
106;700
106;701
106;702
106;775
106;776
106;777
106;778
106;779
106;780
106;781
107;158
107;159
107;160
107;161
107;162
107;163
107;164
107;165
107;166
107;167
107;168
107;169
107;170
107;171
107;172
107;173
107;174
107;175
107;176
107;177
107;178
107;179
107;180
107;181
107;182
107;183
107;184
107;185
107;186
107;187
107;188
107;189
107;190
107;191
107;192
107;193
107;194
107;195
107;196
107;197
107;198
107;199
107;200
107;201
107;202
107;203
107;204
107;205
107;206
107;207
107;208
107;209
107;210
107;211
107;212
107;213
107;214
107;215
107;216
107;217
107;218
107;219
107;220
107;221
107;222
107;223
107;224
107;225
107;226
107;227
107;228
107;229
107;230
107;231
107;232
107;233
107;234
107;235
107;236
107;237
107;238
107;239
107;240
107;241
107;242
107;243
107;244
107;245
107;246
107;247
107;248
107;249
107;250
107;251
107;252
107;253
107;254
107;255
107;256
107;257
107;258
107;259
107;260
107;261
107;262
107;263
107;264
107;265
107;266
107;267
107;268
107;269
107;270
107;271
107;272
107;273
107;274
107;275
107;276
107;277
107;278
107;437
107;438
107;439
107;440
107;441
107;442
107;443
107;444
107;445
107;446
107;447
107;448
107;449
107;450
107;451
107;452
107;453
107;454
107;455
107;456
107;457
107;458
107;459
107;460
107;461
107;462
107;463
107;464
107;465
107;466
107;467
107;468
107;469
107;470
107;471
107;472
107;473
107;474
107;475
107;476
107;477
107;478
107;479
107;480
107;481
107;482
107;483
107;484
107;485
107;486
107;487
107;488
107;489
107;490
107;491
107;492
107;493
107;494
107;495
107;496
107;497
107;498
107;499
107;500
107;501
107;502
107;503
107;504
107;505
107;506
107;507
107;508
107;509
107;510
107;511
107;512
107;513
107;514
107;515
107;516
107;517
107;518
107;519
107;520
107;521
107;522
107;523
107;524
107;525
107;526
107;527
107;528
107;529
107;530
107;531
107;532
107;533
107;534
107;535
107;536
107;537
107;538
107;539
107;540
107;541
107;542
107;543
107;544
107;545
107;546
107;547
107;548
107;549
107;550
107;551
107;552
107;553
107;554
107;555
107;556
107;557
107;558
107;559
107;560
107;561
107;562
107;563
107;564
107;565
107;566
107;567
107;568
107;569
107;570
107;571
107;572
107;573
107;574
107;575
107;576
107;577
107;578
107;579
107;580
107;581
107;582
107;583
107;584
107;585
107;586
107;587
107;588
107;589
107;590
107;591
107;592
107;593
107;594
107;595
107;596
107;597
107;598
107;599
107;600
107;601
107;602
107;603
107;604
107;605
107;606
107;607
107;608
107;609
107;610
107;611
107;612
107;613
107;614
107;615
107;616
107;617
107;618
107;619
107;620
107;621
107;622
107;623
107;624
107;625
107;626
107;627
107;628
107;629
107;630
107;631
107;632
107;633
107;634
107;635
107;636
107;637
107;638
107;639
107;640
107;641
107;642
107;643
107;644
107;645
107;646
107;647
107;648
107;649
107;650
107;651
107;652
107;653
107;654
107;655
107;656
107;657
107;658
107;659
107;660
107;661
107;662
107;663
107;664
107;665
107;666
107;667
107;668
107;669
107;670
107;671
107;672
107;673
107;674
107;675
107;676
107;677
107;678
107;679
107;680
107;681
107;682
107;683
107;684
107;685
107;686
107;687
107;688
107;689
107;690
107;691
107;692
107;693
107;694
107;695
107;696
107;697
107;698
107;699
107;700
107;701
107;702
107;703
107;776
107;777
107;778
107;779
107;780
108;160
108;161
108;162
108;163
108;164
108;165
108;166
108;167
108;168
108;169
108;170
108;171
108;172
108;173
108;174
108;175
108;176
108;177
108;178
108;179
108;180
108;181
108;182
108;183
108;184
108;185
108;186
108;187
108;188
108;189
108;190
108;191
108;192
108;193
108;194
108;195
108;196
108;197
108;198
108;199
108;200
108;201
108;202
108;203
108;204
108;205
108;206
108;207
108;208
108;209
108;210
108;211
108;212
108;213
108;214
108;215
108;216
108;217
108;218
108;219
108;220
108;221
108;222
108;223
108;224
108;225
108;226
108;227
108;228
108;229
108;230
108;231
108;232
108;233
108;234
108;235
108;236
108;237
108;238
108;239
108;240
108;241
108;242
108;243
108;244
108;245
108;246
108;247
108;248
108;249
108;250
108;251
108;252
108;253
108;254
108;255
108;256
108;257
108;258
108;259
108;260
108;261
108;262
108;263
108;264
108;265
108;266
108;267
108;268
108;269
108;270
108;271
108;272
108;273
108;274
108;275
108;276
108;437
108;438
108;439
108;440
108;441
108;442
108;443
108;444
108;445
108;446
108;447
108;448
108;449
108;450
108;451
108;452
108;453
108;454
108;455
108;456
108;457
108;458
108;459
108;460
108;461
108;462
108;463
108;464
108;465
108;466
108;467
108;468
108;469
108;470
108;471
108;472
108;473
108;474
108;475
108;476
108;477
108;478
108;479
108;480
108;481
108;482
108;483
108;484
108;485
108;486
108;487
108;488
108;489
108;490
108;491
108;492
108;493
108;494
108;495
108;496
108;497
108;498
108;499
108;500
108;501
108;502
108;503
108;504
108;505
108;506
108;507
108;508
108;509
108;510
108;511
108;512
108;513
108;514
108;515
108;516
108;517
108;518
108;519
108;520
108;521
108;522
108;523
108;524
108;525
108;526
108;527
108;528
108;529
108;530
108;531
108;532
108;533
108;534
108;535
108;536
108;537
108;538
108;539
108;540
108;541
108;542
108;543
108;544
108;545
108;546
108;547
108;548
108;549
108;550
108;551
108;552
108;553
108;554
108;555
108;556
108;557
108;558
108;559
108;560
108;561
108;562
108;563
108;564
108;565
108;566
108;567
108;568
108;569
108;570
108;571
108;572
108;573
108;574
108;575
108;576
108;577
108;578
108;579
108;580
108;581
108;582
108;583
108;584
108;585
108;586
108;587
108;588
108;589
108;590
108;591
108;592
108;593
108;594
108;595
108;596
108;597
108;598
108;599
108;600
108;601
108;602
108;603
108;604
108;605
108;606
108;607
108;608
108;609
108;610
108;611
108;612
108;613
108;614
108;615
108;616
108;617
108;618
108;619
108;620
108;621
108;622
108;623
108;624
108;625
108;626
108;627
108;628
108;629
108;630
108;631
108;632
108;633
108;634
108;635
108;636
108;637
108;638
108;639
108;640
108;641
108;642
108;643
108;644
108;645
108;646
108;647
108;648
108;649
108;650
108;651
108;652
108;653
108;654
108;655
108;656
108;657
108;658
108;659
108;660
108;661
108;662
108;663
108;664
108;665
108;666
108;667
108;668
108;669
108;670
108;671
108;672
108;673
108;674
108;675
108;676
108;677
108;678
108;679
108;680
108;681
108;682
108;683
108;684
108;685
108;686
108;687
108;688
108;689
108;690
108;691
108;692
108;693
108;694
108;695
108;696
108;697
108;698
108;699
108;700
108;701
108;702
108;703
108;776
108;777
108;778
108;779
108;780
109;162
109;163
109;164
109;165
109;166
109;167
109;168
109;169
109;170
109;171
109;172
109;173
109;174
109;175
109;176
109;177
109;178
109;179
109;180
109;181
109;182
109;183
109;184
109;185
109;186
109;187
109;188
109;189
109;190
109;191
109;192
109;193
109;194
109;195
109;196
109;197
109;198
109;199
109;200
109;201
109;202
109;203
109;204
109;205
109;206
109;207
109;208
109;209
109;210
109;211
109;212
109;213
109;214
109;215
109;216
109;217
109;218
109;219
109;220
109;221
109;222
109;223
109;224
109;225
109;226
109;227
109;228
109;229
109;230
109;231
109;232
109;233
109;234
109;235
109;236
109;237
109;238
109;239
109;240
109;241
109;242
109;243
109;244
109;245
109;246
109;247
109;248
109;249
109;250
109;251
109;252
109;253
109;254
109;255
109;256
109;257
109;258
109;259
109;260
109;261
109;262
109;263
109;264
109;265
109;266
109;267
109;268
109;269
109;270
109;271
109;272
109;273
109;274
109;438
109;439
109;440
109;441
109;442
109;443
109;444
109;445
109;446
109;447
109;448
109;449
109;450
109;451
109;452
109;453
109;454
109;455
109;456
109;457
109;458
109;459
109;460
109;461
109;462
109;463
109;464
109;465
109;466
109;467
109;468
109;469
109;470
109;471
109;472
109;473
109;474
109;475
109;476
109;477
109;478
109;479
109;480
109;481
109;482
109;483
109;484
109;485
109;486
109;487
109;488
109;489
109;490
109;491
109;492
109;493
109;494
109;495
109;496
109;497
109;498
109;499
109;500
109;501
109;502
109;503
109;504
109;505
109;506
109;507
109;508
109;509
109;510
109;511
109;512
109;513
109;514
109;515
109;516
109;517
109;518
109;519
109;520
109;521
109;522
109;523
109;524
109;525
109;526
109;527
109;528
109;529
109;530
109;531
109;532
109;533
109;534
109;535
109;536
109;537
109;538
109;539
109;540
109;541
109;542
109;543
109;544
109;545
109;546
109;547
109;548
109;549
109;550
109;551
109;552
109;553
109;554
109;555
109;556
109;557
109;558
109;559
109;560
109;561
109;562
109;563
109;564
109;565
109;566
109;567
109;568
109;569
109;570
109;571
109;572
109;573
109;574
109;575
109;576
109;577
109;578
109;579
109;580
109;581
109;582
109;583
109;584
109;585
109;586
109;587
109;588
109;589
109;590
109;591
109;592
109;593
109;594
109;595
109;596
109;597
109;598
109;599
109;600
109;601
109;602
109;603
109;604
109;605
109;606
109;607
109;608
109;609
109;610
109;611
109;612
109;613
109;614
109;615
109;616
109;617
109;618
109;619
109;620
109;621
109;622
109;623
109;624
109;625
109;626
109;627
109;628
109;629
109;630
109;631
109;632
109;633
109;634
109;635
109;636
109;637
109;638
109;639
109;640
109;641
109;642
109;643
109;644
109;645
109;646
109;647
109;648
109;649
109;650
109;651
109;652
109;653
109;654
109;655
109;656
109;657
109;658
109;659
109;660
109;661
109;662
109;663
109;664
109;665
109;666
109;667
109;668
109;669
109;670
109;671
109;672
109;673
109;674
109;675
109;676
109;677
109;678
109;679
109;680
109;681
109;682
109;683
109;684
109;685
109;686
109;687
109;688
109;689
109;690
109;691
109;692
109;693
109;694
109;695
109;696
109;697
109;698
109;699
109;700
109;701
109;702
109;703
109;704
109;705
109;777
109;778
109;779
110;164
110;165
110;166
110;167
110;168
110;169
110;170
110;171
110;172
110;173
110;174
110;175
110;176
110;177
110;178
110;179
110;180
110;181
110;182
110;183
110;184
110;185
110;186
110;187
110;188
110;189
110;190
110;191
110;192
110;193
110;194
110;195
110;196
110;197
110;198
110;199
110;200
110;201
110;202
110;203
110;204
110;205
110;206
110;207
110;208
110;209
110;210
110;211
110;212
110;213
110;214
110;215
110;216
110;217
110;218
110;219
110;220
110;221
110;222
110;223
110;224
110;225
110;226
110;227
110;228
110;229
110;230
110;231
110;232
110;233
110;234
110;235
110;236
110;237
110;238
110;239
110;240
110;241
110;242
110;243
110;244
110;245
110;246
110;247
110;248
110;249
110;250
110;251
110;252
110;253
110;254
110;255
110;256
110;257
110;258
110;259
110;260
110;261
110;262
110;263
110;264
110;265
110;266
110;267
110;268
110;269
110;270
110;271
110;272
110;438
110;439
110;440
110;441
110;442
110;443
110;444
110;445
110;446
110;447
110;448
110;449
110;450
110;451
110;452
110;453
110;454
110;455
110;456
110;457
110;458
110;459
110;460
110;461
110;462
110;463
110;464
110;465
110;466
110;467
110;468
110;469
110;470
110;471
110;472
110;473
110;474
110;475
110;476
110;477
110;478
110;479
110;480
110;481
110;482
110;483
110;484
110;485
110;486
110;487
110;488
110;489
110;490
110;491
110;492
110;493
110;494
110;495
110;496
110;497
110;498
110;499
110;500
110;501
110;502
110;503
110;504
110;505
110;506
110;507
110;508
110;509
110;510
110;511
110;512
110;513
110;514
110;515
110;516
110;517
110;518
110;519
110;520
110;521
110;522
110;523
110;524
110;525
110;526
110;527
110;528
110;529
110;530
110;531
110;532
110;533
110;534
110;535
110;536
110;537
110;538
110;539
110;540
110;541
110;542
110;543
110;544
110;545
110;546
110;547
110;548
110;549
110;550
110;551
110;552
110;553
110;554
110;555
110;556
110;557
110;558
110;559
110;560
110;561
110;562
110;563
110;564
110;565
110;566
110;567
110;568
110;569
110;570
110;571
110;572
110;573
110;574
110;575
110;576
110;577
110;578
110;579
110;580
110;581
110;582
110;583
110;584
110;585
110;586
110;587
110;588
110;589
110;590
110;591
110;592
110;593
110;594
110;595
110;596
110;597
110;598
110;599
110;600
110;601
110;602
110;603
110;604
110;605
110;606
110;607
110;608
110;609
110;610
110;611
110;612
110;613
110;614
110;615
110;616
110;617
110;618
110;619
110;620
110;621
110;622
110;623
110;624
110;625
110;626
110;627
110;628
110;629
110;630
110;631
110;632
110;633
110;634
110;635
110;636
110;637
110;638
110;639
110;640
110;641
110;642
110;643
110;644
110;645
110;646
110;647
110;648
110;649
110;650
110;651
110;652
110;653
110;654
110;655
110;656
110;657
110;658
110;659
110;660
110;661
110;662
110;663
110;664
110;665
110;666
110;667
110;668
110;669
110;670
110;671
110;672
110;673
110;674
110;675
110;676
110;677
110;678
110;679
110;680
110;681
110;682
110;683
110;684
110;685
110;686
110;687
110;688
110;689
110;690
110;691
110;692
110;693
110;694
110;695
110;696
110;697
110;698
110;699
110;700
110;701
110;702
110;703
110;704
110;705
110;778
111;166
111;167
111;168
111;169
111;170
111;171
111;172
111;173
111;174
111;175
111;176
111;177
111;178
111;179
111;180
111;181
111;182
111;183
111;184
111;185
111;186
111;187
111;188
111;189
111;190
111;191
111;192
111;193
111;194
111;195
111;196
111;197
111;198
111;199
111;200
111;201
111;202
111;203
111;204
111;205
111;206
111;207
111;208
111;209
111;210
111;211
111;212
111;213
111;214
111;215
111;216
111;217
111;218
111;219
111;220
111;221
111;222
111;223
111;224
111;225
111;226
111;227
111;228
111;229
111;230
111;231
111;232
111;233
111;234
111;235
111;236
111;237
111;238
111;239
111;240
111;241
111;242
111;243
111;244
111;245
111;246
111;247
111;248
111;249
111;250
111;251
111;252
111;253
111;254
111;255
111;256
111;257
111;258
111;259
111;260
111;261
111;262
111;263
111;264
111;265
111;266
111;267
111;268
111;269
111;270
111;438
111;439
111;440
111;441
111;442
111;443
111;444
111;445
111;446
111;447
111;448
111;449
111;450
111;451
111;452
111;453
111;454
111;455
111;456
111;457
111;458
111;459
111;460
111;461
111;462
111;463
111;464
111;465
111;466
111;467
111;468
111;469
111;470
111;471
111;472
111;473
111;474
111;475
111;476
111;477
111;478
111;479
111;480
111;481
111;482
111;483
111;484
111;485
111;486
111;487
111;488
111;489
111;490
111;491
111;492
111;493
111;494
111;495
111;496
111;497
111;498
111;499
111;500
111;501
111;502
111;503
111;504
111;505
111;506
111;507
111;508
111;509
111;510
111;511
111;512
111;513
111;514
111;515
111;516
111;517
111;518
111;519
111;520
111;521
111;522
111;523
111;524
111;525
111;526
111;527
111;528
111;529
111;530
111;531
111;532
111;533
111;534
111;535
111;536
111;537
111;538
111;539
111;540
111;541
111;542
111;543
111;544
111;545
111;546
111;547
111;548
111;549
111;550
111;551
111;552
111;553
111;554
111;555
111;556
111;557
111;558
111;559
111;560
111;561
111;562
111;563
111;564
111;565
111;566
111;567
111;568
111;569
111;570
111;571
111;572
111;573
111;574
111;575
111;576
111;577
111;578
111;579
111;580
111;581
111;582
111;583
111;584
111;585
111;586
111;587
111;588
111;589
111;590
111;591
111;592
111;593
111;594
111;595
111;596
111;597
111;598
111;599
111;600
111;601
111;602
111;603
111;604
111;605
111;606
111;607
111;608
111;609
111;610
111;611
111;612
111;613
111;614
111;615
111;616
111;617
111;618
111;619
111;620
111;621
111;622
111;623
111;624
111;625
111;626
111;627
111;628
111;629
111;630
111;631
111;632
111;633
111;634
111;635
111;636
111;637
111;638
111;639
111;640
111;641
111;642
111;643
111;644
111;645
111;646
111;647
111;648
111;649
111;650
111;651
111;652
111;653
111;654
111;655
111;656
111;657
111;658
111;659
111;660
111;661
111;662
111;663
111;664
111;665
111;666
111;667
111;668
111;669
111;670
111;671
111;672
111;673
111;674
111;675
111;676
111;677
111;678
111;679
111;680
111;681
111;682
111;683
111;684
111;685
111;686
111;687
111;688
111;689
111;690
111;691
111;692
111;693
111;694
111;695
111;696
111;697
111;698
111;699
111;700
111;701
111;702
111;703
111;704
111;705
111;706
111;778
112;168
112;169
112;170
112;171
112;172
112;173
112;174
112;175
112;176
112;177
112;178
112;179
112;180
112;181
112;182
112;183
112;184
112;185
112;186
112;187
112;188
112;189
112;190
112;191
112;192
112;193
112;194
112;195
112;196
112;197
112;198
112;199
112;200
112;201
112;202
112;203
112;204
112;205
112;206
112;207
112;208
112;209
112;210
112;211
112;212
112;213
112;214
112;215
112;216
112;217
112;218
112;219
112;220
112;221
112;222
112;223
112;224
112;225
112;226
112;227
112;228
112;229
112;230
112;231
112;232
112;233
112;234
112;235
112;236
112;237
112;238
112;239
112;240
112;241
112;242
112;243
112;244
112;245
112;246
112;247
112;248
112;249
112;250
112;251
112;252
112;253
112;254
112;255
112;256
112;257
112;258
112;259
112;260
112;261
112;262
112;263
112;264
112;265
112;266
112;267
112;268
112;438
112;439
112;440
112;441
112;442
112;443
112;444
112;445
112;446
112;447
112;448
112;449
112;450
112;451
112;452
112;453
112;454
112;455
112;456
112;457
112;458
112;459
112;460
112;461
112;462
112;463
112;464
112;465
112;466
112;467
112;468
112;469
112;470
112;471
112;472
112;473
112;474
112;475
112;476
112;477
112;478
112;479
112;480
112;481
112;482
112;483
112;484
112;485
112;486
112;487
112;488
112;489
112;490
112;491
112;492
112;493
112;494
112;495
112;496
112;497
112;498
112;499
112;500
112;501
112;502
112;503
112;504
112;505
112;506
112;507
112;508
112;509
112;510
112;511
112;512
112;513
112;514
112;515
112;516
112;517
112;518
112;519
112;520
112;521
112;522
112;523
112;524
112;525
112;526
112;527
112;528
112;529
112;530
112;531
112;532
112;533
112;534
112;535
112;536
112;537
112;538
112;539
112;540
112;541
112;542
112;543
112;544
112;545
112;546
112;547
112;548
112;549
112;550
112;551
112;552
112;553
112;554
112;555
112;556
112;557
112;558
112;559
112;560
112;561
112;562
112;563
112;564
112;565
112;566
112;567
112;568
112;569
112;570
112;571
112;572
112;573
112;574
112;575
112;576
112;577
112;578
112;579
112;580
112;581
112;582
112;583
112;584
112;585
112;586
112;587
112;588
112;589
112;590
112;591
112;592
112;593
112;594
112;595
112;596
112;597
112;598
112;599
112;600
112;601
112;602
112;603
112;604
112;605
112;606
112;607
112;608
112;609
112;610
112;611
112;612
112;613
112;614
112;615
112;616
112;617
112;618
112;619
112;620
112;621
112;622
112;623
112;624
112;625
112;626
112;627
112;628
112;629
112;630
112;631
112;632
112;633
112;634
112;635
112;636
112;637
112;638
112;639
112;640
112;641
112;642
112;643
112;644
112;645
112;646
112;647
112;648
112;649
112;650
112;651
112;652
112;653
112;654
112;655
112;656
112;657
112;658
112;659
112;660
112;661
112;662
112;663
112;664
112;665
112;666
112;667
112;668
112;669
112;670
112;671
112;672
112;673
112;674
112;675
112;676
112;677
112;678
112;679
112;680
112;681
112;682
112;683
112;684
112;685
112;686
112;687
112;688
112;689
112;690
112;691
112;692
112;693
112;694
112;695
112;696
112;697
112;698
112;699
112;700
112;701
112;702
112;703
112;704
112;705
112;706
112;707
113;170
113;171
113;172
113;173
113;174
113;175
113;176
113;177
113;178
113;179
113;180
113;181
113;182
113;183
113;184
113;185
113;186
113;187
113;188
113;189
113;190
113;191
113;192
113;193
113;194
113;195
113;196
113;197
113;198
113;199
113;200
113;201
113;202
113;203
113;204
113;205
113;206
113;207
113;208
113;209
113;210
113;211
113;212
113;213
113;214
113;215
113;216
113;217
113;218
113;219
113;220
113;221
113;222
113;223
113;224
113;225
113;226
113;227
113;228
113;229
113;230
113;231
113;232
113;233
113;234
113;235
113;236
113;237
113;238
113;239
113;240
113;241
113;242
113;243
113;244
113;245
113;246
113;247
113;248
113;249
113;250
113;251
113;252
113;253
113;254
113;255
113;256
113;257
113;258
113;259
113;260
113;261
113;262
113;263
113;264
113;265
113;266
113;439
113;440
113;441
113;442
113;443
113;444
113;445
113;446
113;447
113;448
113;449
113;450
113;451
113;452
113;453
113;454
113;455
113;456
113;457
113;458
113;459
113;460
113;461
113;462
113;463
113;464
113;465
113;466
113;467
113;468
113;469
113;470
113;471
113;472
113;473
113;474
113;475
113;476
113;477
113;478
113;479
113;480
113;481
113;482
113;483
113;484
113;485
113;486
113;487
113;488
113;489
113;490
113;491
113;492
113;493
113;494
113;495
113;496
113;497
113;498
113;499
113;500
113;501
113;502
113;503
113;504
113;505
113;506
113;507
113;508
113;509
113;510
113;511
113;512
113;513
113;514
113;515
113;516
113;517
113;518
113;519
113;520
113;521
113;522
113;523
113;524
113;525
113;526
113;527
113;528
113;529
113;530
113;531
113;532
113;533
113;534
113;535
113;536
113;537
113;538
113;539
113;540
113;541
113;542
113;543
113;544
113;545
113;546
113;547
113;548
113;549
113;550
113;551
113;552
113;553
113;554
113;555
113;556
113;557
113;558
113;559
113;560
113;561
113;562
113;563
113;564
113;565
113;566
113;567
113;568
113;569
113;570
113;571
113;572
113;573
113;574
113;575
113;576
113;577
113;578
113;579
113;580
113;581
113;582
113;583
113;584
113;585
113;586
113;587
113;588
113;589
113;590
113;591
113;592
113;593
113;594
113;595
113;596
113;597
113;598
113;599
113;600
113;601
113;602
113;603
113;604
113;605
113;606
113;607
113;608
113;609
113;610
113;611
113;612
113;613
113;614
113;615
113;616
113;617
113;618
113;619
113;620
113;621
113;622
113;623
113;624
113;625
113;626
113;627
113;628
113;629
113;630
113;631
113;632
113;633
113;634
113;635
113;636
113;637
113;638
113;639
113;640
113;641
113;642
113;643
113;644
113;645
113;646
113;647
113;648
113;649
113;650
113;651
113;652
113;653
113;654
113;655
113;656
113;657
113;658
113;659
113;660
113;661
113;662
113;663
113;664
113;665
113;666
113;667
113;668
113;669
113;670
113;671
113;672
113;673
113;674
113;675
113;676
113;677
113;678
113;679
113;680
113;681
113;682
113;683
113;684
113;685
113;686
113;687
113;688
113;689
113;690
113;691
113;692
113;693
113;694
113;695
113;696
113;697
113;698
113;699
113;700
113;701
113;702
113;703
113;704
113;705
113;706
113;707
114;172
114;173
114;174
114;175
114;176
114;177
114;178
114;179
114;180
114;181
114;182
114;183
114;184
114;185
114;186
114;187
114;188
114;189
114;190
114;191
114;192
114;193
114;194
114;195
114;196
114;197
114;198
114;199
114;200
114;201
114;202
114;203
114;204
114;205
114;206
114;207
114;208
114;209
114;210
114;211
114;212
114;213
114;214
114;215
114;216
114;217
114;218
114;219
114;220
114;221
114;222
114;223
114;224
114;225
114;226
114;227
114;228
114;229
114;230
114;231
114;232
114;233
114;234
114;235
114;236
114;237
114;238
114;239
114;240
114;241
114;242
114;243
114;244
114;245
114;246
114;247
114;248
114;249
114;250
114;251
114;252
114;253
114;254
114;255
114;256
114;257
114;258
114;259
114;260
114;261
114;262
114;263
114;264
114;439
114;440
114;441
114;442
114;443
114;444
114;445
114;446
114;447
114;448
114;449
114;450
114;451
114;452
114;453
114;454
114;455
114;456
114;457
114;458
114;459
114;460
114;461
114;462
114;463
114;464
114;465
114;466
114;467
114;468
114;469
114;470
114;471
114;472
114;473
114;474
114;475
114;476
114;477
114;478
114;479
114;480
114;481
114;482
114;483
114;484
114;485
114;486
114;487
114;488
114;489
114;490
114;491
114;492
114;493
114;494
114;495
114;496
114;497
114;498
114;499
114;500
114;501
114;502
114;503
114;504
114;505
114;506
114;507
114;508
114;509
114;510
114;511
114;512
114;513
114;514
114;515
114;516
114;517
114;518
114;519
114;520
114;521
114;522
114;523
114;524
114;525
114;526
114;527
114;528
114;529
114;530
114;531
114;532
114;533
114;534
114;535
114;536
114;537
114;538
114;539
114;540
114;541
114;542
114;543
114;544
114;545
114;546
114;547
114;548
114;549
114;550
114;551
114;552
114;553
114;554
114;555
114;556
114;557
114;558
114;559
114;560
114;561
114;562
114;563
114;564
114;565
114;566
114;567
114;568
114;569
114;570
114;571
114;572
114;573
114;574
114;575
114;576
114;577
114;578
114;579
114;580
114;581
114;582
114;583
114;584
114;585
114;586
114;587
114;588
114;589
114;590
114;591
114;592
114;593
114;594
114;595
114;596
114;597
114;598
114;599
114;600
114;601
114;602
114;603
114;604
114;605
114;606
114;607
114;608
114;609
114;610
114;611
114;612
114;613
114;614
114;615
114;616
114;617
114;618
114;619
114;620
114;621
114;622
114;623
114;624
114;625
114;626
114;627
114;628
114;629
114;630
114;631
114;632
114;633
114;634
114;635
114;636
114;637
114;638
114;639
114;640
114;641
114;642
114;643
114;644
114;645
114;646
114;647
114;648
114;649
114;650
114;651
114;652
114;653
114;654
114;655
114;656
114;657
114;658
114;659
114;660
114;661
114;662
114;663
114;664
114;665
114;666
114;667
114;668
114;669
114;670
114;671
114;672
114;673
114;674
114;675
114;676
114;677
114;678
114;679
114;680
114;681
114;682
114;683
114;684
114;685
114;686
114;687
114;688
114;689
114;690
114;691
114;692
114;693
114;694
114;695
114;696
114;697
114;698
114;699
114;700
114;701
114;702
114;703
114;704
114;705
114;706
114;707
114;708
115;174
115;175
115;176
115;177
115;178
115;179
115;180
115;181
115;182
115;183
115;184
115;185
115;186
115;187
115;188
115;189
115;190
115;191
115;192
115;193
115;194
115;195
115;196
115;197
115;198
115;199
115;200
115;201
115;202
115;203
115;204
115;205
115;206
115;207
115;208
115;209
115;210
115;211
115;212
115;213
115;214
115;215
115;216
115;217
115;218
115;219
115;220
115;221
115;222
115;223
115;224
115;225
115;226
115;227
115;228
115;229
115;230
115;231
115;232
115;233
115;234
115;235
115;236
115;237
115;238
115;239
115;240
115;241
115;242
115;243
115;244
115;245
115;246
115;247
115;248
115;249
115;250
115;251
115;252
115;253
115;254
115;255
115;256
115;257
115;258
115;259
115;260
115;261
115;262
115;439
115;440
115;441
115;442
115;443
115;444
115;445
115;446
115;447
115;448
115;449
115;450
115;451
115;452
115;453
115;454
115;455
115;456
115;457
115;458
115;459
115;460
115;461
115;462
115;463
115;464
115;465
115;466
115;467
115;468
115;469
115;470
115;471
115;472
115;473
115;474
115;475
115;476
115;477
115;478
115;479
115;480
115;481
115;482
115;483
115;484
115;485
115;486
115;487
115;488
115;489
115;490
115;491
115;492
115;493
115;494
115;495
115;496
115;497
115;498
115;499
115;500
115;501
115;502
115;503
115;504
115;505
115;506
115;507
115;508
115;509
115;510
115;511
115;512
115;513
115;514
115;515
115;516
115;517
115;518
115;519
115;520
115;521
115;522
115;523
115;524
115;525
115;526
115;527
115;528
115;529
115;530
115;531
115;532
115;533
115;534
115;535
115;536
115;537
115;538
115;539
115;540
115;541
115;542
115;543
115;544
115;545
115;546
115;547
115;548
115;549
115;550
115;551
115;552
115;553
115;554
115;555
115;556
115;557
115;558
115;559
115;560
115;561
115;562
115;563
115;564
115;565
115;566
115;567
115;568
115;569
115;570
115;571
115;572
115;573
115;574
115;575
115;576
115;577
115;578
115;579
115;580
115;581
115;582
115;583
115;584
115;585
115;586
115;587
115;588
115;589
115;590
115;591
115;592
115;593
115;594
115;595
115;596
115;597
115;598
115;599
115;600
115;601
115;602
115;603
115;604
115;605
115;606
115;607
115;608
115;609
115;610
115;611
115;612
115;613
115;614
115;615
115;616
115;617
115;618
115;619
115;620
115;621
115;622
115;623
115;624
115;625
115;626
115;627
115;628
115;629
115;630
115;631
115;632
115;633
115;634
115;635
115;636
115;637
115;638
115;639
115;640
115;641
115;642
115;643
115;644
115;645
115;646
115;647
115;648
115;649
115;650
115;651
115;652
115;653
115;654
115;655
115;656
115;657
115;658
115;659
115;660
115;661
115;662
115;663
115;664
115;665
115;666
115;667
115;668
115;669
115;670
115;671
115;672
115;673
115;674
115;675
115;676
115;677
115;678
115;679
115;680
115;681
115;682
115;683
115;684
115;685
115;686
115;687
115;688
115;689
115;690
115;691
115;692
115;693
115;694
115;695
115;696
115;697
115;698
115;699
115;700
115;701
115;702
115;703
115;704
115;705
115;706
115;707
115;708
115;709
116;176
116;177
116;178
116;179
116;180
116;181
116;182
116;183
116;184
116;185
116;186
116;187
116;188
116;189
116;190
116;191
116;192
116;193
116;194
116;195
116;196
116;197
116;198
116;199
116;200
116;201
116;202
116;203
116;204
116;205
116;206
116;207
116;208
116;209
116;210
116;211
116;212
116;213
116;214
116;215
116;216
116;217
116;218
116;219
116;220
116;221
116;222
116;223
116;224
116;225
116;226
116;227
116;228
116;229
116;230
116;231
116;232
116;233
116;234
116;235
116;236
116;237
116;238
116;239
116;240
116;241
116;242
116;243
116;244
116;245
116;246
116;247
116;248
116;249
116;250
116;251
116;252
116;253
116;254
116;255
116;256
116;257
116;258
116;260
116;440
116;441
116;442
116;443
116;444
116;445
116;446
116;447
116;448
116;449
116;450
116;451
116;452
116;453
116;454
116;455
116;456
116;457
116;458
116;459
116;460
116;461
116;462
116;463
116;464
116;465
116;466
116;467
116;468
116;469
116;470
116;471
116;472
116;473
116;474
116;475
116;476
116;477
116;478
116;479
116;480
116;481
116;482
116;483
116;484
116;485
116;486
116;487
116;488
116;489
116;490
116;491
116;492
116;493
116;494
116;495
116;496
116;497
116;498
116;499
116;500
116;501
116;502
116;503
116;504
116;505
116;506
116;507
116;508
116;509
116;510
116;511
116;512
116;513
116;514
116;515
116;516
116;517
116;518
116;519
116;520
116;521
116;522
116;523
116;524
116;525
116;526
116;527
116;528
116;529
116;530
116;531
116;532
116;533
116;534
116;535
116;536
116;537
116;538
116;539
116;540
116;541
116;542
116;543
116;544
116;545
116;546
116;547
116;548
116;549
116;550
116;551
116;552
116;553
116;554
116;555
116;556
116;557
116;558
116;559
116;560
116;561
116;562
116;563
116;564
116;565
116;566
116;567
116;568
116;569
116;570
116;571
116;572
116;573
116;574
116;575
116;576
116;577
116;578
116;579
116;580
116;581
116;582
116;583
116;584
116;585
116;586
116;587
116;588
116;589
116;590
116;591
116;592
116;593
116;594
116;595
116;596
116;597
116;598
116;599
116;600
116;601
116;602
116;603
116;604
116;605
116;606
116;607
116;608
116;609
116;610
116;611
116;612
116;613
116;614
116;615
116;616
116;617
116;618
116;619
116;620
116;621
116;622
116;623
116;624
116;625
116;626
116;627
116;628
116;629
116;630
116;631
116;632
116;633
116;634
116;635
116;636
116;637
116;638
116;639
116;640
116;641
116;642
116;643
116;644
116;645
116;646
116;647
116;648
116;649
116;650
116;651
116;652
116;653
116;654
116;655
116;656
116;657
116;658
116;659
116;660
116;661
116;662
116;663
116;664
116;665
116;666
116;667
116;668
116;669
116;670
116;671
116;672
116;673
116;674
116;675
116;676
116;677
116;678
116;679
116;680
116;681
116;682
116;683
116;684
116;685
116;686
116;687
116;688
116;689
116;690
116;691
116;692
116;693
116;694
116;695
116;696
116;697
116;698
116;699
116;700
116;701
116;702
116;703
116;704
116;705
116;706
116;707
116;708
116;709
117;178
117;180
117;181
117;182
117;183
117;184
117;185
117;186
117;187
117;188
117;189
117;190
117;191
117;192
117;193
117;194
117;195
117;196
117;197
117;198
117;199
117;200
117;201
117;202
117;203
117;204
117;205
117;206
117;207
117;208
117;209
117;210
117;211
117;212
117;213
117;214
117;215
117;216
117;217
117;218
117;219
117;220
117;221
117;222
117;223
117;224
117;225
117;226
117;227
117;228
117;229
117;230
117;231
117;232
117;233
117;234
117;235
117;236
117;237
117;238
117;239
117;240
117;241
117;242
117;243
117;244
117;245
117;246
117;247
117;248
117;249
117;250
117;251
117;252
117;253
117;254
117;255
117;256
117;440
117;441
117;442
117;443
117;444
117;445
117;446
117;447
117;448
117;449
117;450
117;451
117;452
117;453
117;454
117;455
117;456
117;457
117;458
117;459
117;460
117;461
117;462
117;463
117;464
117;465
117;466
117;467
117;468
117;469
117;470
117;471
117;472
117;473
117;474
117;475
117;476
117;477
117;478
117;479
117;480
117;481
117;482
117;483
117;484
117;485
117;486
117;487
117;488
117;489
117;490
117;491
117;492
117;493
117;494
117;495
117;496
117;497
117;498
117;499
117;500
117;501
117;502
117;503
117;504
117;505
117;506
117;507
117;508
117;509
117;510
117;511
117;512
117;513
117;514
117;515
117;516
117;517
117;518
117;519
117;520
117;521
117;522
117;523
117;524
117;525
117;526
117;527
117;528
117;529
117;530
117;531
117;532
117;533
117;534
117;535
117;536
117;537
117;538
117;539
117;540
117;541
117;542
117;543
117;544
117;545
117;546
117;547
117;548
117;549
117;550
117;551
117;552
117;553
117;554
117;555
117;556
117;557
117;558
117;559
117;560
117;561
117;562
117;563
117;564
117;565
117;566
117;567
117;568
117;569
117;570
117;571
117;572
117;573
117;574
117;575
117;576
117;577
117;578
117;579
117;580
117;581
117;582
117;583
117;584
117;585
117;586
117;587
117;588
117;589
117;590
117;591
117;592
117;593
117;594
117;595
117;596
117;597
117;598
117;599
117;600
117;601
117;602
117;603
117;604
117;605
117;606
117;607
117;608
117;609
117;610
117;611
117;612
117;613
117;614
117;615
117;616
117;617
117;618
117;619
117;620
117;621
117;622
117;623
117;624
117;625
117;626
117;627
117;628
117;629
117;630
117;631
117;632
117;633
117;634
117;635
117;636
117;637
117;638
117;639
117;640
117;641
117;642
117;643
117;644
117;645
117;646
117;647
117;648
117;649
117;650
117;651
117;652
117;653
117;654
117;655
117;656
117;657
117;658
117;659
117;660
117;661
117;662
117;663
117;664
117;665
117;666
117;667
117;668
117;669
117;670
117;671
117;672
117;673
117;674
117;675
117;676
117;677
117;678
117;679
117;680
117;681
117;682
117;683
117;684
117;685
117;686
117;687
117;688
117;689
117;690
117;691
117;692
117;693
117;694
117;695
117;696
117;697
117;698
117;699
117;700
117;701
117;702
117;703
117;704
117;705
117;706
117;707
117;708
117;709
117;710
118;182
118;183
118;184
118;185
118;186
118;187
118;188
118;189
118;190
118;191
118;192
118;193
118;194
118;195
118;196
118;197
118;198
118;199
118;200
118;201
118;202
118;203
118;204
118;205
118;206
118;207
118;208
118;209
118;210
118;211
118;212
118;213
118;214
118;215
118;216
118;217
118;218
118;219
118;220
118;221
118;222
118;223
118;224
118;225
118;226
118;227
118;228
118;229
118;230
118;231
118;232
118;233
118;234
118;235
118;236
118;237
118;238
118;239
118;240
118;241
118;242
118;243
118;244
118;245
118;246
118;247
118;248
118;249
118;250
118;251
118;252
118;254
118;440
118;441
118;442
118;443
118;444
118;445
118;446
118;447
118;448
118;449
118;450
118;451
118;452
118;453
118;454
118;455
118;456
118;457
118;458
118;459
118;460
118;461
118;462
118;463
118;464
118;465
118;466
118;467
118;468
118;469
118;470
118;471
118;472
118;473
118;474
118;475
118;476
118;477
118;478
118;479
118;480
118;481
118;482
118;483
118;484
118;485
118;486
118;487
118;488
118;489
118;490
118;491
118;492
118;493
118;494
118;495
118;496
118;497
118;498
118;499
118;500
118;501
118;502
118;503
118;504
118;505
118;506
118;507
118;508
118;509
118;510
118;511
118;512
118;513
118;514
118;515
118;516
118;517
118;518
118;519
118;520
118;521
118;522
118;523
118;524
118;525
118;526
118;527
118;528
118;529
118;530
118;531
118;532
118;533
118;534
118;535
118;536
118;537
118;538
118;539
118;540
118;541
118;542
118;543
118;544
118;545
118;546
118;547
118;548
118;549
118;550
118;551
118;552
118;553
118;554
118;555
118;556
118;557
118;558
118;559
118;560
118;561
118;562
118;563
118;564
118;565
118;566
118;567
118;568
118;569
118;570
118;571
118;572
118;573
118;574
118;575
118;576
118;577
118;578
118;579
118;580
118;581
118;582
118;583
118;584
118;585
118;586
118;587
118;588
118;589
118;590
118;591
118;592
118;593
118;594
118;595
118;596
118;597
118;598
118;599
118;600
118;601
118;602
118;603
118;604
118;605
118;606
118;607
118;608
118;609
118;610
118;611
118;612
118;613
118;614
118;615
118;616
118;617
118;618
118;619
118;620
118;621
118;622
118;623
118;624
118;625
118;626
118;627
118;628
118;629
118;630
118;631
118;632
118;633
118;634
118;635
118;636
118;637
118;638
118;639
118;640
118;641
118;642
118;643
118;644
118;645
118;646
118;647
118;648
118;649
118;650
118;651
118;652
118;653
118;654
118;655
118;656
118;657
118;658
118;659
118;660
118;661
118;662
118;663
118;664
118;665
118;666
118;667
118;668
118;669
118;670
118;671
118;672
118;673
118;674
118;675
118;676
118;677
118;678
118;679
118;680
118;681
118;682
118;683
118;684
118;685
118;686
118;687
118;688
118;689
118;690
118;691
118;692
118;693
118;694
118;695
118;696
118;697
118;698
118;699
118;700
118;701
118;702
118;703
118;704
118;705
118;706
118;707
118;708
118;709
118;710
119;184
119;186
119;187
119;188
119;189
119;190
119;191
119;192
119;193
119;194
119;195
119;196
119;197
119;198
119;199
119;200
119;201
119;202
119;203
119;204
119;205
119;206
119;207
119;208
119;209
119;210
119;211
119;212
119;213
119;214
119;215
119;216
119;217
119;218
119;219
119;220
119;221
119;222
119;223
119;224
119;225
119;226
119;227
119;228
119;229
119;230
119;231
119;232
119;233
119;234
119;235
119;236
119;237
119;238
119;239
119;240
119;241
119;242
119;243
119;244
119;245
119;246
119;247
119;248
119;249
119;250
119;440
119;441
119;442
119;443
119;444
119;445
119;446
119;447
119;448
119;449
119;450
119;451
119;452
119;453
119;454
119;455
119;456
119;457
119;458
119;459
119;460
119;461
119;462
119;463
119;464
119;465
119;466
119;467
119;468
119;469
119;470
119;471
119;472
119;473
119;474
119;475
119;476
119;477
119;478
119;479
119;480
119;481
119;482
119;483
119;484
119;485
119;486
119;487
119;488
119;489
119;490
119;491
119;492
119;493
119;494
119;495
119;496
119;497
119;498
119;499
119;500
119;501
119;502
119;503
119;504
119;505
119;506
119;507
119;508
119;509
119;510
119;511
119;512
119;513
119;514
119;515
119;516
119;517
119;518
119;519
119;520
119;521
119;522
119;523
119;524
119;525
119;526
119;527
119;528
119;529
119;530
119;531
119;532
119;533
119;534
119;535
119;536
119;537
119;538
119;539
119;540
119;541
119;542
119;543
119;544
119;545
119;546
119;547
119;548
119;549
119;550
119;551
119;552
119;553
119;554
119;555
119;556
119;557
119;558
119;559
119;560
119;561
119;562
119;563
119;564
119;565
119;566
119;567
119;568
119;569
119;570
119;571
119;572
119;573
119;574
119;575
119;576
119;577
119;578
119;579
119;580
119;581
119;582
119;583
119;584
119;585
119;586
119;587
119;588
119;589
119;590
119;591
119;592
119;593
119;594
119;595
119;596
119;597
119;598
119;599
119;600
119;601
119;602
119;603
119;604
119;605
119;606
119;607
119;608
119;609
119;610
119;611
119;612
119;613
119;614
119;615
119;616
119;617
119;618
119;619
119;620
119;621
119;622
119;623
119;624
119;625
119;626
119;627
119;628
119;629
119;630
119;631
119;632
119;633
119;634
119;635
119;636
119;637
119;638
119;639
119;640
119;641
119;642
119;643
119;644
119;645
119;646
119;647
119;648
119;649
119;650
119;651
119;652
119;653
119;654
119;655
119;656
119;657
119;658
119;659
119;660
119;661
119;662
119;663
119;664
119;665
119;666
119;667
119;668
119;669
119;670
119;671
119;672
119;673
119;674
119;675
119;676
119;677
119;678
119;679
119;680
119;681
119;682
119;683
119;684
119;685
119;686
119;687
119;688
119;689
119;690
119;691
119;692
119;693
119;694
119;695
119;696
119;697
119;698
119;699
119;700
119;701
119;702
119;703
119;704
119;705
119;706
119;707
119;708
119;709
119;710
119;711
120;188
120;190
120;191
120;192
120;193
120;194
120;195
120;196
120;197
120;198
120;199
120;200
120;201
120;202
120;203
120;204
120;205
120;206
120;207
120;208
120;209
120;210
120;211
120;212
120;213
120;214
120;215
120;216
120;217
120;218
120;219
120;220
120;221
120;222
120;223
120;224
120;225
120;226
120;227
120;228
120;229
120;230
120;231
120;232
120;233
120;234
120;235
120;236
120;237
120;238
120;239
120;240
120;241
120;242
120;243
120;244
120;245
120;246
120;441
120;442
120;443
120;444
120;445
120;446
120;447
120;448
120;449
120;450
120;451
120;452
120;453
120;454
120;455
120;456
120;457
120;458
120;459
120;460
120;461
120;462
120;463
120;464
120;465
120;466
120;467
120;468
120;469
120;470
120;471
120;472
120;473
120;474
120;475
120;476
120;477
120;478
120;479
120;480
120;481
120;482
120;483
120;484
120;485
120;486
120;487
120;488
120;489
120;490
120;491
120;492
120;493
120;494
120;495
120;496
120;497
120;498
120;499
120;500
120;501
120;502
120;503
120;504
120;505
120;506
120;507
120;508
120;509
120;510
120;511
120;512
120;513
120;514
120;515
120;516
120;517
120;518
120;519
120;520
120;521
120;522
120;523
120;524
120;525
120;526
120;527
120;528
120;529
120;530
120;531
120;532
120;533
120;534
120;535
120;536
120;537
120;538
120;539
120;540
120;541
120;542
120;543
120;544
120;545
120;546
120;547
120;548
120;549
120;550
120;551
120;552
120;553
120;554
120;555
120;556
120;557
120;558
120;559
120;560
120;561
120;562
120;563
120;564
120;565
120;566
120;567
120;568
120;569
120;570
120;571
120;572
120;573
120;574
120;575
120;576
120;577
120;578
120;579
120;580
120;581
120;582
120;583
120;584
120;585
120;586
120;587
120;588
120;589
120;590
120;591
120;592
120;593
120;594
120;595
120;596
120;597
120;598
120;599
120;600
120;601
120;602
120;603
120;604
120;605
120;606
120;607
120;608
120;609
120;610
120;611
120;612
120;613
120;614
120;615
120;616
120;617
120;618
120;619
120;620
120;621
120;622
120;623
120;624
120;625
120;626
120;627
120;628
120;629
120;630
120;631
120;632
120;633
120;634
120;635
120;636
120;637
120;638
120;639
120;640
120;641
120;642
120;643
120;644
120;645
120;646
120;647
120;648
120;649
120;650
120;651
120;652
120;653
120;654
120;655
120;656
120;657
120;658
120;659
120;660
120;661
120;662
120;663
120;664
120;665
120;666
120;667
120;668
120;669
120;670
120;671
120;672
120;673
120;674
120;675
120;676
120;677
120;678
120;679
120;680
120;681
120;682
120;683
120;684
120;685
120;686
120;687
120;688
120;689
120;690
120;691
120;692
120;693
120;694
120;695
120;696
120;697
120;698
120;699
120;700
120;701
120;702
120;703
120;704
120;705
120;706
120;707
120;708
120;709
120;710
120;711
121;192
121;194
121;195
121;196
121;197
121;198
121;199
121;200
121;201
121;202
121;203
121;204
121;205
121;206
121;207
121;208
121;209
121;210
121;211
121;212
121;213
121;214
121;215
121;216
121;217
121;218
121;219
121;220
121;221
121;222
121;223
121;224
121;225
121;226
121;227
121;228
121;229
121;230
121;231
121;232
121;233
121;234
121;235
121;236
121;237
121;238
121;239
121;240
121;241
121;242
121;441
121;442
121;443
121;444
121;445
121;446
121;447
121;448
121;449
121;450
121;451
121;452
121;453
121;454
121;455
121;456
121;457
121;458
121;459
121;460
121;461
121;462
121;463
121;464
121;465
121;466
121;467
121;468
121;469
121;470
121;471
121;472
121;473
121;474
121;475
121;476
121;477
121;478
121;479
121;480
121;481
121;482
121;483
121;484
121;485
121;486
121;487
121;488
121;489
121;490
121;491
121;492
121;493
121;494
121;495
121;496
121;497
121;498
121;499
121;500
121;501
121;502
121;503
121;504
121;505
121;506
121;507
121;508
121;509
121;510
121;511
121;512
121;513
121;514
121;515
121;516
121;517
121;518
121;519
121;520
121;521
121;522
121;523
121;524
121;525
121;526
121;527
121;528
121;529
121;530
121;531
121;532
121;533
121;534
121;535
121;536
121;537
121;538
121;539
121;540
121;541
121;542
121;543
121;544
121;545
121;546
121;547
121;548
121;549
121;550
121;551
121;552
121;553
121;554
121;555
121;556
121;557
121;558
121;559
121;560
121;561
121;562
121;563
121;564
121;565
121;566
121;567
121;568
121;569
121;570
121;571
121;572
121;573
121;574
121;575
121;576
121;577
121;578
121;579
121;580
121;581
121;582
121;583
121;584
121;585
121;586
121;587
121;588
121;589
121;590
121;591
121;592
121;593
121;594
121;595
121;596
121;597
121;598
121;599
121;600
121;601
121;602
121;603
121;604
121;605
121;606
121;607
121;608
121;609
121;610
121;611
121;612
121;613
121;614
121;615
121;616
121;617
121;618
121;619
121;620
121;621
121;622
121;623
121;624
121;625
121;626
121;627
121;628
121;629
121;630
121;631
121;632
121;633
121;634
121;635
121;636
121;637
121;638
121;639
121;640
121;641
121;642
121;643
121;644
121;645
121;646
121;647
121;648
121;649
121;650
121;651
121;652
121;653
121;654
121;655
121;656
121;657
121;658
121;659
121;660
121;661
121;662
121;663
121;664
121;665
121;666
121;667
121;668
121;669
121;670
121;671
121;672
121;673
121;674
121;675
121;676
121;677
121;678
121;679
121;680
121;681
121;682
121;683
121;684
121;685
121;686
121;687
121;688
121;689
121;690
121;691
121;692
121;693
121;694
121;695
121;696
121;697
121;698
121;699
121;700
121;701
121;702
121;703
121;704
121;705
121;706
121;707
121;708
121;709
121;710
121;711
121;712
122;198
122;200
122;201
122;202
122;203
122;204
122;205
122;206
122;207
122;208
122;209
122;210
122;211
122;212
122;213
122;214
122;215
122;216
122;217
122;218
122;219
122;220
122;221
122;222
122;223
122;224
122;225
122;226
122;227
122;228
122;229
122;230
122;231
122;232
122;233
122;234
122;235
122;236
122;238
122;441
122;442
122;443
122;444
122;445
122;446
122;447
122;448
122;449
122;450
122;451
122;452
122;453
122;454
122;455
122;456
122;457
122;458
122;459
122;460
122;461
122;462
122;463
122;464
122;465
122;466
122;467
122;468
122;469
122;470
122;471
122;472
122;473
122;474
122;475
122;476
122;477
122;478
122;479
122;480
122;481
122;482
122;483
122;484
122;485
122;486
122;487
122;488
122;489
122;490
122;491
122;492
122;493
122;494
122;495
122;496
122;497
122;498
122;499
122;500
122;501
122;502
122;503
122;504
122;505
122;506
122;507
122;508
122;509
122;510
122;511
122;512
122;513
122;514
122;515
122;516
122;517
122;518
122;519
122;520
122;521
122;522
122;523
122;524
122;525
122;526
122;527
122;528
122;529
122;530
122;531
122;532
122;533
122;534
122;535
122;536
122;537
122;538
122;539
122;540
122;541
122;542
122;543
122;544
122;545
122;546
122;547
122;548
122;549
122;550
122;551
122;552
122;553
122;554
122;555
122;556
122;557
122;558
122;559
122;560
122;561
122;562
122;563
122;564
122;565
122;566
122;567
122;568
122;569
122;570
122;571
122;572
122;573
122;574
122;575
122;576
122;577
122;578
122;579
122;580
122;581
122;582
122;583
122;584
122;585
122;586
122;587
122;588
122;589
122;590
122;591
122;592
122;593
122;594
122;595
122;596
122;597
122;598
122;599
122;600
122;601
122;602
122;603
122;604
122;605
122;606
122;607
122;608
122;609
122;610
122;611
122;612
122;613
122;614
122;615
122;616
122;617
122;618
122;619
122;620
122;621
122;622
122;623
122;624
122;625
122;626
122;627
122;628
122;629
122;630
122;631
122;632
122;633
122;634
122;635
122;636
122;637
122;638
122;639
122;640
122;641
122;642
122;643
122;644
122;645
122;646
122;647
122;648
122;649
122;650
122;651
122;652
122;653
122;654
122;655
122;656
122;657
122;658
122;659
122;660
122;661
122;662
122;663
122;664
122;665
122;666
122;667
122;668
122;669
122;670
122;671
122;672
122;673
122;674
122;675
122;676
122;677
122;678
122;679
122;680
122;681
122;682
122;683
122;684
122;685
122;686
122;687
122;688
122;689
122;690
122;691
122;692
122;693
122;694
122;695
122;696
122;697
122;698
122;699
122;700
122;701
122;702
122;703
122;704
122;705
122;706
122;707
122;708
122;709
122;710
122;711
122;712
123;204
123;206
123;208
123;209
123;210
123;211
123;212
123;213
123;214
123;215
123;216
123;217
123;218
123;219
123;220
123;221
123;222
123;223
123;224
123;225
123;226
123;227
123;228
123;230
123;232
123;441
123;442
123;443
123;444
123;445
123;446
123;447
123;448
123;449
123;450
123;451
123;452
123;453
123;454
123;455
123;456
123;457
123;458
123;459
123;460
123;461
123;462
123;463
123;464
123;465
123;466
123;467
123;468
123;469
123;470
123;471
123;472
123;473
123;474
123;475
123;476
123;477
123;478
123;479
123;480
123;481
123;482
123;483
123;484
123;485
123;486
123;487
123;488
123;489
123;490
123;491
123;492
123;493
123;494
123;495
123;496
123;497
123;498
123;499
123;500
123;501
123;502
123;503
123;504
123;505
123;506
123;507
123;508
123;509
123;510
123;511
123;512
123;513
123;514
123;515
123;516
123;517
123;518
123;519
123;520
123;521
123;522
123;523
123;524
123;525
123;526
123;527
123;528
123;529
123;530
123;531
123;532
123;533
123;534
123;535
123;536
123;537
123;538
123;539
123;540
123;541
123;542
123;543
123;544
123;545
123;546
123;547
123;548
123;549
123;550
123;551
123;552
123;553
123;554
123;555
123;556
123;557
123;558
123;559
123;560
123;561
123;562
123;563
123;564
123;565
123;566
123;567
123;568
123;569
123;570
123;571
123;572
123;573
123;574
123;575
123;576
123;577
123;578
123;579
123;580
123;581
123;582
123;583
123;584
123;585
123;586
123;587
123;588
123;589
123;590
123;591
123;592
123;593
123;594
123;595
123;596
123;597
123;598
123;599
123;600
123;601
123;602
123;603
123;604
123;605
123;606
123;607
123;608
123;609
123;610
123;611
123;612
123;613
123;614
123;615
123;616
123;617
123;618
123;619
123;620
123;621
123;622
123;623
123;624
123;625
123;626
123;627
123;628
123;629
123;630
123;631
123;632
123;633
123;634
123;635
123;636
123;637
123;638
123;639
123;640
123;641
123;642
123;643
123;644
123;645
123;646
123;647
123;648
123;649
123;650
123;651
123;652
123;653
123;654
123;655
123;656
123;657
123;658
123;659
123;660
123;661
123;662
123;663
123;664
123;665
123;666
123;667
123;668
123;669
123;670
123;671
123;672
123;673
123;674
123;675
123;676
123;677
123;678
123;679
123;680
123;681
123;682
123;683
123;684
123;685
123;686
123;687
123;688
123;689
123;690
123;691
123;692
123;693
123;694
123;695
123;696
123;697
123;698
123;699
123;700
123;701
123;702
123;703
123;704
123;705
123;706
123;707
123;708
123;709
123;710
123;711
123;712
123;713
124;442
124;443
124;444
124;445
124;446
124;447
124;448
124;449
124;450
124;451
124;452
124;453
124;454
124;455
124;456
124;457
124;458
124;459
124;460
124;461
124;462
124;463
124;464
124;465
124;466
124;467
124;468
124;469
124;470
124;471
124;472
124;473
124;474
124;475
124;476
124;477
124;478
124;479
124;480
124;481
124;482
124;483
124;484
124;485
124;486
124;487
124;488
124;489
124;490
124;491
124;492
124;493
124;494
124;495
124;496
124;497
124;498
124;499
124;500
124;501
124;502
124;503
124;504
124;505
124;506
124;507
124;508
124;509
124;510
124;511
124;512
124;513
124;514
124;515
124;516
124;517
124;518
124;519
124;520
124;521
124;522
124;523
124;524
124;525
124;526
124;527
124;528
124;529
124;530
124;531
124;532
124;533
124;534
124;535
124;536
124;537
124;538
124;539
124;540
124;541
124;542
124;543
124;544
124;545
124;546
124;547
124;548
124;549
124;550
124;551
124;552
124;553
124;554
124;555
124;556
124;557
124;558
124;559
124;560
124;561
124;562
124;563
124;564
124;565
124;566
124;567
124;568
124;569
124;570
124;571
124;572
124;573
124;574
124;575
124;576
124;577
124;578
124;579
124;580
124;581
124;582
124;583
124;584
124;585
124;586
124;587
124;588
124;589
124;590
124;591
124;592
124;593
124;594
124;595
124;596
124;597
124;598
124;599
124;600
124;601
124;602
124;603
124;604
124;605
124;606
124;607
124;608
124;609
124;610
124;611
124;612
124;613
124;614
124;615
124;616
124;617
124;618
124;619
124;620
124;621
124;622
124;623
124;624
124;625
124;626
124;627
124;628
124;629
124;630
124;631
124;632
124;633
124;634
124;635
124;636
124;637
124;638
124;639
124;640
124;641
124;642
124;643
124;644
124;645
124;646
124;647
124;648
124;649
124;650
124;651
124;652
124;653
124;654
124;655
124;656
124;657
124;658
124;659
124;660
124;661
124;662
124;663
124;664
124;665
124;666
124;667
124;668
124;669
124;670
124;671
124;672
124;673
124;674
124;675
124;676
124;677
124;678
124;679
124;680
124;681
124;682
124;683
124;684
124;685
124;686
124;687
124;688
124;689
124;690
124;691
124;692
124;693
124;694
124;695
124;696
124;697
124;698
124;699
124;700
124;701
124;702
124;703
124;704
124;705
124;706
124;707
124;708
124;709
124;710
124;711
124;712
124;713
125;442
125;443
125;444
125;445
125;446
125;447
125;448
125;449
125;450
125;451
125;452
125;453
125;454
125;455
125;456
125;457
125;458
125;459
125;460
125;461
125;462
125;463
125;464
125;465
125;466
125;467
125;468
125;469
125;470
125;471
125;472
125;473
125;474
125;475
125;476
125;477
125;478
125;479
125;480
125;481
125;482
125;483
125;484
125;485
125;486
125;487
125;488
125;489
125;490
125;491
125;492
125;493
125;494
125;495
125;496
125;497
125;498
125;499
125;500
125;501
125;502
125;503
125;504
125;505
125;506
125;507
125;508
125;509
125;510
125;511
125;512
125;513
125;514
125;515
125;516
125;517
125;518
125;519
125;520
125;521
125;522
125;523
125;524
125;525
125;526
125;527
125;528
125;529
125;530
125;531
125;532
125;533
125;534
125;535
125;536
125;537
125;538
125;539
125;540
125;541
125;542
125;543
125;544
125;545
125;546
125;547
125;548
125;549
125;550
125;551
125;552
125;553
125;554
125;555
125;556
125;557
125;558
125;559
125;560
125;561
125;562
125;563
125;564
125;565
125;566
125;567
125;568
125;569
125;570
125;571
125;572
125;573
125;574
125;575
125;576
125;577
125;578
125;579
125;580
125;581
125;582
125;583
125;584
125;585
125;586
125;587
125;588
125;589
125;590
125;591
125;592
125;593
125;594
125;595
125;596
125;597
125;598
125;599
125;600
125;601
125;602
125;603
125;604
125;605
125;606
125;607
125;608
125;609
125;610
125;611
125;612
125;613
125;614
125;615
125;616
125;617
125;618
125;619
125;620
125;621
125;622
125;623
125;624
125;625
125;626
125;627
125;628
125;629
125;630
125;631
125;632
125;633
125;634
125;635
125;636
125;637
125;638
125;639
125;640
125;641
125;642
125;643
125;644
125;645
125;646
125;647
125;648
125;649
125;650
125;651
125;652
125;653
125;654
125;655
125;656
125;657
125;658
125;659
125;660
125;661
125;662
125;663
125;664
125;665
125;666
125;667
125;668
125;669
125;670
125;671
125;672
125;673
125;674
125;675
125;676
125;677
125;678
125;679
125;680
125;681
125;682
125;683
125;684
125;685
125;686
125;687
125;688
125;689
125;690
125;691
125;692
125;693
125;694
125;695
125;696
125;697
125;698
125;699
125;700
125;701
125;702
125;703
125;704
125;705
125;706
125;707
125;708
125;709
125;710
125;711
125;712
125;713
126;442
126;443
126;444
126;445
126;446
126;447
126;448
126;449
126;450
126;451
126;452
126;453
126;454
126;455
126;456
126;457
126;458
126;459
126;460
126;461
126;462
126;463
126;464
126;465
126;466
126;467
126;468
126;469
126;470
126;471
126;472
126;473
126;474
126;475
126;476
126;477
126;478
126;479
126;480
126;481
126;482
126;483
126;484
126;485
126;486
126;487
126;488
126;489
126;490
126;491
126;492
126;493
126;494
126;495
126;496
126;497
126;498
126;499
126;500
126;501
126;502
126;503
126;504
126;505
126;506
126;507
126;508
126;509
126;510
126;511
126;512
126;513
126;514
126;515
126;516
126;517
126;518
126;519
126;520
126;521
126;522
126;523
126;524
126;525
126;526
126;527
126;528
126;529
126;530
126;531
126;532
126;533
126;534
126;535
126;536
126;537
126;538
126;539
126;540
126;541
126;542
126;543
126;544
126;545
126;546
126;547
126;548
126;549
126;550
126;551
126;552
126;553
126;554
126;555
126;556
126;557
126;558
126;559
126;560
126;561
126;562
126;563
126;564
126;565
126;566
126;567
126;568
126;569
126;570
126;571
126;572
126;573
126;574
126;575
126;576
126;577
126;578
126;579
126;580
126;581
126;582
126;583
126;584
126;585
126;586
126;587
126;588
126;589
126;590
126;591
126;592
126;593
126;594
126;595
126;596
126;597
126;598
126;599
126;600
126;601
126;602
126;603
126;604
126;605
126;606
126;607
126;608
126;609
126;610
126;611
126;612
126;613
126;614
126;615
126;616
126;617
126;618
126;619
126;620
126;621
126;622
126;623
126;624
126;625
126;626
126;627
126;628
126;629
126;630
126;631
126;632
126;633
126;634
126;635
126;636
126;637
126;638
126;639
126;640
126;641
126;642
126;643
126;644
126;645
126;646
126;647
126;648
126;649
126;650
126;651
126;652
126;653
126;654
126;655
126;656
126;657
126;658
126;659
126;660
126;661
126;662
126;663
126;664
126;665
126;666
126;667
126;668
126;669
126;670
126;671
126;672
126;673
126;674
126;675
126;676
126;677
126;678
126;679
126;680
126;681
126;682
126;683
126;684
126;685
126;686
126;687
126;688
126;689
126;690
126;691
126;692
126;693
126;694
126;695
126;696
126;697
126;698
126;699
126;700
126;701
126;702
126;703
126;704
126;705
126;706
126;707
126;708
126;709
126;710
126;711
126;712
126;713
126;714
127;442
127;443
127;444
127;445
127;446
127;447
127;448
127;449
127;450
127;451
127;452
127;453
127;454
127;455
127;456
127;457
127;458
127;459
127;460
127;461
127;462
127;463
127;464
127;465
127;466
127;467
127;468
127;469
127;470
127;471
127;472
127;473
127;474
127;475
127;476
127;477
127;478
127;479
127;480
127;481
127;482
127;483
127;484
127;485
127;486
127;487
127;488
127;489
127;490
127;491
127;492
127;493
127;494
127;495
127;496
127;497
127;498
127;499
127;500
127;501
127;502
127;503
127;504
127;505
127;506
127;507
127;508
127;509
127;510
127;511
127;512
127;513
127;514
127;515
127;516
127;517
127;518
127;519
127;520
127;521
127;522
127;523
127;524
127;525
127;526
127;527
127;528
127;529
127;530
127;531
127;532
127;533
127;534
127;535
127;536
127;537
127;538
127;539
127;540
127;541
127;542
127;543
127;544
127;545
127;546
127;547
127;548
127;549
127;550
127;551
127;552
127;553
127;554
127;555
127;556
127;557
127;558
127;559
127;560
127;561
127;562
127;563
127;564
127;565
127;566
127;567
127;568
127;569
127;570
127;571
127;572
127;573
127;574
127;575
127;576
127;577
127;578
127;579
127;580
127;581
127;582
127;583
127;584
127;585
127;586
127;587
127;588
127;589
127;590
127;591
127;592
127;593
127;594
127;595
127;596
127;597
127;598
127;599
127;600
127;601
127;602
127;603
127;604
127;605
127;606
127;607
127;608
127;609
127;610
127;611
127;612
127;613
127;614
127;615
127;616
127;617
127;618
127;619
127;620
127;621
127;622
127;623
127;624
127;625
127;626
127;627
127;628
127;629
127;630
127;631
127;632
127;633
127;634
127;635
127;636
127;637
127;638
127;639
127;640
127;641
127;642
127;643
127;644
127;645
127;646
127;647
127;648
127;649
127;650
127;651
127;652
127;653
127;654
127;655
127;656
127;657
127;658
127;659
127;660
127;661
127;662
127;663
127;664
127;665
127;666
127;667
127;668
127;669
127;670
127;671
127;672
127;673
127;674
127;675
127;676
127;677
127;678
127;679
127;680
127;681
127;682
127;683
127;684
127;685
127;686
127;687
127;688
127;689
127;690
127;691
127;692
127;693
127;694
127;695
127;696
127;697
127;698
127;699
127;700
127;701
127;702
127;703
127;704
127;705
127;706
127;707
127;708
127;709
127;710
127;711
127;712
127;713
127;714
128;443
128;444
128;445
128;446
128;447
128;448
128;449
128;450
128;451
128;452
128;453
128;454
128;455
128;456
128;457
128;458
128;459
128;460
128;461
128;462
128;463
128;464
128;465
128;466
128;467
128;468
128;469
128;470
128;471
128;472
128;473
128;474
128;475
128;476
128;477
128;478
128;479
128;480
128;481
128;482
128;483
128;484
128;485
128;486
128;487
128;488
128;489
128;490
128;491
128;492
128;493
128;494
128;495
128;496
128;497
128;498
128;499
128;500
128;501
128;502
128;503
128;504
128;505
128;506
128;507
128;508
128;509
128;510
128;511
128;512
128;513
128;514
128;515
128;516
128;517
128;518
128;519
128;520
128;521
128;522
128;523
128;524
128;525
128;526
128;527
128;528
128;529
128;530
128;531
128;532
128;533
128;534
128;535
128;536
128;537
128;538
128;539
128;540
128;541
128;542
128;543
128;544
128;545
128;546
128;547
128;548
128;549
128;550
128;551
128;552
128;553
128;554
128;555
128;556
128;557
128;558
128;559
128;560
128;561
128;562
128;563
128;564
128;565
128;566
128;567
128;568
128;569
128;570
128;571
128;572
128;573
128;574
128;575
128;576
128;577
128;578
128;579
128;580
128;581
128;582
128;583
128;584
128;585
128;586
128;587
128;588
128;589
128;590
128;591
128;592
128;593
128;594
128;595
128;596
128;597
128;598
128;599
128;600
128;601
128;602
128;603
128;604
128;605
128;606
128;607
128;608
128;609
128;610
128;611
128;612
128;613
128;614
128;615
128;616
128;617
128;618
128;619
128;620
128;621
128;622
128;623
128;624
128;625
128;626
128;627
128;628
128;629
128;630
128;631
128;632
128;633
128;634
128;635
128;636
128;637
128;638
128;639
128;640
128;641
128;642
128;643
128;644
128;645
128;646
128;647
128;648
128;649
128;650
128;651
128;652
128;653
128;654
128;655
128;656
128;657
128;658
128;659
128;660
128;661
128;662
128;663
128;664
128;665
128;666
128;667
128;668
128;669
128;670
128;671
128;672
128;673
128;674
128;675
128;676
128;677
128;678
128;679
128;680
128;681
128;682
128;683
128;684
128;685
128;686
128;687
128;688
128;689
128;690
128;691
128;692
128;693
128;694
128;695
128;696
128;697
128;698
128;699
128;700
128;701
128;702
128;703
128;704
128;705
128;706
128;707
128;708
128;709
128;710
128;711
128;712
128;713
128;714
129;443
129;444
129;445
129;446
129;447
129;448
129;449
129;450
129;451
129;452
129;453
129;454
129;455
129;456
129;457
129;458
129;459
129;460
129;461
129;462
129;463
129;464
129;465
129;466
129;467
129;468
129;469
129;470
129;471
129;472
129;473
129;474
129;475
129;476
129;477
129;478
129;479
129;480
129;481
129;482
129;483
129;484
129;485
129;486
129;487
129;488
129;489
129;490
129;491
129;492
129;493
129;494
129;495
129;496
129;497
129;498
129;499
129;500
129;501
129;502
129;503
129;504
129;505
129;506
129;507
129;508
129;509
129;510
129;511
129;512
129;513
129;514
129;515
129;516
129;517
129;518
129;519
129;520
129;521
129;522
129;523
129;524
129;525
129;526
129;527
129;528
129;529
129;530
129;531
129;532
129;533
129;534
129;535
129;536
129;537
129;538
129;539
129;540
129;541
129;542
129;543
129;544
129;545
129;546
129;547
129;548
129;549
129;550
129;551
129;552
129;553
129;554
129;555
129;556
129;557
129;558
129;559
129;560
129;561
129;562
129;563
129;564
129;565
129;566
129;567
129;568
129;569
129;570
129;571
129;572
129;573
129;574
129;575
129;576
129;577
129;578
129;579
129;580
129;581
129;582
129;583
129;584
129;585
129;586
129;587
129;588
129;589
129;590
129;591
129;592
129;593
129;594
129;595
129;596
129;597
129;598
129;599
129;600
129;601
129;602
129;603
129;604
129;605
129;606
129;607
129;608
129;609
129;610
129;611
129;612
129;613
129;614
129;615
129;616
129;617
129;618
129;619
129;620
129;621
129;622
129;623
129;624
129;625
129;626
129;627
129;628
129;629
129;630
129;631
129;632
129;633
129;634
129;635
129;636
129;637
129;638
129;639
129;640
129;641
129;642
129;643
129;644
129;645
129;646
129;647
129;648
129;649
129;650
129;651
129;652
129;653
129;654
129;655
129;656
129;657
129;658
129;659
129;660
129;661
129;662
129;663
129;664
129;665
129;666
129;667
129;668
129;669
129;670
129;671
129;672
129;673
129;674
129;675
129;676
129;677
129;678
129;679
129;680
129;681
129;682
129;683
129;684
129;685
129;686
129;687
129;688
129;689
129;690
129;691
129;692
129;693
129;694
129;695
129;696
129;697
129;698
129;699
129;700
129;701
129;702
129;703
129;704
129;705
129;706
129;707
129;708
129;709
129;710
129;711
129;712
129;713
129;714
129;715
130;443
130;444
130;445
130;446
130;447
130;448
130;449
130;450
130;451
130;452
130;453
130;454
130;455
130;456
130;457
130;458
130;459
130;460
130;461
130;462
130;463
130;464
130;465
130;466
130;467
130;468
130;469
130;470
130;471
130;472
130;473
130;474
130;475
130;476
130;477
130;478
130;479
130;480
130;481
130;482
130;483
130;484
130;485
130;486
130;487
130;488
130;489
130;490
130;491
130;492
130;493
130;494
130;495
130;496
130;497
130;498
130;499
130;500
130;501
130;502
130;503
130;504
130;505
130;506
130;507
130;508
130;509
130;510
130;511
130;512
130;513
130;514
130;515
130;516
130;517
130;518
130;519
130;520
130;521
130;522
130;523
130;524
130;525
130;526
130;527
130;528
130;529
130;530
130;531
130;532
130;533
130;534
130;535
130;536
130;537
130;538
130;539
130;540
130;541
130;542
130;543
130;544
130;545
130;546
130;547
130;548
130;549
130;550
130;551
130;552
130;553
130;554
130;555
130;556
130;557
130;558
130;559
130;560
130;561
130;562
130;563
130;564
130;565
130;566
130;567
130;568
130;569
130;570
130;571
130;572
130;573
130;574
130;575
130;576
130;577
130;578
130;579
130;580
130;581
130;582
130;583
130;584
130;585
130;586
130;587
130;588
130;589
130;590
130;591
130;592
130;593
130;594
130;595
130;596
130;597
130;598
130;599
130;600
130;601
130;602
130;603
130;604
130;605
130;606
130;607
130;608
130;609
130;610
130;611
130;612
130;613
130;614
130;615
130;616
130;617
130;618
130;619
130;620
130;621
130;622
130;623
130;624
130;625
130;626
130;627
130;628
130;629
130;630
130;631
130;632
130;633
130;634
130;635
130;636
130;637
130;638
130;639
130;640
130;641
130;642
130;643
130;644
130;645
130;646
130;647
130;648
130;649
130;650
130;651
130;652
130;653
130;654
130;655
130;656
130;657
130;658
130;659
130;660
130;661
130;662
130;663
130;664
130;665
130;666
130;667
130;668
130;669
130;670
130;671
130;672
130;673
130;674
130;675
130;676
130;677
130;678
130;679
130;680
130;681
130;682
130;683
130;684
130;685
130;686
130;687
130;688
130;689
130;690
130;691
130;692
130;693
130;694
130;695
130;696
130;697
130;698
130;699
130;700
130;701
130;702
130;703
130;704
130;705
130;706
130;707
130;708
130;709
130;710
130;711
130;712
130;713
130;714
130;715
131;444
131;445
131;446
131;447
131;448
131;449
131;450
131;451
131;452
131;453
131;454
131;455
131;456
131;457
131;458
131;459
131;460
131;461
131;462
131;463
131;464
131;465
131;466
131;467
131;468
131;469
131;470
131;471
131;472
131;473
131;474
131;475
131;476
131;477
131;478
131;479
131;480
131;481
131;482
131;483
131;484
131;485
131;486
131;487
131;488
131;489
131;490
131;491
131;492
131;493
131;494
131;495
131;496
131;497
131;498
131;499
131;500
131;501
131;502
131;503
131;504
131;505
131;506
131;507
131;508
131;509
131;510
131;511
131;512
131;513
131;514
131;515
131;516
131;517
131;518
131;519
131;520
131;521
131;522
131;523
131;524
131;525
131;526
131;527
131;528
131;529
131;530
131;531
131;532
131;533
131;534
131;535
131;536
131;537
131;538
131;539
131;540
131;541
131;542
131;543
131;544
131;545
131;546
131;547
131;548
131;549
131;550
131;551
131;552
131;553
131;554
131;555
131;556
131;557
131;558
131;559
131;560
131;561
131;562
131;563
131;564
131;565
131;566
131;567
131;568
131;569
131;570
131;571
131;572
131;573
131;574
131;575
131;576
131;577
131;578
131;579
131;580
131;581
131;582
131;583
131;584
131;585
131;586
131;587
131;588
131;589
131;590
131;591
131;592
131;593
131;594
131;595
131;596
131;597
131;598
131;599
131;600
131;601
131;602
131;603
131;604
131;605
131;606
131;607
131;608
131;609
131;610
131;611
131;612
131;613
131;614
131;615
131;616
131;617
131;618
131;619
131;620
131;621
131;622
131;623
131;624
131;625
131;626
131;627
131;628
131;629
131;630
131;631
131;632
131;633
131;634
131;635
131;636
131;637
131;638
131;639
131;640
131;641
131;642
131;643
131;644
131;645
131;646
131;647
131;648
131;649
131;650
131;651
131;652
131;653
131;654
131;655
131;656
131;657
131;658
131;659
131;660
131;661
131;662
131;663
131;664
131;665
131;666
131;667
131;668
131;669
131;670
131;671
131;672
131;673
131;674
131;675
131;676
131;677
131;678
131;679
131;680
131;681
131;682
131;683
131;684
131;685
131;686
131;687
131;688
131;689
131;690
131;691
131;692
131;693
131;694
131;695
131;696
131;697
131;698
131;699
131;700
131;701
131;702
131;703
131;704
131;705
131;706
131;707
131;708
131;709
131;710
131;711
131;712
131;713
131;714
131;715
132;444
132;445
132;446
132;447
132;448
132;449
132;450
132;451
132;452
132;453
132;454
132;455
132;456
132;457
132;458
132;459
132;460
132;461
132;462
132;463
132;464
132;465
132;466
132;467
132;468
132;469
132;470
132;471
132;472
132;473
132;474
132;475
132;476
132;477
132;478
132;479
132;480
132;481
132;482
132;483
132;484
132;485
132;486
132;487
132;488
132;489
132;490
132;491
132;492
132;493
132;494
132;495
132;496
132;497
132;498
132;499
132;500
132;501
132;502
132;503
132;504
132;505
132;506
132;507
132;508
132;509
132;510
132;511
132;512
132;513
132;514
132;515
132;516
132;517
132;518
132;519
132;520
132;521
132;522
132;523
132;524
132;525
132;526
132;527
132;528
132;529
132;530
132;531
132;532
132;533
132;534
132;535
132;536
132;537
132;538
132;539
132;540
132;541
132;542
132;543
132;544
132;545
132;546
132;547
132;548
132;549
132;550
132;551
132;552
132;553
132;554
132;555
132;556
132;557
132;558
132;559
132;560
132;561
132;562
132;563
132;564
132;565
132;566
132;567
132;568
132;569
132;570
132;571
132;572
132;573
132;574
132;575
132;576
132;577
132;578
132;579
132;580
132;581
132;582
132;583
132;584
132;585
132;586
132;587
132;588
132;589
132;590
132;591
132;592
132;593
132;594
132;595
132;596
132;597
132;598
132;599
132;600
132;601
132;602
132;603
132;604
132;605
132;606
132;607
132;608
132;609
132;610
132;611
132;612
132;613
132;614
132;615
132;616
132;617
132;618
132;619
132;620
132;621
132;622
132;623
132;624
132;625
132;626
132;627
132;628
132;629
132;630
132;631
132;632
132;633
132;634
132;635
132;636
132;637
132;638
132;639
132;640
132;641
132;642
132;643
132;644
132;645
132;646
132;647
132;648
132;649
132;650
132;651
132;652
132;653
132;654
132;655
132;656
132;657
132;658
132;659
132;660
132;661
132;662
132;663
132;664
132;665
132;666
132;667
132;668
132;669
132;670
132;671
132;672
132;673
132;674
132;675
132;676
132;677
132;678
132;679
132;680
132;681
132;682
132;683
132;684
132;685
132;686
132;687
132;688
132;689
132;690
132;691
132;692
132;693
132;694
132;695
132;696
132;697
132;698
132;699
132;700
132;701
132;702
132;703
132;704
132;705
132;706
132;707
132;708
132;709
132;710
132;711
132;712
132;713
132;714
132;715
133;444
133;445
133;446
133;447
133;448
133;449
133;450
133;451
133;452
133;453
133;454
133;455
133;456
133;457
133;458
133;459
133;460
133;461
133;462
133;463
133;464
133;465
133;466
133;467
133;468
133;469
133;470
133;471
133;472
133;473
133;474
133;475
133;476
133;477
133;478
133;479
133;480
133;481
133;482
133;483
133;484
133;485
133;486
133;487
133;488
133;489
133;490
133;491
133;492
133;493
133;494
133;495
133;496
133;497
133;498
133;499
133;500
133;501
133;502
133;503
133;504
133;505
133;506
133;507
133;508
133;509
133;510
133;511
133;512
133;513
133;514
133;515
133;516
133;517
133;518
133;519
133;520
133;521
133;522
133;523
133;524
133;525
133;526
133;527
133;528
133;529
133;530
133;531
133;532
133;533
133;534
133;535
133;536
133;537
133;538
133;539
133;540
133;541
133;542
133;543
133;544
133;545
133;546
133;547
133;548
133;549
133;550
133;551
133;552
133;553
133;554
133;555
133;556
133;557
133;558
133;559
133;560
133;561
133;562
133;563
133;564
133;565
133;566
133;567
133;568
133;569
133;570
133;571
133;572
133;573
133;574
133;575
133;576
133;577
133;578
133;579
133;580
133;581
133;582
133;583
133;584
133;585
133;586
133;587
133;588
133;589
133;590
133;591
133;592
133;593
133;594
133;595
133;596
133;597
133;598
133;599
133;600
133;601
133;602
133;603
133;604
133;605
133;606
133;607
133;608
133;609
133;610
133;611
133;612
133;613
133;614
133;615
133;616
133;617
133;618
133;619
133;620
133;621
133;622
133;623
133;624
133;625
133;626
133;627
133;628
133;629
133;630
133;631
133;632
133;633
133;634
133;635
133;636
133;637
133;638
133;639
133;640
133;641
133;642
133;643
133;644
133;645
133;646
133;647
133;648
133;649
133;650
133;651
133;652
133;653
133;654
133;655
133;656
133;657
133;658
133;659
133;660
133;661
133;662
133;663
133;664
133;665
133;666
133;667
133;668
133;669
133;670
133;671
133;672
133;673
133;674
133;675
133;676
133;677
133;678
133;679
133;680
133;681
133;682
133;683
133;684
133;685
133;686
133;687
133;688
133;689
133;690
133;691
133;692
133;693
133;694
133;695
133;696
133;697
133;698
133;699
133;700
133;701
133;702
133;703
133;704
133;705
133;706
133;707
133;708
133;709
133;710
133;711
133;712
133;713
133;714
133;715
134;444
134;445
134;446
134;447
134;448
134;449
134;450
134;451
134;452
134;453
134;454
134;455
134;456
134;457
134;458
134;459
134;460
134;461
134;462
134;463
134;464
134;465
134;466
134;467
134;468
134;469
134;470
134;471
134;472
134;473
134;474
134;475
134;476
134;477
134;478
134;479
134;480
134;481
134;482
134;483
134;484
134;485
134;486
134;487
134;488
134;489
134;490
134;491
134;492
134;493
134;494
134;495
134;496
134;497
134;498
134;499
134;500
134;501
134;502
134;503
134;504
134;505
134;506
134;507
134;508
134;509
134;510
134;511
134;512
134;513
134;514
134;515
134;516
134;517
134;518
134;519
134;520
134;521
134;522
134;523
134;524
134;525
134;526
134;527
134;528
134;529
134;530
134;531
134;532
134;533
134;534
134;535
134;536
134;537
134;538
134;539
134;540
134;541
134;542
134;543
134;544
134;545
134;546
134;547
134;548
134;549
134;550
134;551
134;552
134;553
134;554
134;555
134;556
134;557
134;558
134;559
134;560
134;561
134;562
134;563
134;564
134;565
134;566
134;567
134;568
134;569
134;570
134;571
134;572
134;573
134;574
134;575
134;576
134;577
134;578
134;579
134;580
134;581
134;582
134;583
134;584
134;585
134;586
134;587
134;588
134;589
134;590
134;591
134;592
134;593
134;594
134;595
134;596
134;597
134;598
134;599
134;600
134;601
134;602
134;603
134;604
134;605
134;606
134;607
134;608
134;609
134;610
134;611
134;612
134;613
134;614
134;615
134;616
134;617
134;618
134;619
134;620
134;621
134;622
134;623
134;624
134;625
134;626
134;627
134;628
134;629
134;630
134;631
134;632
134;633
134;634
134;635
134;636
134;637
134;638
134;639
134;640
134;641
134;642
134;643
134;644
134;645
134;646
134;647
134;648
134;649
134;650
134;651
134;652
134;653
134;654
134;655
134;656
134;657
134;658
134;659
134;660
134;661
134;662
134;663
134;664
134;665
134;666
134;667
134;668
134;669
134;670
134;671
134;672
134;673
134;674
134;675
134;676
134;677
134;678
134;679
134;680
134;681
134;682
134;683
134;684
134;685
134;686
134;687
134;688
134;689
134;690
134;691
134;692
134;693
134;694
134;695
134;696
134;697
134;698
134;699
134;700
134;701
134;702
134;703
134;704
134;705
134;706
134;707
134;708
134;709
134;710
134;711
134;712
134;713
134;714
134;715
134;716
135;445
135;446
135;447
135;448
135;449
135;450
135;451
135;452
135;453
135;454
135;455
135;456
135;457
135;458
135;459
135;460
135;461
135;462
135;463
135;464
135;465
135;466
135;467
135;468
135;469
135;470
135;471
135;472
135;473
135;474
135;475
135;476
135;477
135;478
135;479
135;480
135;481
135;482
135;483
135;484
135;485
135;486
135;487
135;488
135;489
135;490
135;491
135;492
135;493
135;494
135;495
135;496
135;497
135;498
135;499
135;500
135;501
135;502
135;503
135;504
135;505
135;506
135;507
135;508
135;509
135;510
135;511
135;512
135;513
135;514
135;515
135;516
135;517
135;518
135;519
135;520
135;521
135;522
135;523
135;524
135;525
135;526
135;527
135;528
135;529
135;530
135;531
135;532
135;533
135;534
135;535
135;536
135;537
135;538
135;539
135;540
135;541
135;542
135;543
135;544
135;545
135;546
135;547
135;548
135;549
135;550
135;551
135;552
135;553
135;554
135;555
135;556
135;557
135;558
135;559
135;560
135;561
135;562
135;563
135;564
135;565
135;566
135;567
135;568
135;569
135;570
135;571
135;572
135;573
135;574
135;575
135;576
135;577
135;578
135;579
135;580
135;581
135;582
135;583
135;584
135;585
135;586
135;587
135;588
135;589
135;590
135;591
135;592
135;593
135;594
135;595
135;596
135;597
135;598
135;599
135;600
135;601
135;602
135;603
135;604
135;605
135;606
135;607
135;608
135;609
135;610
135;611
135;612
135;613
135;614
135;615
135;616
135;617
135;618
135;619
135;620
135;621
135;622
135;623
135;624
135;625
135;626
135;627
135;628
135;629
135;630
135;631
135;632
135;633
135;634
135;635
135;636
135;637
135;638
135;639
135;640
135;641
135;642
135;643
135;644
135;645
135;646
135;647
135;648
135;649
135;650
135;651
135;652
135;653
135;654
135;655
135;656
135;657
135;658
135;659
135;660
135;661
135;662
135;663
135;664
135;665
135;666
135;667
135;668
135;669
135;670
135;671
135;672
135;673
135;674
135;675
135;676
135;677
135;678
135;679
135;680
135;681
135;682
135;683
135;684
135;685
135;686
135;687
135;688
135;689
135;690
135;691
135;692
135;693
135;694
135;695
135;696
135;697
135;698
135;699
135;700
135;701
135;702
135;703
135;704
135;705
135;706
135;707
135;708
135;709
135;710
135;711
135;712
135;713
135;714
135;715
135;716
136;445
136;446
136;447
136;448
136;449
136;450
136;451
136;452
136;453
136;454
136;455
136;456
136;457
136;458
136;459
136;460
136;461
136;462
136;463
136;464
136;465
136;466
136;467
136;468
136;469
136;470
136;471
136;472
136;473
136;474
136;475
136;476
136;477
136;478
136;479
136;480
136;481
136;482
136;483
136;484
136;485
136;486
136;487
136;488
136;489
136;490
136;491
136;492
136;493
136;494
136;495
136;496
136;497
136;498
136;499
136;500
136;501
136;502
136;503
136;504
136;505
136;506
136;507
136;508
136;509
136;510
136;511
136;512
136;513
136;514
136;515
136;516
136;517
136;518
136;519
136;520
136;521
136;522
136;523
136;524
136;525
136;526
136;527
136;528
136;529
136;530
136;531
136;532
136;533
136;534
136;535
136;536
136;537
136;538
136;539
136;540
136;541
136;542
136;543
136;544
136;545
136;546
136;547
136;548
136;549
136;550
136;551
136;552
136;553
136;554
136;555
136;556
136;557
136;558
136;559
136;560
136;561
136;562
136;563
136;564
136;565
136;566
136;567
136;568
136;569
136;570
136;571
136;572
136;573
136;574
136;575
136;576
136;577
136;578
136;579
136;580
136;581
136;582
136;583
136;584
136;585
136;586
136;587
136;588
136;589
136;590
136;591
136;592
136;593
136;594
136;595
136;596
136;597
136;598
136;599
136;600
136;601
136;602
136;603
136;604
136;605
136;606
136;607
136;608
136;609
136;610
136;611
136;612
136;613
136;614
136;615
136;616
136;617
136;618
136;619
136;620
136;621
136;622
136;623
136;624
136;625
136;626
136;627
136;628
136;629
136;630
136;631
136;632
136;633
136;634
136;635
136;636
136;637
136;638
136;639
136;640
136;641
136;642
136;643
136;644
136;645
136;646
136;647
136;648
136;649
136;650
136;651
136;652
136;653
136;654
136;655
136;656
136;657
136;658
136;659
136;660
136;661
136;662
136;663
136;664
136;665
136;666
136;667
136;668
136;669
136;670
136;671
136;672
136;673
136;674
136;675
136;676
136;677
136;678
136;679
136;680
136;681
136;682
136;683
136;684
136;685
136;686
136;687
136;688
136;689
136;690
136;691
136;692
136;693
136;694
136;695
136;696
136;697
136;698
136;699
136;700
136;701
136;702
136;703
136;704
136;705
136;706
136;707
136;708
136;709
136;710
136;711
136;712
136;713
136;714
136;715
136;716
137;445
137;446
137;447
137;448
137;449
137;450
137;451
137;452
137;453
137;454
137;455
137;456
137;457
137;458
137;459
137;460
137;461
137;462
137;463
137;464
137;465
137;466
137;467
137;468
137;469
137;470
137;471
137;472
137;473
137;474
137;475
137;476
137;477
137;478
137;479
137;480
137;481
137;482
137;483
137;484
137;485
137;486
137;487
137;488
137;489
137;490
137;491
137;492
137;493
137;494
137;495
137;496
137;497
137;498
137;499
137;500
137;501
137;502
137;503
137;504
137;505
137;506
137;507
137;508
137;509
137;510
137;511
137;512
137;513
137;514
137;515
137;516
137;517
137;518
137;519
137;520
137;521
137;522
137;523
137;524
137;525
137;526
137;527
137;528
137;529
137;530
137;531
137;532
137;533
137;534
137;535
137;536
137;537
137;538
137;539
137;540
137;541
137;542
137;543
137;544
137;545
137;546
137;547
137;548
137;549
137;550
137;551
137;552
137;553
137;554
137;555
137;556
137;557
137;558
137;559
137;560
137;561
137;562
137;563
137;564
137;565
137;566
137;567
137;568
137;569
137;570
137;571
137;572
137;573
137;574
137;575
137;576
137;577
137;578
137;579
137;580
137;581
137;582
137;583
137;584
137;585
137;586
137;587
137;588
137;589
137;590
137;591
137;592
137;593
137;594
137;595
137;596
137;597
137;598
137;599
137;600
137;601
137;602
137;603
137;604
137;605
137;606
137;607
137;608
137;609
137;610
137;611
137;612
137;613
137;614
137;615
137;616
137;617
137;618
137;619
137;620
137;621
137;622
137;623
137;624
137;625
137;626
137;627
137;628
137;629
137;630
137;631
137;632
137;633
137;634
137;635
137;636
137;637
137;638
137;639
137;640
137;641
137;642
137;643
137;644
137;645
137;646
137;647
137;648
137;649
137;650
137;651
137;652
137;653
137;654
137;655
137;656
137;657
137;658
137;659
137;660
137;661
137;662
137;663
137;664
137;665
137;666
137;667
137;668
137;669
137;670
137;671
137;672
137;673
137;674
137;675
137;676
137;677
137;678
137;679
137;680
137;681
137;682
137;683
137;684
137;685
137;686
137;687
137;688
137;689
137;690
137;691
137;692
137;693
137;694
137;695
137;696
137;697
137;698
137;699
137;700
137;701
137;702
137;703
137;704
137;705
137;706
137;707
137;708
137;709
137;710
137;711
137;712
137;713
137;714
137;715
137;716
138;445
138;446
138;447
138;448
138;449
138;450
138;451
138;452
138;453
138;454
138;455
138;456
138;457
138;458
138;459
138;460
138;461
138;462
138;463
138;464
138;465
138;466
138;467
138;468
138;469
138;470
138;471
138;472
138;473
138;474
138;475
138;476
138;477
138;478
138;479
138;480
138;481
138;482
138;483
138;484
138;485
138;486
138;487
138;488
138;489
138;490
138;491
138;492
138;493
138;494
138;495
138;496
138;497
138;498
138;499
138;500
138;501
138;502
138;503
138;504
138;505
138;506
138;507
138;508
138;509
138;510
138;511
138;512
138;513
138;514
138;515
138;516
138;517
138;518
138;519
138;520
138;521
138;522
138;523
138;524
138;525
138;526
138;527
138;528
138;529
138;530
138;531
138;532
138;533
138;534
138;535
138;536
138;537
138;538
138;539
138;540
138;541
138;542
138;543
138;544
138;545
138;546
138;547
138;548
138;549
138;550
138;551
138;552
138;553
138;554
138;555
138;556
138;557
138;558
138;559
138;560
138;561
138;562
138;563
138;564
138;565
138;566
138;567
138;568
138;569
138;570
138;571
138;572
138;573
138;574
138;575
138;576
138;577
138;578
138;579
138;580
138;581
138;582
138;583
138;584
138;585
138;586
138;587
138;588
138;589
138;590
138;591
138;592
138;593
138;594
138;595
138;596
138;597
138;598
138;599
138;600
138;601
138;602
138;603
138;604
138;605
138;606
138;607
138;608
138;609
138;610
138;611
138;612
138;613
138;614
138;615
138;616
138;617
138;618
138;619
138;620
138;621
138;622
138;623
138;624
138;625
138;626
138;627
138;628
138;629
138;630
138;631
138;632
138;633
138;634
138;635
138;636
138;637
138;638
138;639
138;640
138;641
138;642
138;643
138;644
138;645
138;646
138;647
138;648
138;649
138;650
138;651
138;652
138;653
138;654
138;655
138;656
138;657
138;658
138;659
138;660
138;661
138;662
138;663
138;664
138;665
138;666
138;667
138;668
138;669
138;670
138;671
138;672
138;673
138;674
138;675
138;676
138;677
138;678
138;679
138;680
138;681
138;682
138;683
138;684
138;685
138;686
138;687
138;688
138;689
138;690
138;691
138;692
138;693
138;694
138;695
138;696
138;697
138;698
138;699
138;700
138;701
138;702
138;703
138;704
138;705
138;706
138;707
138;708
138;709
138;710
138;711
138;712
138;713
138;714
138;715
138;716
139;446
139;447
139;448
139;449
139;450
139;451
139;452
139;453
139;454
139;455
139;456
139;457
139;458
139;459
139;460
139;461
139;462
139;463
139;464
139;465
139;466
139;467
139;468
139;469
139;470
139;471
139;472
139;473
139;474
139;475
139;476
139;477
139;478
139;479
139;480
139;481
139;482
139;483
139;484
139;485
139;486
139;487
139;488
139;489
139;490
139;491
139;492
139;493
139;494
139;495
139;496
139;497
139;498
139;499
139;500
139;501
139;502
139;503
139;504
139;505
139;506
139;507
139;508
139;509
139;510
139;511
139;512
139;513
139;514
139;515
139;516
139;517
139;518
139;519
139;520
139;521
139;522
139;523
139;524
139;525
139;526
139;527
139;528
139;529
139;530
139;531
139;532
139;533
139;534
139;535
139;536
139;537
139;538
139;539
139;540
139;541
139;542
139;543
139;544
139;545
139;546
139;547
139;548
139;549
139;550
139;551
139;552
139;553
139;554
139;555
139;556
139;557
139;558
139;559
139;560
139;561
139;562
139;563
139;564
139;565
139;566
139;567
139;568
139;569
139;570
139;571
139;572
139;573
139;574
139;575
139;576
139;577
139;578
139;579
139;580
139;581
139;582
139;583
139;584
139;585
139;586
139;587
139;588
139;589
139;590
139;591
139;592
139;593
139;594
139;595
139;596
139;597
139;598
139;599
139;600
139;601
139;602
139;603
139;604
139;605
139;606
139;607
139;608
139;609
139;610
139;611
139;612
139;613
139;614
139;615
139;616
139;617
139;618
139;619
139;620
139;621
139;622
139;623
139;624
139;625
139;626
139;627
139;628
139;629
139;630
139;631
139;632
139;633
139;634
139;635
139;636
139;637
139;638
139;639
139;640
139;641
139;642
139;643
139;644
139;645
139;646
139;647
139;648
139;649
139;650
139;651
139;652
139;653
139;654
139;655
139;656
139;657
139;658
139;659
139;660
139;661
139;662
139;663
139;664
139;665
139;666
139;667
139;668
139;669
139;670
139;671
139;672
139;673
139;674
139;675
139;676
139;677
139;678
139;679
139;680
139;681
139;682
139;683
139;684
139;685
139;686
139;687
139;688
139;689
139;690
139;691
139;692
139;693
139;694
139;695
139;696
139;697
139;698
139;699
139;700
139;701
139;702
139;703
139;704
139;705
139;706
139;707
139;708
139;709
139;710
139;711
139;712
139;713
139;714
139;715
139;716
140;446
140;447
140;448
140;449
140;450
140;451
140;452
140;453
140;454
140;455
140;456
140;457
140;458
140;459
140;460
140;461
140;462
140;463
140;464
140;465
140;466
140;467
140;468
140;469
140;470
140;471
140;472
140;473
140;474
140;475
140;476
140;477
140;478
140;479
140;480
140;481
140;482
140;483
140;484
140;485
140;486
140;487
140;488
140;489
140;490
140;491
140;492
140;493
140;494
140;495
140;496
140;497
140;498
140;499
140;500
140;501
140;502
140;503
140;504
140;505
140;506
140;507
140;508
140;509
140;510
140;511
140;512
140;513
140;514
140;515
140;516
140;517
140;518
140;519
140;520
140;521
140;522
140;523
140;524
140;525
140;526
140;527
140;528
140;529
140;530
140;531
140;532
140;533
140;534
140;535
140;536
140;537
140;538
140;539
140;540
140;541
140;542
140;543
140;544
140;545
140;546
140;547
140;548
140;549
140;550
140;551
140;552
140;553
140;554
140;555
140;556
140;557
140;558
140;559
140;560
140;561
140;562
140;563
140;564
140;565
140;566
140;567
140;568
140;569
140;570
140;571
140;572
140;573
140;574
140;575
140;576
140;577
140;578
140;579
140;580
140;581
140;582
140;583
140;584
140;585
140;586
140;587
140;588
140;589
140;590
140;591
140;592
140;593
140;594
140;595
140;596
140;597
140;598
140;599
140;600
140;601
140;602
140;603
140;604
140;605
140;606
140;607
140;608
140;609
140;610
140;611
140;612
140;613
140;614
140;615
140;616
140;617
140;618
140;619
140;620
140;621
140;622
140;623
140;624
140;625
140;626
140;627
140;628
140;629
140;630
140;631
140;632
140;633
140;634
140;635
140;636
140;637
140;638
140;639
140;640
140;641
140;642
140;643
140;644
140;645
140;646
140;647
140;648
140;649
140;650
140;651
140;652
140;653
140;654
140;655
140;656
140;657
140;658
140;659
140;660
140;661
140;662
140;663
140;664
140;665
140;666
140;667
140;668
140;669
140;670
140;671
140;672
140;673
140;674
140;675
140;676
140;677
140;678
140;679
140;680
140;681
140;682
140;683
140;684
140;685
140;686
140;687
140;688
140;689
140;690
140;691
140;692
140;693
140;694
140;695
140;696
140;697
140;698
140;699
140;700
140;701
140;702
140;703
140;704
140;705
140;706
140;707
140;708
140;709
140;710
140;711
140;712
140;713
140;714
140;715
140;716
141;446
141;447
141;448
141;449
141;450
141;451
141;452
141;453
141;454
141;455
141;456
141;457
141;458
141;459
141;460
141;461
141;462
141;463
141;464
141;465
141;466
141;467
141;468
141;469
141;470
141;471
141;472
141;473
141;474
141;475
141;476
141;477
141;478
141;479
141;480
141;481
141;482
141;483
141;484
141;485
141;486
141;487
141;488
141;489
141;490
141;491
141;492
141;493
141;494
141;495
141;496
141;497
141;498
141;499
141;500
141;501
141;502
141;503
141;504
141;505
141;506
141;507
141;508
141;509
141;510
141;511
141;512
141;513
141;514
141;515
141;516
141;517
141;518
141;519
141;520
141;521
141;522
141;523
141;524
141;525
141;526
141;527
141;528
141;529
141;530
141;531
141;532
141;533
141;534
141;535
141;536
141;537
141;538
141;539
141;540
141;541
141;542
141;543
141;544
141;545
141;546
141;547
141;548
141;549
141;550
141;551
141;552
141;553
141;554
141;555
141;556
141;557
141;558
141;559
141;560
141;561
141;562
141;563
141;564
141;565
141;566
141;567
141;568
141;569
141;570
141;571
141;572
141;573
141;574
141;575
141;576
141;577
141;578
141;579
141;580
141;581
141;582
141;583
141;584
141;585
141;586
141;587
141;588
141;589
141;590
141;591
141;592
141;593
141;594
141;595
141;596
141;597
141;598
141;599
141;600
141;601
141;602
141;603
141;604
141;605
141;606
141;607
141;608
141;609
141;610
141;611
141;612
141;613
141;614
141;615
141;616
141;617
141;618
141;619
141;620
141;621
141;622
141;623
141;624
141;625
141;626
141;627
141;628
141;629
141;630
141;631
141;632
141;633
141;634
141;635
141;636
141;637
141;638
141;639
141;640
141;641
141;642
141;643
141;644
141;645
141;646
141;647
141;648
141;649
141;650
141;651
141;652
141;653
141;654
141;655
141;656
141;657
141;658
141;659
141;660
141;661
141;662
141;663
141;664
141;665
141;666
141;667
141;668
141;669
141;670
141;671
141;672
141;673
141;674
141;675
141;676
141;677
141;678
141;679
141;680
141;681
141;682
141;683
141;684
141;685
141;686
141;687
141;688
141;689
141;690
141;691
141;692
141;693
141;694
141;695
141;696
141;697
141;698
141;699
141;700
141;701
141;702
141;703
141;704
141;705
141;706
141;707
141;708
141;709
141;710
141;711
141;712
141;713
141;714
141;715
141;716
142;446
142;447
142;448
142;449
142;450
142;451
142;452
142;453
142;454
142;455
142;456
142;457
142;458
142;459
142;460
142;461
142;462
142;463
142;464
142;465
142;466
142;467
142;468
142;469
142;470
142;471
142;472
142;473
142;474
142;475
142;476
142;477
142;478
142;479
142;480
142;481
142;482
142;483
142;484
142;485
142;486
142;487
142;488
142;489
142;490
142;491
142;492
142;493
142;494
142;495
142;496
142;497
142;498
142;499
142;500
142;501
142;502
142;503
142;504
142;505
142;506
142;507
142;508
142;509
142;510
142;511
142;512
142;513
142;514
142;515
142;516
142;517
142;518
142;519
142;520
142;521
142;522
142;523
142;524
142;525
142;526
142;527
142;528
142;529
142;530
142;531
142;532
142;533
142;534
142;535
142;536
142;537
142;538
142;539
142;540
142;541
142;542
142;543
142;544
142;545
142;546
142;547
142;548
142;549
142;550
142;551
142;552
142;553
142;554
142;555
142;556
142;557
142;558
142;559
142;560
142;561
142;562
142;563
142;564
142;565
142;566
142;567
142;568
142;569
142;570
142;571
142;572
142;573
142;574
142;575
142;576
142;577
142;578
142;579
142;580
142;581
142;582
142;583
142;584
142;585
142;586
142;587
142;588
142;589
142;590
142;591
142;592
142;593
142;594
142;595
142;596
142;597
142;598
142;599
142;600
142;601
142;602
142;603
142;604
142;605
142;606
142;607
142;608
142;609
142;610
142;611
142;612
142;613
142;614
142;615
142;616
142;617
142;618
142;619
142;620
142;621
142;622
142;623
142;624
142;625
142;626
142;627
142;628
142;629
142;630
142;631
142;632
142;633
142;634
142;635
142;636
142;637
142;638
142;639
142;640
142;641
142;642
142;643
142;644
142;645
142;646
142;647
142;648
142;649
142;650
142;651
142;652
142;653
142;654
142;655
142;656
142;657
142;658
142;659
142;660
142;661
142;662
142;663
142;664
142;665
142;666
142;667
142;668
142;669
142;670
142;671
142;672
142;673
142;674
142;675
142;676
142;677
142;678
142;679
142;680
142;681
142;682
142;683
142;684
142;685
142;686
142;687
142;688
142;689
142;690
142;691
142;692
142;693
142;694
142;695
142;696
142;697
142;698
142;699
142;700
142;701
142;702
142;703
142;704
142;705
142;706
142;707
142;708
142;709
142;710
142;711
142;712
142;713
142;714
142;715
142;716
143;447
143;448
143;449
143;450
143;451
143;452
143;453
143;454
143;455
143;456
143;457
143;458
143;459
143;460
143;461
143;462
143;463
143;464
143;465
143;466
143;467
143;468
143;469
143;470
143;471
143;472
143;473
143;474
143;475
143;476
143;477
143;478
143;479
143;480
143;481
143;482
143;483
143;484
143;485
143;486
143;487
143;488
143;489
143;490
143;491
143;492
143;493
143;494
143;495
143;496
143;497
143;498
143;499
143;500
143;501
143;502
143;503
143;504
143;505
143;506
143;507
143;508
143;509
143;510
143;511
143;512
143;513
143;514
143;515
143;516
143;517
143;518
143;519
143;520
143;521
143;522
143;523
143;524
143;525
143;526
143;527
143;528
143;529
143;530
143;531
143;532
143;533
143;534
143;535
143;536
143;537
143;538
143;539
143;540
143;541
143;542
143;543
143;544
143;545
143;546
143;547
143;548
143;549
143;550
143;551
143;552
143;553
143;554
143;555
143;556
143;557
143;558
143;559
143;560
143;561
143;562
143;563
143;564
143;565
143;566
143;567
143;568
143;569
143;570
143;571
143;572
143;573
143;574
143;575
143;576
143;577
143;578
143;579
143;580
143;581
143;582
143;583
143;584
143;585
143;586
143;587
143;588
143;589
143;590
143;591
143;592
143;593
143;594
143;595
143;596
143;597
143;598
143;599
143;600
143;601
143;602
143;603
143;604
143;605
143;606
143;607
143;608
143;609
143;610
143;611
143;612
143;613
143;614
143;615
143;616
143;617
143;618
143;619
143;620
143;621
143;622
143;623
143;624
143;625
143;626
143;627
143;628
143;629
143;630
143;631
143;632
143;633
143;634
143;635
143;636
143;637
143;638
143;639
143;640
143;641
143;642
143;643
143;644
143;645
143;646
143;647
143;648
143;649
143;650
143;651
143;652
143;653
143;654
143;655
143;656
143;657
143;658
143;659
143;660
143;661
143;662
143;663
143;664
143;665
143;666
143;667
143;668
143;669
143;670
143;671
143;672
143;673
143;674
143;675
143;676
143;677
143;678
143;679
143;680
143;681
143;682
143;683
143;684
143;685
143;686
143;687
143;688
143;689
143;690
143;691
143;692
143;693
143;694
143;695
143;696
143;697
143;698
143;699
143;700
143;701
143;702
143;703
143;704
143;705
143;706
143;707
143;708
143;709
143;710
143;711
143;712
143;713
143;714
143;715
143;716
144;447
144;448
144;449
144;450
144;451
144;452
144;453
144;454
144;455
144;456
144;457
144;458
144;459
144;460
144;461
144;462
144;463
144;464
144;465
144;466
144;467
144;468
144;469
144;470
144;471
144;472
144;473
144;474
144;475
144;476
144;477
144;478
144;479
144;480
144;481
144;482
144;483
144;484
144;485
144;486
144;487
144;488
144;489
144;490
144;491
144;492
144;493
144;494
144;495
144;496
144;497
144;498
144;499
144;500
144;501
144;502
144;503
144;504
144;505
144;506
144;507
144;508
144;509
144;510
144;511
144;512
144;513
144;514
144;515
144;516
144;517
144;518
144;519
144;520
144;521
144;522
144;523
144;524
144;525
144;526
144;527
144;528
144;529
144;530
144;531
144;532
144;533
144;534
144;535
144;536
144;537
144;538
144;539
144;540
144;541
144;542
144;543
144;544
144;545
144;546
144;547
144;548
144;549
144;550
144;551
144;552
144;553
144;554
144;555
144;556
144;557
144;558
144;559
144;560
144;561
144;562
144;563
144;564
144;565
144;566
144;567
144;568
144;569
144;570
144;571
144;572
144;573
144;574
144;575
144;576
144;577
144;578
144;579
144;580
144;581
144;582
144;583
144;584
144;585
144;586
144;587
144;588
144;589
144;590
144;591
144;592
144;593
144;594
144;595
144;596
144;597
144;598
144;599
144;600
144;601
144;602
144;603
144;604
144;605
144;606
144;607
144;608
144;609
144;610
144;611
144;612
144;613
144;614
144;615
144;616
144;617
144;618
144;619
144;620
144;621
144;622
144;623
144;624
144;625
144;626
144;627
144;628
144;629
144;630
144;631
144;632
144;633
144;634
144;635
144;636
144;637
144;638
144;639
144;640
144;641
144;642
144;643
144;644
144;645
144;646
144;647
144;648
144;649
144;650
144;651
144;652
144;653
144;654
144;655
144;656
144;657
144;658
144;659
144;660
144;661
144;662
144;663
144;664
144;665
144;666
144;667
144;668
144;669
144;670
144;671
144;672
144;673
144;674
144;675
144;676
144;677
144;678
144;679
144;680
144;681
144;682
144;683
144;684
144;685
144;686
144;687
144;688
144;689
144;690
144;691
144;692
144;693
144;694
144;695
144;696
144;697
144;698
144;699
144;700
144;701
144;702
144;703
144;704
144;705
144;706
144;707
144;708
144;709
144;710
144;711
144;712
144;713
144;714
144;715
144;716
145;447
145;448
145;449
145;450
145;451
145;452
145;453
145;454
145;455
145;456
145;457
145;458
145;459
145;460
145;461
145;462
145;463
145;464
145;465
145;466
145;467
145;468
145;469
145;470
145;471
145;472
145;473
145;474
145;475
145;476
145;477
145;478
145;479
145;480
145;481
145;482
145;483
145;484
145;485
145;486
145;487
145;488
145;489
145;490
145;491
145;492
145;493
145;494
145;495
145;496
145;497
145;498
145;499
145;500
145;501
145;502
145;503
145;504
145;505
145;506
145;507
145;508
145;509
145;510
145;511
145;512
145;513
145;514
145;515
145;516
145;517
145;518
145;519
145;520
145;521
145;522
145;523
145;524
145;525
145;526
145;527
145;528
145;529
145;530
145;531
145;532
145;533
145;534
145;535
145;536
145;537
145;538
145;539
145;540
145;541
145;542
145;543
145;544
145;545
145;546
145;547
145;548
145;549
145;550
145;551
145;552
145;553
145;554
145;555
145;556
145;557
145;558
145;559
145;560
145;561
145;562
145;563
145;564
145;565
145;566
145;567
145;568
145;569
145;570
145;571
145;572
145;573
145;574
145;575
145;576
145;577
145;578
145;579
145;580
145;581
145;582
145;583
145;584
145;585
145;586
145;587
145;588
145;589
145;590
145;591
145;592
145;593
145;594
145;595
145;596
145;597
145;598
145;599
145;600
145;601
145;602
145;603
145;604
145;605
145;606
145;607
145;608
145;609
145;610
145;611
145;612
145;613
145;614
145;615
145;616
145;617
145;618
145;619
145;620
145;621
145;622
145;623
145;624
145;625
145;626
145;627
145;628
145;629
145;630
145;631
145;632
145;633
145;634
145;635
145;636
145;637
145;638
145;639
145;640
145;641
145;642
145;643
145;644
145;645
145;646
145;647
145;648
145;649
145;650
145;651
145;652
145;653
145;654
145;655
145;656
145;657
145;658
145;659
145;660
145;661
145;662
145;663
145;664
145;665
145;666
145;667
145;668
145;669
145;670
145;671
145;672
145;673
145;674
145;675
145;676
145;677
145;678
145;679
145;680
145;681
145;682
145;683
145;684
145;685
145;686
145;687
145;688
145;689
145;690
145;691
145;692
145;693
145;694
145;695
145;696
145;697
145;698
145;699
145;700
145;701
145;702
145;703
145;704
145;705
145;706
145;707
145;708
145;709
145;710
145;711
145;712
145;713
145;714
145;715
145;716
146;448
146;449
146;450
146;451
146;452
146;453
146;454
146;455
146;456
146;457
146;458
146;459
146;460
146;461
146;462
146;463
146;464
146;465
146;466
146;467
146;468
146;469
146;470
146;471
146;472
146;473
146;474
146;475
146;476
146;477
146;478
146;479
146;480
146;481
146;482
146;483
146;484
146;485
146;486
146;487
146;488
146;489
146;490
146;491
146;492
146;493
146;494
146;495
146;496
146;497
146;498
146;499
146;500
146;501
146;502
146;503
146;504
146;505
146;506
146;507
146;508
146;509
146;510
146;511
146;512
146;513
146;514
146;515
146;516
146;517
146;518
146;519
146;520
146;521
146;522
146;523
146;524
146;525
146;526
146;527
146;528
146;529
146;530
146;531
146;532
146;533
146;534
146;535
146;536
146;537
146;538
146;539
146;540
146;541
146;542
146;543
146;544
146;545
146;546
146;547
146;548
146;549
146;550
146;551
146;552
146;553
146;554
146;555
146;556
146;557
146;558
146;559
146;560
146;561
146;562
146;563
146;564
146;565
146;566
146;567
146;568
146;569
146;570
146;571
146;572
146;573
146;574
146;575
146;576
146;577
146;578
146;579
146;580
146;581
146;582
146;583
146;584
146;585
146;586
146;587
146;588
146;589
146;590
146;591
146;592
146;593
146;594
146;595
146;596
146;597
146;598
146;599
146;600
146;601
146;602
146;603
146;604
146;605
146;606
146;607
146;608
146;609
146;610
146;611
146;612
146;613
146;614
146;615
146;616
146;617
146;618
146;619
146;620
146;621
146;622
146;623
146;624
146;625
146;626
146;627
146;628
146;629
146;630
146;631
146;632
146;633
146;634
146;635
146;636
146;637
146;638
146;639
146;640
146;641
146;642
146;643
146;644
146;645
146;646
146;647
146;648
146;649
146;650
146;651
146;652
146;653
146;654
146;655
146;656
146;657
146;658
146;659
146;660
146;661
146;662
146;663
146;664
146;665
146;666
146;667
146;668
146;669
146;670
146;671
146;672
146;673
146;674
146;675
146;676
146;677
146;678
146;679
146;680
146;681
146;682
146;683
146;684
146;685
146;686
146;687
146;688
146;689
146;690
146;691
146;692
146;693
146;694
146;695
146;696
146;697
146;698
146;699
146;700
146;701
146;702
146;703
146;704
146;705
146;706
146;707
146;708
146;709
146;710
146;711
146;712
146;713
146;714
146;715
146;716
147;448
147;449
147;450
147;451
147;452
147;453
147;454
147;455
147;456
147;457
147;458
147;459
147;460
147;461
147;462
147;463
147;464
147;465
147;466
147;467
147;468
147;469
147;470
147;471
147;472
147;473
147;474
147;475
147;476
147;477
147;478
147;479
147;480
147;481
147;482
147;483
147;484
147;485
147;486
147;487
147;488
147;489
147;490
147;491
147;492
147;493
147;494
147;495
147;496
147;497
147;498
147;499
147;500
147;501
147;502
147;503
147;504
147;505
147;506
147;507
147;508
147;509
147;510
147;511
147;512
147;513
147;514
147;515
147;516
147;517
147;518
147;519
147;520
147;521
147;522
147;523
147;524
147;525
147;526
147;527
147;528
147;529
147;530
147;531
147;532
147;533
147;534
147;535
147;536
147;537
147;538
147;539
147;540
147;541
147;542
147;543
147;544
147;545
147;546
147;547
147;548
147;549
147;550
147;551
147;552
147;553
147;554
147;555
147;556
147;557
147;558
147;559
147;560
147;561
147;562
147;563
147;564
147;565
147;566
147;567
147;568
147;569
147;570
147;571
147;572
147;573
147;574
147;575
147;576
147;577
147;578
147;579
147;580
147;581
147;582
147;583
147;584
147;585
147;586
147;587
147;588
147;589
147;590
147;591
147;592
147;593
147;594
147;595
147;596
147;597
147;598
147;599
147;600
147;601
147;602
147;603
147;604
147;605
147;606
147;607
147;608
147;609
147;610
147;611
147;612
147;613
147;614
147;615
147;616
147;617
147;618
147;619
147;620
147;621
147;622
147;623
147;624
147;625
147;626
147;627
147;628
147;629
147;630
147;631
147;632
147;633
147;634
147;635
147;636
147;637
147;638
147;639
147;640
147;641
147;642
147;643
147;644
147;645
147;646
147;647
147;648
147;649
147;650
147;651
147;652
147;653
147;654
147;655
147;656
147;657
147;658
147;659
147;660
147;661
147;662
147;663
147;664
147;665
147;666
147;667
147;668
147;669
147;670
147;671
147;672
147;673
147;674
147;675
147;676
147;677
147;678
147;679
147;680
147;681
147;682
147;683
147;684
147;685
147;686
147;687
147;688
147;689
147;690
147;691
147;692
147;693
147;694
147;695
147;696
147;697
147;698
147;699
147;700
147;701
147;702
147;703
147;704
147;705
147;706
147;707
147;708
147;709
147;710
147;711
147;712
147;713
147;714
147;715
147;716
148;448
148;449
148;450
148;451
148;452
148;453
148;454
148;455
148;456
148;457
148;458
148;459
148;460
148;461
148;462
148;463
148;464
148;465
148;466
148;467
148;468
148;469
148;470
148;471
148;472
148;473
148;474
148;475
148;476
148;477
148;478
148;479
148;480
148;481
148;482
148;483
148;484
148;485
148;486
148;487
148;488
148;489
148;490
148;491
148;492
148;493
148;494
148;495
148;496
148;497
148;498
148;499
148;500
148;501
148;502
148;503
148;504
148;505
148;506
148;507
148;508
148;509
148;510
148;511
148;512
148;513
148;514
148;515
148;516
148;517
148;518
148;519
148;520
148;521
148;522
148;523
148;524
148;525
148;526
148;527
148;528
148;529
148;530
148;531
148;532
148;533
148;534
148;535
148;536
148;537
148;538
148;539
148;540
148;541
148;542
148;543
148;544
148;545
148;546
148;547
148;548
148;549
148;550
148;551
148;552
148;553
148;554
148;555
148;556
148;557
148;558
148;559
148;560
148;561
148;562
148;563
148;564
148;565
148;566
148;567
148;568
148;569
148;570
148;571
148;572
148;573
148;574
148;575
148;576
148;577
148;578
148;579
148;580
148;581
148;582
148;583
148;584
148;585
148;586
148;587
148;588
148;589
148;590
148;591
148;592
148;593
148;594
148;595
148;596
148;597
148;598
148;599
148;600
148;601
148;602
148;603
148;604
148;605
148;606
148;607
148;608
148;609
148;610
148;611
148;612
148;613
148;614
148;615
148;616
148;617
148;618
148;619
148;620
148;621
148;622
148;623
148;624
148;625
148;626
148;627
148;628
148;629
148;630
148;631
148;632
148;633
148;634
148;635
148;636
148;637
148;638
148;639
148;640
148;641
148;642
148;643
148;644
148;645
148;646
148;647
148;648
148;649
148;650
148;651
148;652
148;653
148;654
148;655
148;656
148;657
148;658
148;659
148;660
148;661
148;662
148;663
148;664
148;665
148;666
148;667
148;668
148;669
148;670
148;671
148;672
148;673
148;674
148;675
148;676
148;677
148;678
148;679
148;680
148;681
148;682
148;683
148;684
148;685
148;686
148;687
148;688
148;689
148;690
148;691
148;692
148;693
148;694
148;695
148;696
148;697
148;698
148;699
148;700
148;701
148;702
148;703
148;704
148;705
148;706
148;707
148;708
148;709
148;710
148;711
148;712
148;713
148;714
148;715
148;716
149;448
149;449
149;450
149;451
149;452
149;453
149;454
149;455
149;456
149;457
149;458
149;459
149;460
149;461
149;462
149;463
149;464
149;465
149;466
149;467
149;468
149;469
149;470
149;471
149;472
149;473
149;474
149;475
149;476
149;477
149;478
149;479
149;480
149;481
149;482
149;483
149;484
149;485
149;486
149;487
149;488
149;489
149;490
149;491
149;492
149;493
149;494
149;495
149;496
149;497
149;498
149;499
149;500
149;501
149;502
149;503
149;504
149;505
149;506
149;507
149;508
149;509
149;510
149;511
149;512
149;513
149;514
149;515
149;516
149;517
149;518
149;519
149;520
149;521
149;522
149;523
149;524
149;525
149;526
149;527
149;528
149;529
149;530
149;531
149;532
149;533
149;534
149;535
149;536
149;537
149;538
149;539
149;540
149;541
149;542
149;543
149;544
149;545
149;546
149;547
149;548
149;549
149;550
149;551
149;552
149;553
149;554
149;555
149;556
149;557
149;558
149;559
149;560
149;561
149;562
149;563
149;564
149;565
149;566
149;567
149;568
149;569
149;570
149;571
149;572
149;573
149;574
149;575
149;576
149;577
149;578
149;579
149;580
149;581
149;582
149;583
149;584
149;585
149;586
149;587
149;588
149;589
149;590
149;591
149;592
149;593
149;594
149;595
149;596
149;597
149;598
149;599
149;600
149;601
149;602
149;603
149;604
149;605
149;606
149;607
149;608
149;609
149;610
149;611
149;612
149;613
149;614
149;615
149;616
149;617
149;618
149;619
149;620
149;621
149;622
149;623
149;624
149;625
149;626
149;627
149;628
149;629
149;630
149;631
149;632
149;633
149;634
149;635
149;636
149;637
149;638
149;639
149;640
149;641
149;642
149;643
149;644
149;645
149;646
149;647
149;648
149;649
149;650
149;651
149;652
149;653
149;654
149;655
149;656
149;657
149;658
149;659
149;660
149;661
149;662
149;663
149;664
149;665
149;666
149;667
149;668
149;669
149;670
149;671
149;672
149;673
149;674
149;675
149;676
149;677
149;678
149;679
149;680
149;681
149;682
149;683
149;684
149;685
149;686
149;687
149;688
149;689
149;690
149;691
149;692
149;693
149;694
149;695
149;696
149;697
149;698
149;699
149;700
149;701
149;702
149;703
149;704
149;705
149;706
149;707
149;708
149;709
149;710
149;711
149;712
149;713
149;714
149;715
149;716
150;449
150;450
150;451
150;452
150;453
150;454
150;455
150;456
150;457
150;458
150;459
150;460
150;461
150;462
150;463
150;464
150;465
150;466
150;467
150;468
150;469
150;470
150;471
150;472
150;473
150;474
150;475
150;476
150;477
150;478
150;479
150;480
150;481
150;482
150;483
150;484
150;485
150;486
150;487
150;488
150;489
150;490
150;491
150;492
150;493
150;494
150;495
150;496
150;497
150;498
150;499
150;500
150;501
150;502
150;503
150;504
150;505
150;506
150;507
150;508
150;509
150;510
150;511
150;512
150;513
150;514
150;515
150;516
150;517
150;518
150;519
150;520
150;521
150;522
150;523
150;524
150;525
150;526
150;527
150;528
150;529
150;530
150;531
150;532
150;533
150;534
150;535
150;536
150;537
150;538
150;539
150;540
150;541
150;542
150;543
150;544
150;545
150;546
150;547
150;548
150;549
150;550
150;551
150;552
150;553
150;554
150;555
150;556
150;557
150;558
150;559
150;560
150;561
150;562
150;563
150;564
150;565
150;566
150;567
150;568
150;569
150;570
150;571
150;572
150;573
150;574
150;575
150;576
150;577
150;578
150;579
150;580
150;581
150;582
150;583
150;584
150;585
150;586
150;587
150;588
150;589
150;590
150;591
150;592
150;593
150;594
150;595
150;596
150;597
150;598
150;599
150;600
150;601
150;602
150;603
150;604
150;605
150;606
150;607
150;608
150;609
150;610
150;611
150;612
150;613
150;614
150;615
150;616
150;617
150;618
150;619
150;620
150;621
150;622
150;623
150;624
150;625
150;626
150;627
150;628
150;629
150;630
150;631
150;632
150;633
150;634
150;635
150;636
150;637
150;638
150;639
150;640
150;641
150;642
150;643
150;644
150;645
150;646
150;647
150;648
150;649
150;650
150;651
150;652
150;653
150;654
150;655
150;656
150;657
150;658
150;659
150;660
150;661
150;662
150;663
150;664
150;665
150;666
150;667
150;668
150;669
150;670
150;671
150;672
150;673
150;674
150;675
150;676
150;677
150;678
150;679
150;680
150;681
150;682
150;683
150;684
150;685
150;686
150;687
150;688
150;689
150;690
150;691
150;692
150;693
150;694
150;695
150;696
150;697
150;698
150;699
150;700
150;701
150;702
150;703
150;704
150;705
150;706
150;707
150;708
150;709
150;710
150;711
150;712
150;713
150;714
150;715
150;716
151;449
151;450
151;451
151;452
151;453
151;454
151;455
151;456
151;457
151;458
151;459
151;460
151;461
151;462
151;463
151;464
151;465
151;466
151;467
151;468
151;469
151;470
151;471
151;472
151;473
151;474
151;475
151;476
151;477
151;478
151;479
151;480
151;481
151;482
151;483
151;484
151;485
151;486
151;487
151;488
151;489
151;490
151;491
151;492
151;493
151;494
151;495
151;496
151;497
151;498
151;499
151;500
151;501
151;502
151;503
151;504
151;505
151;506
151;507
151;508
151;509
151;510
151;511
151;512
151;513
151;514
151;515
151;516
151;517
151;518
151;519
151;520
151;521
151;522
151;523
151;524
151;525
151;526
151;527
151;528
151;529
151;530
151;531
151;532
151;533
151;534
151;535
151;536
151;537
151;538
151;539
151;540
151;541
151;542
151;543
151;544
151;545
151;546
151;547
151;548
151;549
151;550
151;551
151;552
151;553
151;554
151;555
151;556
151;557
151;558
151;559
151;560
151;561
151;562
151;563
151;564
151;565
151;566
151;567
151;568
151;569
151;570
151;571
151;572
151;573
151;574
151;575
151;576
151;577
151;578
151;579
151;580
151;581
151;582
151;583
151;584
151;585
151;586
151;587
151;588
151;589
151;590
151;591
151;592
151;593
151;594
151;595
151;596
151;597
151;598
151;599
151;600
151;601
151;602
151;603
151;604
151;605
151;606
151;607
151;608
151;609
151;610
151;611
151;612
151;613
151;614
151;615
151;616
151;617
151;618
151;619
151;620
151;621
151;622
151;623
151;624
151;625
151;626
151;627
151;628
151;629
151;630
151;631
151;632
151;633
151;634
151;635
151;636
151;637
151;638
151;639
151;640
151;641
151;642
151;643
151;644
151;645
151;646
151;647
151;648
151;649
151;650
151;651
151;652
151;653
151;654
151;655
151;656
151;657
151;658
151;659
151;660
151;661
151;662
151;663
151;664
151;665
151;666
151;667
151;668
151;669
151;670
151;671
151;672
151;673
151;674
151;675
151;676
151;677
151;678
151;679
151;680
151;681
151;682
151;683
151;684
151;685
151;686
151;687
151;688
151;689
151;690
151;691
151;692
151;693
151;694
151;695
151;696
151;697
151;698
151;699
151;700
151;701
151;702
151;703
151;704
151;705
151;706
151;707
151;708
151;709
151;710
151;711
151;712
151;713
151;714
151;715
152;449
152;450
152;451
152;452
152;453
152;454
152;455
152;456
152;457
152;458
152;459
152;460
152;461
152;462
152;463
152;464
152;465
152;466
152;467
152;468
152;469
152;470
152;471
152;472
152;473
152;474
152;475
152;476
152;477
152;478
152;479
152;480
152;481
152;482
152;483
152;484
152;485
152;486
152;487
152;488
152;489
152;490
152;491
152;492
152;493
152;494
152;495
152;496
152;497
152;498
152;499
152;500
152;501
152;502
152;503
152;504
152;505
152;506
152;507
152;508
152;509
152;510
152;511
152;512
152;513
152;514
152;515
152;516
152;517
152;518
152;519
152;520
152;521
152;522
152;523
152;524
152;525
152;526
152;527
152;528
152;529
152;530
152;531
152;532
152;533
152;534
152;535
152;536
152;537
152;538
152;539
152;540
152;541
152;542
152;543
152;544
152;545
152;546
152;547
152;548
152;549
152;550
152;551
152;552
152;553
152;554
152;555
152;556
152;557
152;558
152;559
152;560
152;561
152;562
152;563
152;564
152;565
152;566
152;567
152;568
152;569
152;570
152;571
152;572
152;573
152;574
152;575
152;576
152;577
152;578
152;579
152;580
152;581
152;582
152;583
152;584
152;585
152;586
152;587
152;588
152;589
152;590
152;591
152;592
152;593
152;594
152;595
152;596
152;597
152;598
152;599
152;600
152;601
152;602
152;603
152;604
152;605
152;606
152;607
152;608
152;609
152;610
152;611
152;612
152;613
152;614
152;615
152;616
152;617
152;618
152;619
152;620
152;621
152;622
152;623
152;624
152;625
152;626
152;627
152;628
152;629
152;630
152;631
152;632
152;633
152;634
152;635
152;636
152;637
152;638
152;639
152;640
152;641
152;642
152;643
152;644
152;645
152;646
152;647
152;648
152;649
152;650
152;651
152;652
152;653
152;654
152;655
152;656
152;657
152;658
152;659
152;660
152;661
152;662
152;663
152;664
152;665
152;666
152;667
152;668
152;669
152;670
152;671
152;672
152;673
152;674
152;675
152;676
152;677
152;678
152;679
152;680
152;681
152;682
152;683
152;684
152;685
152;686
152;687
152;688
152;689
152;690
152;691
152;692
152;693
152;694
152;695
152;696
152;697
152;698
152;699
152;700
152;701
152;702
152;703
152;704
152;705
152;706
152;707
152;708
152;709
152;710
152;711
152;712
152;713
152;714
152;715
153;101
153;103
153;105
153;107
153;109
153;449
153;450
153;451
153;452
153;453
153;454
153;455
153;456
153;457
153;458
153;459
153;460
153;461
153;462
153;463
153;464
153;465
153;466
153;467
153;468
153;469
153;470
153;471
153;472
153;473
153;474
153;475
153;476
153;477
153;478
153;479
153;480
153;481
153;482
153;483
153;484
153;485
153;486
153;487
153;488
153;489
153;490
153;491
153;492
153;493
153;494
153;495
153;496
153;497
153;498
153;499
153;500
153;501
153;502
153;503
153;504
153;505
153;506
153;507
153;508
153;509
153;510
153;511
153;512
153;513
153;514
153;515
153;516
153;517
153;518
153;519
153;520
153;521
153;522
153;523
153;524
153;525
153;526
153;527
153;528
153;529
153;530
153;531
153;532
153;533
153;534
153;535
153;536
153;537
153;538
153;539
153;540
153;541
153;542
153;543
153;544
153;545
153;546
153;547
153;548
153;549
153;550
153;551
153;552
153;553
153;554
153;555
153;556
153;557
153;558
153;559
153;560
153;561
153;562
153;563
153;564
153;565
153;566
153;567
153;568
153;569
153;570
153;571
153;572
153;573
153;574
153;575
153;576
153;577
153;578
153;579
153;580
153;581
153;582
153;583
153;584
153;585
153;586
153;587
153;588
153;589
153;590
153;591
153;592
153;593
153;594
153;595
153;596
153;597
153;598
153;599
153;600
153;601
153;602
153;603
153;604
153;605
153;606
153;607
153;608
153;609
153;610
153;611
153;612
153;613
153;614
153;615
153;616
153;617
153;618
153;619
153;620
153;621
153;622
153;623
153;624
153;625
153;626
153;627
153;628
153;629
153;630
153;631
153;632
153;633
153;634
153;635
153;636
153;637
153;638
153;639
153;640
153;641
153;642
153;643
153;644
153;645
153;646
153;647
153;648
153;649
153;650
153;651
153;652
153;653
153;654
153;655
153;656
153;657
153;658
153;659
153;660
153;661
153;662
153;663
153;664
153;665
153;666
153;667
153;668
153;669
153;670
153;671
153;672
153;673
153;674
153;675
153;676
153;677
153;678
153;679
153;680
153;681
153;682
153;683
153;684
153;685
153;686
153;687
153;688
153;689
153;690
153;691
153;692
153;693
153;694
153;695
153;696
153;697
153;698
153;699
153;700
153;701
153;702
153;703
153;704
153;705
153;706
153;707
153;708
153;709
153;710
153;711
153;712
153;713
153;714
153;715
154;91
154;93
154;94
154;95
154;96
154;97
154;98
154;99
154;100
154;101
154;102
154;103
154;104
154;105
154;106
154;107
154;108
154;109
154;110
154;111
154;112
154;113
154;114
154;115
154;116
154;117
154;119
154;121
154;450
154;451
154;452
154;453
154;454
154;455
154;456
154;457
154;458
154;459
154;460
154;461
154;462
154;463
154;464
154;465
154;466
154;467
154;468
154;469
154;470
154;471
154;472
154;473
154;474
154;475
154;476
154;477
154;478
154;479
154;480
154;481
154;482
154;483
154;484
154;485
154;486
154;487
154;488
154;489
154;490
154;491
154;492
154;493
154;494
154;495
154;496
154;497
154;498
154;499
154;500
154;501
154;502
154;503
154;504
154;505
154;506
154;507
154;508
154;509
154;510
154;511
154;512
154;513
154;514
154;515
154;516
154;517
154;518
154;519
154;520
154;521
154;522
154;523
154;524
154;525
154;526
154;527
154;528
154;529
154;530
154;531
154;532
154;533
154;534
154;535
154;536
154;537
154;538
154;539
154;540
154;541
154;542
154;543
154;544
154;545
154;546
154;547
154;548
154;549
154;550
154;551
154;552
154;553
154;554
154;555
154;556
154;557
154;558
154;559
154;560
154;561
154;562
154;563
154;564
154;565
154;566
154;567
154;568
154;569
154;570
154;571
154;572
154;573
154;574
154;575
154;576
154;577
154;578
154;579
154;580
154;581
154;582
154;583
154;584
154;585
154;586
154;587
154;588
154;589
154;590
154;591
154;592
154;593
154;594
154;595
154;596
154;597
154;598
154;599
154;600
154;601
154;602
154;603
154;604
154;605
154;606
154;607
154;608
154;609
154;610
154;611
154;612
154;613
154;614
154;615
154;616
154;617
154;618
154;619
154;620
154;621
154;622
154;623
154;624
154;625
154;626
154;627
154;628
154;629
154;630
154;631
154;632
154;633
154;634
154;635
154;636
154;637
154;638
154;639
154;640
154;641
154;642
154;643
154;644
154;645
154;646
154;647
154;648
154;649
154;650
154;651
154;652
154;653
154;654
154;655
154;656
154;657
154;658
154;659
154;660
154;661
154;662
154;663
154;664
154;665
154;666
154;667
154;668
154;669
154;670
154;671
154;672
154;673
154;674
154;675
154;676
154;677
154;678
154;679
154;680
154;681
154;682
154;683
154;684
154;685
154;686
154;687
154;688
154;689
154;690
154;691
154;692
154;693
154;694
154;695
154;696
154;697
154;698
154;699
154;700
154;701
154;702
154;703
154;704
154;705
154;706
154;707
154;708
154;709
154;710
154;711
154;712
154;713
154;714
154;715
155;85
155;87
155;88
155;89
155;90
155;91
155;92
155;93
155;94
155;95
155;96
155;97
155;98
155;99
155;100
155;101
155;102
155;103
155;104
155;105
155;106
155;107
155;108
155;109
155;110
155;111
155;112
155;113
155;114
155;115
155;116
155;117
155;118
155;119
155;120
155;121
155;122
155;123
155;124
155;125
155;127
155;450
155;451
155;452
155;453
155;454
155;455
155;456
155;457
155;458
155;459
155;460
155;461
155;462
155;463
155;464
155;465
155;466
155;467
155;468
155;469
155;470
155;471
155;472
155;473
155;474
155;475
155;476
155;477
155;478
155;479
155;480
155;481
155;482
155;483
155;484
155;485
155;486
155;487
155;488
155;489
155;490
155;491
155;492
155;493
155;494
155;495
155;496
155;497
155;498
155;499
155;500
155;501
155;502
155;503
155;504
155;505
155;506
155;507
155;508
155;509
155;510
155;511
155;512
155;513
155;514
155;515
155;516
155;517
155;518
155;519
155;520
155;521
155;522
155;523
155;524
155;525
155;526
155;527
155;528
155;529
155;530
155;531
155;532
155;533
155;534
155;535
155;536
155;537
155;538
155;539
155;540
155;541
155;542
155;543
155;544
155;545
155;546
155;547
155;548
155;549
155;550
155;551
155;552
155;553
155;554
155;555
155;556
155;557
155;558
155;559
155;560
155;561
155;562
155;563
155;564
155;565
155;566
155;567
155;568
155;569
155;570
155;571
155;572
155;573
155;574
155;575
155;576
155;577
155;578
155;579
155;580
155;581
155;582
155;583
155;584
155;585
155;586
155;587
155;588
155;589
155;590
155;591
155;592
155;593
155;594
155;595
155;596
155;597
155;598
155;599
155;600
155;601
155;602
155;603
155;604
155;605
155;606
155;607
155;608
155;609
155;610
155;611
155;612
155;613
155;614
155;615
155;616
155;617
155;618
155;619
155;620
155;621
155;622
155;623
155;624
155;625
155;626
155;627
155;628
155;629
155;630
155;631
155;632
155;633
155;634
155;635
155;636
155;637
155;638
155;639
155;640
155;641
155;642
155;643
155;644
155;645
155;646
155;647
155;648
155;649
155;650
155;651
155;652
155;653
155;654
155;655
155;656
155;657
155;658
155;659
155;660
155;661
155;662
155;663
155;664
155;665
155;666
155;667
155;668
155;669
155;670
155;671
155;672
155;673
155;674
155;675
155;676
155;677
155;678
155;679
155;680
155;681
155;682
155;683
155;684
155;685
155;686
155;687
155;688
155;689
155;690
155;691
155;692
155;693
155;694
155;695
155;696
155;697
155;698
155;699
155;700
155;701
155;702
155;703
155;704
155;705
155;706
155;707
155;708
155;709
155;710
155;711
155;712
155;713
155;714
156;79
156;81
156;82
156;83
156;84
156;85
156;86
156;87
156;88
156;89
156;90
156;91
156;92
156;93
156;94
156;95
156;96
156;97
156;98
156;99
156;100
156;101
156;102
156;103
156;104
156;105
156;106
156;107
156;108
156;109
156;110
156;111
156;112
156;113
156;114
156;115
156;116
156;117
156;118
156;119
156;120
156;121
156;122
156;123
156;124
156;125
156;126
156;127
156;128
156;129
156;130
156;131
156;450
156;451
156;452
156;453
156;454
156;455
156;456
156;457
156;458
156;459
156;460
156;461
156;462
156;463
156;464
156;465
156;466
156;467
156;468
156;469
156;470
156;471
156;472
156;473
156;474
156;475
156;476
156;477
156;478
156;479
156;480
156;481
156;482
156;483
156;484
156;485
156;486
156;487
156;488
156;489
156;490
156;491
156;492
156;493
156;494
156;495
156;496
156;497
156;498
156;499
156;500
156;501
156;502
156;503
156;504
156;505
156;506
156;507
156;508
156;509
156;510
156;511
156;512
156;513
156;514
156;515
156;516
156;517
156;518
156;519
156;520
156;521
156;522
156;523
156;524
156;525
156;526
156;527
156;528
156;529
156;530
156;531
156;532
156;533
156;534
156;535
156;536
156;537
156;538
156;539
156;540
156;541
156;542
156;543
156;544
156;545
156;546
156;547
156;548
156;549
156;550
156;551
156;552
156;553
156;554
156;555
156;556
156;557
156;558
156;559
156;560
156;561
156;562
156;563
156;564
156;565
156;566
156;567
156;568
156;569
156;570
156;571
156;572
156;573
156;574
156;575
156;576
156;577
156;578
156;579
156;580
156;581
156;582
156;583
156;584
156;585
156;586
156;587
156;588
156;589
156;590
156;591
156;592
156;593
156;594
156;595
156;596
156;597
156;598
156;599
156;600
156;601
156;602
156;603
156;604
156;605
156;606
156;607
156;608
156;609
156;610
156;611
156;612
156;613
156;614
156;615
156;616
156;617
156;618
156;619
156;620
156;621
156;622
156;623
156;624
156;625
156;626
156;627
156;628
156;629
156;630
156;631
156;632
156;633
156;634
156;635
156;636
156;637
156;638
156;639
156;640
156;641
156;642
156;643
156;644
156;645
156;646
156;647
156;648
156;649
156;650
156;651
156;652
156;653
156;654
156;655
156;656
156;657
156;658
156;659
156;660
156;661
156;662
156;663
156;664
156;665
156;666
156;667
156;668
156;669
156;670
156;671
156;672
156;673
156;674
156;675
156;676
156;677
156;678
156;679
156;680
156;681
156;682
156;683
156;684
156;685
156;686
156;687
156;688
156;689
156;690
156;691
156;692
156;693
156;694
156;695
156;696
156;697
156;698
156;699
156;700
156;701
156;702
156;703
156;704
156;705
156;706
156;707
156;708
156;709
156;710
156;711
156;712
156;713
156;714
157;75
157;77
157;78
157;79
157;80
157;81
157;82
157;83
157;84
157;85
157;86
157;87
157;88
157;89
157;90
157;91
157;92
157;93
157;94
157;95
157;96
157;97
157;98
157;99
157;100
157;101
157;102
157;103
157;104
157;105
157;106
157;107
157;108
157;109
157;110
157;111
157;112
157;113
157;114
157;115
157;116
157;117
157;118
157;119
157;120
157;121
157;122
157;123
157;124
157;125
157;126
157;127
157;128
157;129
157;130
157;131
157;132
157;133
157;134
157;135
157;450
157;451
157;452
157;453
157;454
157;455
157;456
157;457
157;458
157;459
157;460
157;461
157;462
157;463
157;464
157;465
157;466
157;467
157;468
157;469
157;470
157;471
157;472
157;473
157;474
157;475
157;476
157;477
157;478
157;479
157;480
157;481
157;482
157;483
157;484
157;485
157;486
157;487
157;488
157;489
157;490
157;491
157;492
157;493
157;494
157;495
157;496
157;497
157;498
157;499
157;500
157;501
157;502
157;503
157;504
157;505
157;506
157;507
157;508
157;509
157;510
157;511
157;512
157;513
157;514
157;515
157;516
157;517
157;518
157;519
157;520
157;521
157;522
157;523
157;524
157;525
157;526
157;527
157;528
157;529
157;530
157;531
157;532
157;533
157;534
157;535
157;536
157;537
157;538
157;539
157;540
157;541
157;542
157;543
157;544
157;545
157;546
157;547
157;548
157;549
157;550
157;551
157;552
157;553
157;554
157;555
157;556
157;557
157;558
157;559
157;560
157;561
157;562
157;563
157;564
157;565
157;566
157;567
157;568
157;569
157;570
157;571
157;572
157;573
157;574
157;575
157;576
157;577
157;578
157;579
157;580
157;581
157;582
157;583
157;584
157;585
157;586
157;587
157;588
157;589
157;590
157;591
157;592
157;593
157;594
157;595
157;596
157;597
157;598
157;599
157;600
157;601
157;602
157;603
157;604
157;605
157;606
157;607
157;608
157;609
157;610
157;611
157;612
157;613
157;614
157;615
157;616
157;617
157;618
157;619
157;620
157;621
157;622
157;623
157;624
157;625
157;626
157;627
157;628
157;629
157;630
157;631
157;632
157;633
157;634
157;635
157;636
157;637
157;638
157;639
157;640
157;641
157;642
157;643
157;644
157;645
157;646
157;647
157;648
157;649
157;650
157;651
157;652
157;653
157;654
157;655
157;656
157;657
157;658
157;659
157;660
157;661
157;662
157;663
157;664
157;665
157;666
157;667
157;668
157;669
157;670
157;671
157;672
157;673
157;674
157;675
157;676
157;677
157;678
157;679
157;680
157;681
157;682
157;683
157;684
157;685
157;686
157;687
157;688
157;689
157;690
157;691
157;692
157;693
157;694
157;695
157;696
157;697
157;698
157;699
157;700
157;701
157;702
157;703
157;704
157;705
157;706
157;707
157;708
157;709
157;710
157;711
157;712
157;713
157;714
158;73
158;74
158;75
158;76
158;77
158;78
158;79
158;80
158;81
158;82
158;83
158;84
158;85
158;86
158;87
158;88
158;89
158;90
158;91
158;92
158;93
158;94
158;95
158;96
158;97
158;98
158;99
158;100
158;101
158;102
158;103
158;104
158;105
158;106
158;107
158;108
158;109
158;110
158;111
158;112
158;113
158;114
158;115
158;116
158;117
158;118
158;119
158;120
158;121
158;122
158;123
158;124
158;125
158;126
158;127
158;128
158;129
158;130
158;131
158;132
158;133
158;134
158;135
158;136
158;137
158;138
158;139
158;451
158;452
158;453
158;454
158;455
158;456
158;457
158;458
158;459
158;460
158;461
158;462
158;463
158;464
158;465
158;466
158;467
158;468
158;469
158;470
158;471
158;472
158;473
158;474
158;475
158;476
158;477
158;478
158;479
158;480
158;481
158;482
158;483
158;484
158;485
158;486
158;487
158;488
158;489
158;490
158;491
158;492
158;493
158;494
158;495
158;496
158;497
158;498
158;499
158;500
158;501
158;502
158;503
158;504
158;505
158;506
158;507
158;508
158;509
158;510
158;511
158;512
158;513
158;514
158;515
158;516
158;517
158;518
158;519
158;520
158;521
158;522
158;523
158;524
158;525
158;526
158;527
158;528
158;529
158;530
158;531
158;532
158;533
158;534
158;535
158;536
158;537
158;538
158;539
158;540
158;541
158;542
158;543
158;544
158;545
158;546
158;547
158;548
158;549
158;550
158;551
158;552
158;553
158;554
158;555
158;556
158;557
158;558
158;559
158;560
158;561
158;562
158;563
158;564
158;565
158;566
158;567
158;568
158;569
158;570
158;571
158;572
158;573
158;574
158;575
158;576
158;577
158;578
158;579
158;580
158;581
158;582
158;583
158;584
158;585
158;586
158;587
158;588
158;589
158;590
158;591
158;592
158;593
158;594
158;595
158;596
158;597
158;598
158;599
158;600
158;601
158;602
158;603
158;604
158;605
158;606
158;607
158;608
158;609
158;610
158;611
158;612
158;613
158;614
158;615
158;616
158;617
158;618
158;619
158;620
158;621
158;622
158;623
158;624
158;625
158;626
158;627
158;628
158;629
158;630
158;631
158;632
158;633
158;634
158;635
158;636
158;637
158;638
158;639
158;640
158;641
158;642
158;643
158;644
158;645
158;646
158;647
158;648
158;649
158;650
158;651
158;652
158;653
158;654
158;655
158;656
158;657
158;658
158;659
158;660
158;661
158;662
158;663
158;664
158;665
158;666
158;667
158;668
158;669
158;670
158;671
158;672
158;673
158;674
158;675
158;676
158;677
158;678
158;679
158;680
158;681
158;682
158;683
158;684
158;685
158;686
158;687
158;688
158;689
158;690
158;691
158;692
158;693
158;694
158;695
158;696
158;697
158;698
158;699
158;700
158;701
158;702
158;703
158;704
158;705
158;706
158;707
158;708
158;709
158;710
158;711
158;712
158;713
158;714
159;69
159;70
159;71
159;72
159;73
159;74
159;75
159;76
159;77
159;78
159;79
159;80
159;81
159;82
159;83
159;84
159;85
159;86
159;87
159;88
159;89
159;90
159;91
159;92
159;93
159;94
159;95
159;96
159;97
159;98
159;99
159;100
159;101
159;102
159;103
159;104
159;105
159;106
159;107
159;108
159;109
159;110
159;111
159;112
159;113
159;114
159;115
159;116
159;117
159;118
159;119
159;120
159;121
159;122
159;123
159;124
159;125
159;126
159;127
159;128
159;129
159;130
159;131
159;132
159;133
159;134
159;135
159;136
159;137
159;138
159;139
159;140
159;141
159;143
159;451
159;452
159;453
159;454
159;455
159;456
159;457
159;458
159;459
159;460
159;461
159;462
159;463
159;464
159;465
159;466
159;467
159;468
159;469
159;470
159;471
159;472
159;473
159;474
159;475
159;476
159;477
159;478
159;479
159;480
159;481
159;482
159;483
159;484
159;485
159;486
159;487
159;488
159;489
159;490
159;491
159;492
159;493
159;494
159;495
159;496
159;497
159;498
159;499
159;500
159;501
159;502
159;503
159;504
159;505
159;506
159;507
159;508
159;509
159;510
159;511
159;512
159;513
159;514
159;515
159;516
159;517
159;518
159;519
159;520
159;521
159;522
159;523
159;524
159;525
159;526
159;527
159;528
159;529
159;530
159;531
159;532
159;533
159;534
159;535
159;536
159;537
159;538
159;539
159;540
159;541
159;542
159;543
159;544
159;545
159;546
159;547
159;548
159;549
159;550
159;551
159;552
159;553
159;554
159;555
159;556
159;557
159;558
159;559
159;560
159;561
159;562
159;563
159;564
159;565
159;566
159;567
159;568
159;569
159;570
159;571
159;572
159;573
159;574
159;575
159;576
159;577
159;578
159;579
159;580
159;581
159;582
159;583
159;584
159;585
159;586
159;587
159;588
159;589
159;590
159;591
159;592
159;593
159;594
159;595
159;596
159;597
159;598
159;599
159;600
159;601
159;602
159;603
159;604
159;605
159;606
159;607
159;608
159;609
159;610
159;611
159;612
159;613
159;614
159;615
159;616
159;617
159;618
159;619
159;620
159;621
159;622
159;623
159;624
159;625
159;626
159;627
159;628
159;629
159;630
159;631
159;632
159;633
159;634
159;635
159;636
159;637
159;638
159;639
159;640
159;641
159;642
159;643
159;644
159;645
159;646
159;647
159;648
159;649
159;650
159;651
159;652
159;653
159;654
159;655
159;656
159;657
159;658
159;659
159;660
159;661
159;662
159;663
159;664
159;665
159;666
159;667
159;668
159;669
159;670
159;671
159;672
159;673
159;674
159;675
159;676
159;677
159;678
159;679
159;680
159;681
159;682
159;683
159;684
159;685
159;686
159;687
159;688
159;689
159;690
159;691
159;692
159;693
159;694
159;695
159;696
159;697
159;698
159;699
159;700
159;701
159;702
159;703
159;704
159;705
159;706
159;707
159;708
159;709
159;710
159;711
159;712
159;713
160;67
160;68
160;69
160;70
160;71
160;72
160;73
160;74
160;75
160;76
160;77
160;78
160;79
160;80
160;81
160;82
160;83
160;84
160;85
160;86
160;87
160;88
160;89
160;90
160;91
160;92
160;93
160;94
160;95
160;96
160;97
160;98
160;99
160;100
160;101
160;102
160;103
160;104
160;105
160;106
160;107
160;108
160;109
160;110
160;111
160;112
160;113
160;114
160;115
160;116
160;117
160;118
160;119
160;120
160;121
160;122
160;123
160;124
160;125
160;126
160;127
160;128
160;129
160;130
160;131
160;132
160;133
160;134
160;135
160;136
160;137
160;138
160;139
160;140
160;141
160;142
160;143
160;144
160;145
160;451
160;452
160;453
160;454
160;455
160;456
160;457
160;458
160;459
160;460
160;461
160;462
160;463
160;464
160;465
160;466
160;467
160;468
160;469
160;470
160;471
160;472
160;473
160;474
160;475
160;476
160;477
160;478
160;479
160;480
160;481
160;482
160;483
160;484
160;485
160;486
160;487
160;488
160;489
160;490
160;491
160;492
160;493
160;494
160;495
160;496
160;497
160;498
160;499
160;500
160;501
160;502
160;503
160;504
160;505
160;506
160;507
160;508
160;509
160;510
160;511
160;512
160;513
160;514
160;515
160;516
160;517
160;518
160;519
160;520
160;521
160;522
160;523
160;524
160;525
160;526
160;527
160;528
160;529
160;530
160;531
160;532
160;533
160;534
160;535
160;536
160;537
160;538
160;539
160;540
160;541
160;542
160;543
160;544
160;545
160;546
160;547
160;548
160;549
160;550
160;551
160;552
160;553
160;554
160;555
160;556
160;557
160;558
160;559
160;560
160;561
160;562
160;563
160;564
160;565
160;566
160;567
160;568
160;569
160;570
160;571
160;572
160;573
160;574
160;575
160;576
160;577
160;578
160;579
160;580
160;581
160;582
160;583
160;584
160;585
160;586
160;587
160;588
160;589
160;590
160;591
160;592
160;593
160;594
160;595
160;596
160;597
160;598
160;599
160;600
160;601
160;602
160;603
160;604
160;605
160;606
160;607
160;608
160;609
160;610
160;611
160;612
160;613
160;614
160;615
160;616
160;617
160;618
160;619
160;620
160;621
160;622
160;623
160;624
160;625
160;626
160;627
160;628
160;629
160;630
160;631
160;632
160;633
160;634
160;635
160;636
160;637
160;638
160;639
160;640
160;641
160;642
160;643
160;644
160;645
160;646
160;647
160;648
160;649
160;650
160;651
160;652
160;653
160;654
160;655
160;656
160;657
160;658
160;659
160;660
160;661
160;662
160;663
160;664
160;665
160;666
160;667
160;668
160;669
160;670
160;671
160;672
160;673
160;674
160;675
160;676
160;677
160;678
160;679
160;680
160;681
160;682
160;683
160;684
160;685
160;686
160;687
160;688
160;689
160;690
160;691
160;692
160;693
160;694
160;695
160;696
160;697
160;698
160;699
160;700
160;701
160;702
160;703
160;704
160;705
160;706
160;707
160;708
160;709
160;710
160;711
160;712
160;713
161;63
161;64
161;65
161;66
161;67
161;68
161;69
161;70
161;71
161;72
161;73
161;74
161;75
161;76
161;77
161;78
161;79
161;80
161;81
161;82
161;83
161;84
161;85
161;86
161;87
161;88
161;89
161;90
161;91
161;92
161;93
161;94
161;95
161;96
161;97
161;98
161;99
161;100
161;101
161;102
161;103
161;104
161;105
161;106
161;107
161;108
161;109
161;110
161;111
161;112
161;113
161;114
161;115
161;116
161;117
161;118
161;119
161;120
161;121
161;122
161;123
161;124
161;125
161;126
161;127
161;128
161;129
161;130
161;131
161;132
161;133
161;134
161;135
161;136
161;137
161;138
161;139
161;140
161;141
161;142
161;143
161;144
161;145
161;146
161;147
161;452
161;453
161;454
161;455
161;456
161;457
161;458
161;459
161;460
161;461
161;462
161;463
161;464
161;465
161;466
161;467
161;468
161;469
161;470
161;471
161;472
161;473
161;474
161;475
161;476
161;477
161;478
161;479
161;480
161;481
161;482
161;483
161;484
161;485
161;486
161;487
161;488
161;489
161;490
161;491
161;492
161;493
161;494
161;495
161;496
161;497
161;498
161;499
161;500
161;501
161;502
161;503
161;504
161;505
161;506
161;507
161;508
161;509
161;510
161;511
161;512
161;513
161;514
161;515
161;516
161;517
161;518
161;519
161;520
161;521
161;522
161;523
161;524
161;525
161;526
161;527
161;528
161;529
161;530
161;531
161;532
161;533
161;534
161;535
161;536
161;537
161;538
161;539
161;540
161;541
161;542
161;543
161;544
161;545
161;546
161;547
161;548
161;549
161;550
161;551
161;552
161;553
161;554
161;555
161;556
161;557
161;558
161;559
161;560
161;561
161;562
161;563
161;564
161;565
161;566
161;567
161;568
161;569
161;570
161;571
161;572
161;573
161;574
161;575
161;576
161;577
161;578
161;579
161;580
161;581
161;582
161;583
161;584
161;585
161;586
161;587
161;588
161;589
161;590
161;591
161;592
161;593
161;594
161;595
161;596
161;597
161;598
161;599
161;600
161;601
161;602
161;603
161;604
161;605
161;606
161;607
161;608
161;609
161;610
161;611
161;612
161;613
161;614
161;615
161;616
161;617
161;618
161;619
161;620
161;621
161;622
161;623
161;624
161;625
161;626
161;627
161;628
161;629
161;630
161;631
161;632
161;633
161;634
161;635
161;636
161;637
161;638
161;639
161;640
161;641
161;642
161;643
161;644
161;645
161;646
161;647
161;648
161;649
161;650
161;651
161;652
161;653
161;654
161;655
161;656
161;657
161;658
161;659
161;660
161;661
161;662
161;663
161;664
161;665
161;666
161;667
161;668
161;669
161;670
161;671
161;672
161;673
161;674
161;675
161;676
161;677
161;678
161;679
161;680
161;681
161;682
161;683
161;684
161;685
161;686
161;687
161;688
161;689
161;690
161;691
161;692
161;693
161;694
161;695
161;696
161;697
161;698
161;699
161;700
161;701
161;702
161;703
161;704
161;705
161;706
161;707
161;708
161;709
161;710
161;711
161;712
162;61
162;62
162;63
162;64
162;65
162;66
162;67
162;68
162;69
162;70
162;71
162;72
162;73
162;74
162;75
162;76
162;77
162;78
162;79
162;80
162;81
162;82
162;83
162;84
162;85
162;86
162;87
162;88
162;89
162;90
162;91
162;92
162;93
162;94
162;95
162;96
162;97
162;98
162;99
162;100
162;101
162;102
162;103
162;104
162;105
162;106
162;107
162;108
162;109
162;110
162;111
162;112
162;113
162;114
162;115
162;116
162;117
162;118
162;119
162;120
162;121
162;122
162;123
162;124
162;125
162;126
162;127
162;128
162;129
162;130
162;131
162;132
162;133
162;134
162;135
162;136
162;137
162;138
162;139
162;140
162;141
162;142
162;143
162;144
162;145
162;146
162;147
162;148
162;149
162;452
162;453
162;454
162;455
162;456
162;457
162;458
162;459
162;460
162;461
162;462
162;463
162;464
162;465
162;466
162;467
162;468
162;469
162;470
162;471
162;472
162;473
162;474
162;475
162;476
162;477
162;478
162;479
162;480
162;481
162;482
162;483
162;484
162;485
162;486
162;487
162;488
162;489
162;490
162;491
162;492
162;493
162;494
162;495
162;496
162;497
162;498
162;499
162;500
162;501
162;502
162;503
162;504
162;505
162;506
162;507
162;508
162;509
162;510
162;511
162;512
162;513
162;514
162;515
162;516
162;517
162;518
162;519
162;520
162;521
162;522
162;523
162;524
162;525
162;526
162;527
162;528
162;529
162;530
162;531
162;532
162;533
162;534
162;535
162;536
162;537
162;538
162;539
162;540
162;541
162;542
162;543
162;544
162;545
162;546
162;547
162;548
162;549
162;550
162;551
162;552
162;553
162;554
162;555
162;556
162;557
162;558
162;559
162;560
162;561
162;562
162;563
162;564
162;565
162;566
162;567
162;568
162;569
162;570
162;571
162;572
162;573
162;574
162;575
162;576
162;577
162;578
162;579
162;580
162;581
162;582
162;583
162;584
162;585
162;586
162;587
162;588
162;589
162;590
162;591
162;592
162;593
162;594
162;595
162;596
162;597
162;598
162;599
162;600
162;601
162;602
162;603
162;604
162;605
162;606
162;607
162;608
162;609
162;610
162;611
162;612
162;613
162;614
162;615
162;616
162;617
162;618
162;619
162;620
162;621
162;622
162;623
162;624
162;625
162;626
162;627
162;628
162;629
162;630
162;631
162;632
162;633
162;634
162;635
162;636
162;637
162;638
162;639
162;640
162;641
162;642
162;643
162;644
162;645
162;646
162;647
162;648
162;649
162;650
162;651
162;652
162;653
162;654
162;655
162;656
162;657
162;658
162;659
162;660
162;661
162;662
162;663
162;664
162;665
162;666
162;667
162;668
162;669
162;670
162;671
162;672
162;673
162;674
162;675
162;676
162;677
162;678
162;679
162;680
162;681
162;682
162;683
162;684
162;685
162;686
162;687
162;688
162;689
162;690
162;691
162;692
162;693
162;694
162;695
162;696
162;697
162;698
162;699
162;700
162;701
162;702
162;703
162;704
162;705
162;706
162;707
162;708
162;709
162;710
162;711
162;712
163;59
163;60
163;61
163;62
163;63
163;64
163;65
163;66
163;67
163;68
163;69
163;70
163;71
163;72
163;73
163;74
163;75
163;76
163;77
163;78
163;79
163;80
163;81
163;82
163;83
163;84
163;85
163;86
163;87
163;88
163;89
163;90
163;91
163;92
163;93
163;94
163;95
163;96
163;97
163;98
163;99
163;100
163;101
163;102
163;103
163;104
163;105
163;106
163;107
163;108
163;109
163;110
163;111
163;112
163;113
163;114
163;115
163;116
163;117
163;118
163;119
163;120
163;121
163;122
163;123
163;124
163;125
163;126
163;127
163;128
163;129
163;130
163;131
163;132
163;133
163;134
163;135
163;136
163;137
163;138
163;139
163;140
163;141
163;142
163;143
163;144
163;145
163;146
163;147
163;148
163;149
163;150
163;151
163;152
163;153
163;452
163;453
163;454
163;455
163;456
163;457
163;458
163;459
163;460
163;461
163;462
163;463
163;464
163;465
163;466
163;467
163;468
163;469
163;470
163;471
163;472
163;473
163;474
163;475
163;476
163;477
163;478
163;479
163;480
163;481
163;482
163;483
163;484
163;485
163;486
163;487
163;488
163;489
163;490
163;491
163;492
163;493
163;494
163;495
163;496
163;497
163;498
163;499
163;500
163;501
163;502
163;503
163;504
163;505
163;506
163;507
163;508
163;509
163;510
163;511
163;512
163;513
163;514
163;515
163;516
163;517
163;518
163;519
163;520
163;521
163;522
163;523
163;524
163;525
163;526
163;527
163;528
163;529
163;530
163;531
163;532
163;533
163;534
163;535
163;536
163;537
163;538
163;539
163;540
163;541
163;542
163;543
163;544
163;545
163;546
163;547
163;548
163;549
163;550
163;551
163;552
163;553
163;554
163;555
163;556
163;557
163;558
163;559
163;560
163;561
163;562
163;563
163;564
163;565
163;566
163;567
163;568
163;569
163;570
163;571
163;572
163;573
163;574
163;575
163;576
163;577
163;578
163;579
163;580
163;581
163;582
163;583
163;584
163;585
163;586
163;587
163;588
163;589
163;590
163;591
163;592
163;593
163;594
163;595
163;596
163;597
163;598
163;599
163;600
163;601
163;602
163;603
163;604
163;605
163;606
163;607
163;608
163;609
163;610
163;611
163;612
163;613
163;614
163;615
163;616
163;617
163;618
163;619
163;620
163;621
163;622
163;623
163;624
163;625
163;626
163;627
163;628
163;629
163;630
163;631
163;632
163;633
163;634
163;635
163;636
163;637
163;638
163;639
163;640
163;641
163;642
163;643
163;644
163;645
163;646
163;647
163;648
163;649
163;650
163;651
163;652
163;653
163;654
163;655
163;656
163;657
163;658
163;659
163;660
163;661
163;662
163;663
163;664
163;665
163;666
163;667
163;668
163;669
163;670
163;671
163;672
163;673
163;674
163;675
163;676
163;677
163;678
163;679
163;680
163;681
163;682
163;683
163;684
163;685
163;686
163;687
163;688
163;689
163;690
163;691
163;692
163;693
163;694
163;695
163;696
163;697
163;698
163;699
163;700
163;701
163;702
163;703
163;704
163;705
163;706
163;707
163;708
163;709
163;710
163;711
163;712
164;57
164;58
164;59
164;60
164;61
164;62
164;63
164;64
164;65
164;66
164;67
164;68
164;69
164;70
164;71
164;72
164;73
164;74
164;75
164;76
164;77
164;78
164;79
164;80
164;81
164;82
164;83
164;84
164;85
164;86
164;87
164;88
164;89
164;90
164;91
164;92
164;93
164;94
164;95
164;96
164;97
164;98
164;99
164;100
164;101
164;102
164;103
164;104
164;105
164;106
164;107
164;108
164;109
164;110
164;111
164;112
164;113
164;114
164;115
164;116
164;117
164;118
164;119
164;120
164;121
164;122
164;123
164;124
164;125
164;126
164;127
164;128
164;129
164;130
164;131
164;132
164;133
164;134
164;135
164;136
164;137
164;138
164;139
164;140
164;141
164;142
164;143
164;144
164;145
164;146
164;147
164;148
164;149
164;150
164;151
164;152
164;153
164;154
164;155
164;452
164;453
164;454
164;455
164;456
164;457
164;458
164;459
164;460
164;461
164;462
164;463
164;464
164;465
164;466
164;467
164;468
164;469
164;470
164;471
164;472
164;473
164;474
164;475
164;476
164;477
164;478
164;479
164;480
164;481
164;482
164;483
164;484
164;485
164;486
164;487
164;488
164;489
164;490
164;491
164;492
164;493
164;494
164;495
164;496
164;497
164;498
164;499
164;500
164;501
164;502
164;503
164;504
164;505
164;506
164;507
164;508
164;509
164;510
164;511
164;512
164;513
164;514
164;515
164;516
164;517
164;518
164;519
164;520
164;521
164;522
164;523
164;524
164;525
164;526
164;527
164;528
164;529
164;530
164;531
164;532
164;533
164;534
164;535
164;536
164;537
164;538
164;539
164;540
164;541
164;542
164;543
164;544
164;545
164;546
164;547
164;548
164;549
164;550
164;551
164;552
164;553
164;554
164;555
164;556
164;557
164;558
164;559
164;560
164;561
164;562
164;563
164;564
164;565
164;566
164;567
164;568
164;569
164;570
164;571
164;572
164;573
164;574
164;575
164;576
164;577
164;578
164;579
164;580
164;581
164;582
164;583
164;584
164;585
164;586
164;587
164;588
164;589
164;590
164;591
164;592
164;593
164;594
164;595
164;596
164;597
164;598
164;599
164;600
164;601
164;602
164;603
164;604
164;605
164;606
164;607
164;608
164;609
164;610
164;611
164;612
164;613
164;614
164;615
164;616
164;617
164;618
164;619
164;620
164;621
164;622
164;623
164;624
164;625
164;626
164;627
164;628
164;629
164;630
164;631
164;632
164;633
164;634
164;635
164;636
164;637
164;638
164;639
164;640
164;641
164;642
164;643
164;644
164;645
164;646
164;647
164;648
164;649
164;650
164;651
164;652
164;653
164;654
164;655
164;656
164;657
164;658
164;659
164;660
164;661
164;662
164;663
164;664
164;665
164;666
164;667
164;668
164;669
164;670
164;671
164;672
164;673
164;674
164;675
164;676
164;677
164;678
164;679
164;680
164;681
164;682
164;683
164;684
164;685
164;686
164;687
164;688
164;689
164;690
164;691
164;692
164;693
164;694
164;695
164;696
164;697
164;698
164;699
164;700
164;701
164;702
164;703
164;704
164;705
164;706
164;707
164;708
164;709
164;710
164;711
165;55
165;56
165;57
165;58
165;59
165;60
165;61
165;62
165;63
165;64
165;65
165;66
165;67
165;68
165;69
165;70
165;71
165;72
165;73
165;74
165;75
165;76
165;77
165;78
165;79
165;80
165;81
165;82
165;83
165;84
165;85
165;86
165;87
165;88
165;89
165;90
165;91
165;92
165;93
165;94
165;95
165;96
165;97
165;98
165;99
165;100
165;101
165;102
165;103
165;104
165;105
165;106
165;107
165;108
165;109
165;110
165;111
165;112
165;113
165;114
165;115
165;116
165;117
165;118
165;119
165;120
165;121
165;122
165;123
165;124
165;125
165;126
165;127
165;128
165;129
165;130
165;131
165;132
165;133
165;134
165;135
165;136
165;137
165;138
165;139
165;140
165;141
165;142
165;143
165;144
165;145
165;146
165;147
165;148
165;149
165;150
165;151
165;152
165;153
165;154
165;155
165;156
165;157
165;453
165;454
165;455
165;456
165;457
165;458
165;459
165;460
165;461
165;462
165;463
165;464
165;465
165;466
165;467
165;468
165;469
165;470
165;471
165;472
165;473
165;474
165;475
165;476
165;477
165;478
165;479
165;480
165;481
165;482
165;483
165;484
165;485
165;486
165;487
165;488
165;489
165;490
165;491
165;492
165;493
165;494
165;495
165;496
165;497
165;498
165;499
165;500
165;501
165;502
165;503
165;504
165;505
165;506
165;507
165;508
165;509
165;510
165;511
165;512
165;513
165;514
165;515
165;516
165;517
165;518
165;519
165;520
165;521
165;522
165;523
165;524
165;525
165;526
165;527
165;528
165;529
165;530
165;531
165;532
165;533
165;534
165;535
165;536
165;537
165;538
165;539
165;540
165;541
165;542
165;543
165;544
165;545
165;546
165;547
165;548
165;549
165;550
165;551
165;552
165;553
165;554
165;555
165;556
165;557
165;558
165;559
165;560
165;561
165;562
165;563
165;564
165;565
165;566
165;567
165;568
165;569
165;570
165;571
165;572
165;573
165;574
165;575
165;576
165;577
165;578
165;579
165;580
165;581
165;582
165;583
165;584
165;585
165;586
165;587
165;588
165;589
165;590
165;591
165;592
165;593
165;594
165;595
165;596
165;597
165;598
165;599
165;600
165;601
165;602
165;603
165;604
165;605
165;606
165;607
165;608
165;609
165;610
165;611
165;612
165;613
165;614
165;615
165;616
165;617
165;618
165;619
165;620
165;621
165;622
165;623
165;624
165;625
165;626
165;627
165;628
165;629
165;630
165;631
165;632
165;633
165;634
165;635
165;636
165;637
165;638
165;639
165;640
165;641
165;642
165;643
165;644
165;645
165;646
165;647
165;648
165;649
165;650
165;651
165;652
165;653
165;654
165;655
165;656
165;657
165;658
165;659
165;660
165;661
165;662
165;663
165;664
165;665
165;666
165;667
165;668
165;669
165;670
165;671
165;672
165;673
165;674
165;675
165;676
165;677
165;678
165;679
165;680
165;681
165;682
165;683
165;684
165;685
165;686
165;687
165;688
165;689
165;690
165;691
165;692
165;693
165;694
165;695
165;696
165;697
165;698
165;699
165;700
165;701
165;702
165;703
165;704
165;705
165;706
165;707
165;708
165;709
165;710
166;53
166;54
166;55
166;56
166;57
166;58
166;59
166;60
166;61
166;62
166;63
166;64
166;65
166;66
166;67
166;68
166;69
166;70
166;71
166;72
166;73
166;74
166;75
166;76
166;77
166;78
166;79
166;80
166;81
166;82
166;83
166;84
166;85
166;86
166;87
166;88
166;89
166;90
166;91
166;92
166;93
166;94
166;95
166;96
166;97
166;98
166;99
166;100
166;101
166;102
166;103
166;104
166;105
166;106
166;107
166;108
166;109
166;110
166;111
166;112
166;113
166;114
166;115
166;116
166;117
166;118
166;119
166;120
166;121
166;122
166;123
166;124
166;125
166;126
166;127
166;128
166;129
166;130
166;131
166;132
166;133
166;134
166;135
166;136
166;137
166;138
166;139
166;140
166;141
166;142
166;143
166;144
166;145
166;146
166;147
166;148
166;149
166;150
166;151
166;152
166;153
166;154
166;155
166;156
166;157
166;158
166;159
166;453
166;454
166;455
166;456
166;457
166;458
166;459
166;460
166;461
166;462
166;463
166;464
166;465
166;466
166;467
166;468
166;469
166;470
166;471
166;472
166;473
166;474
166;475
166;476
166;477
166;478
166;479
166;480
166;481
166;482
166;483
166;484
166;485
166;486
166;487
166;488
166;489
166;490
166;491
166;492
166;493
166;494
166;495
166;496
166;497
166;498
166;499
166;500
166;501
166;502
166;503
166;504
166;505
166;506
166;507
166;508
166;509
166;510
166;511
166;512
166;513
166;514
166;515
166;516
166;517
166;518
166;519
166;520
166;521
166;522
166;523
166;524
166;525
166;526
166;527
166;528
166;529
166;530
166;531
166;532
166;533
166;534
166;535
166;536
166;537
166;538
166;539
166;540
166;541
166;542
166;543
166;544
166;545
166;546
166;547
166;548
166;549
166;550
166;551
166;552
166;553
166;554
166;555
166;556
166;557
166;558
166;559
166;560
166;561
166;562
166;563
166;564
166;565
166;566
166;567
166;568
166;569
166;570
166;571
166;572
166;573
166;574
166;575
166;576
166;577
166;578
166;579
166;580
166;581
166;582
166;583
166;584
166;585
166;586
166;587
166;588
166;589
166;590
166;591
166;592
166;593
166;594
166;595
166;596
166;597
166;598
166;599
166;600
166;601
166;602
166;603
166;604
166;605
166;606
166;607
166;608
166;609
166;610
166;611
166;612
166;613
166;614
166;615
166;616
166;617
166;618
166;619
166;620
166;621
166;622
166;623
166;624
166;625
166;626
166;627
166;628
166;629
166;630
166;631
166;632
166;633
166;634
166;635
166;636
166;637
166;638
166;639
166;640
166;641
166;642
166;643
166;644
166;645
166;646
166;647
166;648
166;649
166;650
166;651
166;652
166;653
166;654
166;655
166;656
166;657
166;658
166;659
166;660
166;661
166;662
166;663
166;664
166;665
166;666
166;667
166;668
166;669
166;670
166;671
166;672
166;673
166;674
166;675
166;676
166;677
166;678
166;679
166;680
166;681
166;682
166;683
166;684
166;685
166;686
166;687
166;688
166;689
166;690
166;691
166;692
166;693
166;694
166;695
166;696
166;697
166;698
166;699
166;700
166;701
166;702
166;703
166;704
166;705
166;706
166;707
166;708
166;709
166;710
167;51
167;52
167;53
167;54
167;55
167;56
167;57
167;58
167;59
167;60
167;61
167;62
167;63
167;64
167;65
167;66
167;67
167;68
167;69
167;70
167;71
167;72
167;73
167;74
167;75
167;76
167;77
167;78
167;79
167;80
167;81
167;82
167;83
167;84
167;85
167;86
167;87
167;88
167;89
167;90
167;91
167;92
167;93
167;94
167;95
167;96
167;97
167;98
167;99
167;100
167;101
167;102
167;103
167;104
167;105
167;106
167;107
167;108
167;109
167;110
167;111
167;112
167;113
167;114
167;115
167;116
167;117
167;118
167;119
167;120
167;121
167;122
167;123
167;124
167;125
167;126
167;127
167;128
167;129
167;130
167;131
167;132
167;133
167;134
167;135
167;136
167;137
167;138
167;139
167;140
167;141
167;142
167;143
167;144
167;145
167;146
167;147
167;148
167;149
167;150
167;151
167;152
167;153
167;154
167;155
167;156
167;157
167;158
167;159
167;160
167;161
167;453
167;454
167;455
167;456
167;457
167;458
167;459
167;460
167;461
167;462
167;463
167;464
167;465
167;466
167;467
167;468
167;469
167;470
167;471
167;472
167;473
167;474
167;475
167;476
167;477
167;478
167;479
167;480
167;481
167;482
167;483
167;484
167;485
167;486
167;487
167;488
167;489
167;490
167;491
167;492
167;493
167;494
167;495
167;496
167;497
167;498
167;499
167;500
167;501
167;502
167;503
167;504
167;505
167;506
167;507
167;508
167;509
167;510
167;511
167;512
167;513
167;514
167;515
167;516
167;517
167;518
167;519
167;520
167;521
167;522
167;523
167;524
167;525
167;526
167;527
167;528
167;529
167;530
167;531
167;532
167;533
167;534
167;535
167;536
167;537
167;538
167;539
167;540
167;541
167;542
167;543
167;544
167;545
167;546
167;547
167;548
167;549
167;550
167;551
167;552
167;553
167;554
167;555
167;556
167;557
167;558
167;559
167;560
167;561
167;562
167;563
167;564
167;565
167;566
167;567
167;568
167;569
167;570
167;571
167;572
167;573
167;574
167;575
167;576
167;577
167;578
167;579
167;580
167;581
167;582
167;583
167;584
167;585
167;586
167;587
167;588
167;589
167;590
167;591
167;592
167;593
167;594
167;595
167;596
167;597
167;598
167;599
167;600
167;601
167;602
167;603
167;604
167;605
167;606
167;607
167;608
167;609
167;610
167;611
167;612
167;613
167;614
167;615
167;616
167;617
167;618
167;619
167;620
167;621
167;622
167;623
167;624
167;625
167;626
167;627
167;628
167;629
167;630
167;631
167;632
167;633
167;634
167;635
167;636
167;637
167;638
167;639
167;640
167;641
167;642
167;643
167;644
167;645
167;646
167;647
167;648
167;649
167;650
167;651
167;652
167;653
167;654
167;655
167;656
167;657
167;658
167;659
167;660
167;661
167;662
167;663
167;664
167;665
167;666
167;667
167;668
167;669
167;670
167;671
167;672
167;673
167;674
167;675
167;676
167;677
167;678
167;679
167;680
167;681
167;682
167;683
167;684
167;685
167;686
167;687
167;688
167;689
167;690
167;691
167;692
167;693
167;694
167;695
167;696
167;697
167;698
167;699
167;700
167;701
167;702
167;703
167;704
167;705
167;706
167;707
167;708
167;709
167;710
168;49
168;50
168;51
168;52
168;53
168;54
168;55
168;56
168;57
168;58
168;59
168;60
168;61
168;62
168;63
168;64
168;65
168;66
168;67
168;68
168;69
168;70
168;71
168;72
168;73
168;74
168;75
168;76
168;77
168;78
168;79
168;80
168;81
168;82
168;83
168;84
168;85
168;86
168;87
168;88
168;89
168;90
168;91
168;92
168;93
168;94
168;95
168;96
168;97
168;98
168;99
168;100
168;101
168;102
168;103
168;104
168;105
168;106
168;107
168;108
168;109
168;110
168;111
168;112
168;113
168;114
168;115
168;116
168;117
168;118
168;119
168;120
168;121
168;122
168;123
168;124
168;125
168;126
168;127
168;128
168;129
168;130
168;131
168;132
168;133
168;134
168;135
168;136
168;137
168;138
168;139
168;140
168;141
168;142
168;143
168;144
168;145
168;146
168;147
168;148
168;149
168;150
168;151
168;152
168;153
168;154
168;155
168;156
168;157
168;158
168;159
168;160
168;161
168;162
168;163
168;453
168;454
168;455
168;456
168;457
168;458
168;459
168;460
168;461
168;462
168;463
168;464
168;465
168;466
168;467
168;468
168;469
168;470
168;471
168;472
168;473
168;474
168;475
168;476
168;477
168;478
168;479
168;480
168;481
168;482
168;483
168;484
168;485
168;486
168;487
168;488
168;489
168;490
168;491
168;492
168;493
168;494
168;495
168;496
168;497
168;498
168;499
168;500
168;501
168;502
168;503
168;504
168;505
168;506
168;507
168;508
168;509
168;510
168;511
168;512
168;513
168;514
168;515
168;516
168;517
168;518
168;519
168;520
168;521
168;522
168;523
168;524
168;525
168;526
168;527
168;528
168;529
168;530
168;531
168;532
168;533
168;534
168;535
168;536
168;537
168;538
168;539
168;540
168;541
168;542
168;543
168;544
168;545
168;546
168;547
168;548
168;549
168;550
168;551
168;552
168;553
168;554
168;555
168;556
168;557
168;558
168;559
168;560
168;561
168;562
168;563
168;564
168;565
168;566
168;567
168;568
168;569
168;570
168;571
168;572
168;573
168;574
168;575
168;576
168;577
168;578
168;579
168;580
168;581
168;582
168;583
168;584
168;585
168;586
168;587
168;588
168;589
168;590
168;591
168;592
168;593
168;594
168;595
168;596
168;597
168;598
168;599
168;600
168;601
168;602
168;603
168;604
168;605
168;606
168;607
168;608
168;609
168;610
168;611
168;612
168;613
168;614
168;615
168;616
168;617
168;618
168;619
168;620
168;621
168;622
168;623
168;624
168;625
168;626
168;627
168;628
168;629
168;630
168;631
168;632
168;633
168;634
168;635
168;636
168;637
168;638
168;639
168;640
168;641
168;642
168;643
168;644
168;645
168;646
168;647
168;648
168;649
168;650
168;651
168;652
168;653
168;654
168;655
168;656
168;657
168;658
168;659
168;660
168;661
168;662
168;663
168;664
168;665
168;666
168;667
168;668
168;669
168;670
168;671
168;672
168;673
168;674
168;675
168;676
168;677
168;678
168;679
168;680
168;681
168;682
168;683
168;684
168;685
168;686
168;687
168;688
168;689
168;690
168;691
168;692
168;693
168;694
168;695
168;696
168;697
168;698
168;699
168;700
168;701
168;702
168;703
168;704
168;705
168;706
168;707
168;708
168;709
169;47
169;48
169;49
169;50
169;51
169;52
169;53
169;54
169;55
169;56
169;57
169;58
169;59
169;60
169;61
169;62
169;63
169;64
169;65
169;66
169;67
169;68
169;69
169;70
169;71
169;72
169;73
169;74
169;75
169;76
169;77
169;78
169;79
169;80
169;81
169;82
169;83
169;84
169;85
169;86
169;87
169;88
169;89
169;90
169;91
169;92
169;93
169;94
169;95
169;96
169;97
169;98
169;99
169;100
169;101
169;102
169;103
169;104
169;105
169;106
169;107
169;108
169;109
169;110
169;111
169;112
169;113
169;114
169;115
169;116
169;117
169;118
169;119
169;120
169;121
169;122
169;123
169;124
169;125
169;126
169;127
169;128
169;129
169;130
169;131
169;132
169;133
169;134
169;135
169;136
169;137
169;138
169;139
169;140
169;141
169;142
169;143
169;144
169;145
169;146
169;147
169;148
169;149
169;150
169;151
169;152
169;153
169;154
169;155
169;156
169;157
169;158
169;159
169;160
169;161
169;162
169;163
169;454
169;455
169;456
169;457
169;458
169;459
169;460
169;461
169;462
169;463
169;464
169;465
169;466
169;467
169;468
169;469
169;470
169;471
169;472
169;473
169;474
169;475
169;476
169;477
169;478
169;479
169;480
169;481
169;482
169;483
169;484
169;485
169;486
169;487
169;488
169;489
169;490
169;491
169;492
169;493
169;494
169;495
169;496
169;497
169;498
169;499
169;500
169;501
169;502
169;503
169;504
169;505
169;506
169;507
169;508
169;509
169;510
169;511
169;512
169;513
169;514
169;515
169;516
169;517
169;518
169;519
169;520
169;521
169;522
169;523
169;524
169;525
169;526
169;527
169;528
169;529
169;530
169;531
169;532
169;533
169;534
169;535
169;536
169;537
169;538
169;539
169;540
169;541
169;542
169;543
169;544
169;545
169;546
169;547
169;548
169;549
169;550
169;551
169;552
169;553
169;554
169;555
169;556
169;557
169;558
169;559
169;560
169;561
169;562
169;563
169;564
169;565
169;566
169;567
169;568
169;569
169;570
169;571
169;572
169;573
169;574
169;575
169;576
169;577
169;578
169;579
169;580
169;581
169;582
169;583
169;584
169;585
169;586
169;587
169;588
169;589
169;590
169;591
169;592
169;593
169;594
169;595
169;596
169;597
169;598
169;599
169;600
169;601
169;602
169;603
169;604
169;605
169;606
169;607
169;608
169;609
169;610
169;611
169;612
169;613
169;614
169;615
169;616
169;617
169;618
169;619
169;620
169;621
169;622
169;623
169;624
169;625
169;626
169;627
169;628
169;629
169;630
169;631
169;632
169;633
169;634
169;635
169;636
169;637
169;638
169;639
169;640
169;641
169;642
169;643
169;644
169;645
169;646
169;647
169;648
169;649
169;650
169;651
169;652
169;653
169;654
169;655
169;656
169;657
169;658
169;659
169;660
169;661
169;662
169;663
169;664
169;665
169;666
169;667
169;668
169;669
169;670
169;671
169;672
169;673
169;674
169;675
169;676
169;677
169;678
169;679
169;680
169;681
169;682
169;683
169;684
169;685
169;686
169;687
169;688
169;689
169;690
169;691
169;692
169;693
169;694
169;695
169;696
169;697
169;698
169;699
169;700
169;701
169;702
169;703
169;704
169;705
169;706
169;707
169;708
170;45
170;46
170;47
170;48
170;49
170;50
170;51
170;52
170;53
170;54
170;55
170;56
170;57
170;58
170;59
170;60
170;61
170;62
170;63
170;64
170;65
170;66
170;67
170;68
170;69
170;70
170;71
170;72
170;73
170;74
170;75
170;76
170;77
170;78
170;79
170;80
170;81
170;82
170;83
170;84
170;85
170;86
170;87
170;88
170;89
170;90
170;91
170;92
170;93
170;94
170;95
170;96
170;97
170;98
170;99
170;100
170;101
170;102
170;103
170;104
170;105
170;106
170;107
170;108
170;109
170;110
170;111
170;112
170;113
170;114
170;115
170;116
170;117
170;118
170;119
170;120
170;121
170;122
170;123
170;124
170;125
170;126
170;127
170;128
170;129
170;130
170;131
170;132
170;133
170;134
170;135
170;136
170;137
170;138
170;139
170;140
170;141
170;142
170;143
170;144
170;145
170;146
170;147
170;148
170;149
170;150
170;151
170;152
170;153
170;154
170;155
170;156
170;157
170;158
170;159
170;160
170;161
170;162
170;163
170;164
170;165
170;454
170;455
170;456
170;457
170;458
170;459
170;460
170;461
170;462
170;463
170;464
170;465
170;466
170;467
170;468
170;469
170;470
170;471
170;472
170;473
170;474
170;475
170;476
170;477
170;478
170;479
170;480
170;481
170;482
170;483
170;484
170;485
170;486
170;487
170;488
170;489
170;490
170;491
170;492
170;493
170;494
170;495
170;496
170;497
170;498
170;499
170;500
170;501
170;502
170;503
170;504
170;505
170;506
170;507
170;508
170;509
170;510
170;511
170;512
170;513
170;514
170;515
170;516
170;517
170;518
170;519
170;520
170;521
170;522
170;523
170;524
170;525
170;526
170;527
170;528
170;529
170;530
170;531
170;532
170;533
170;534
170;535
170;536
170;537
170;538
170;539
170;540
170;541
170;542
170;543
170;544
170;545
170;546
170;547
170;548
170;549
170;550
170;551
170;552
170;553
170;554
170;555
170;556
170;557
170;558
170;559
170;560
170;561
170;562
170;563
170;564
170;565
170;566
170;567
170;568
170;569
170;570
170;571
170;572
170;573
170;574
170;575
170;576
170;577
170;578
170;579
170;580
170;581
170;582
170;583
170;584
170;585
170;586
170;587
170;588
170;589
170;590
170;591
170;592
170;593
170;594
170;595
170;596
170;597
170;598
170;599
170;600
170;601
170;602
170;603
170;604
170;605
170;606
170;607
170;608
170;609
170;610
170;611
170;612
170;613
170;614
170;615
170;616
170;617
170;618
170;619
170;620
170;621
170;622
170;623
170;624
170;625
170;626
170;627
170;628
170;629
170;630
170;631
170;632
170;633
170;634
170;635
170;636
170;637
170;638
170;639
170;640
170;641
170;642
170;643
170;644
170;645
170;646
170;647
170;648
170;649
170;650
170;651
170;652
170;653
170;654
170;655
170;656
170;657
170;658
170;659
170;660
170;661
170;662
170;663
170;664
170;665
170;666
170;667
170;668
170;669
170;670
170;671
170;672
170;673
170;674
170;675
170;676
170;677
170;678
170;679
170;680
170;681
170;682
170;683
170;684
170;685
170;686
170;687
170;688
170;689
170;690
170;691
170;692
170;693
170;694
170;695
170;696
170;697
170;698
170;699
170;700
170;701
170;702
170;703
170;704
170;705
170;706
170;707
170;708
171;44
171;45
171;46
171;47
171;48
171;49
171;50
171;51
171;52
171;53
171;54
171;55
171;56
171;57
171;58
171;59
171;60
171;61
171;62
171;63
171;64
171;65
171;66
171;67
171;68
171;69
171;70
171;71
171;72
171;73
171;74
171;75
171;76
171;77
171;78
171;79
171;80
171;81
171;82
171;83
171;84
171;85
171;86
171;87
171;88
171;89
171;90
171;91
171;92
171;93
171;94
171;95
171;96
171;97
171;98
171;99
171;100
171;101
171;102
171;103
171;104
171;105
171;106
171;107
171;108
171;109
171;110
171;111
171;112
171;113
171;114
171;115
171;116
171;117
171;118
171;119
171;120
171;121
171;122
171;123
171;124
171;125
171;126
171;127
171;128
171;129
171;130
171;131
171;132
171;133
171;134
171;135
171;136
171;137
171;138
171;139
171;140
171;141
171;142
171;143
171;144
171;145
171;146
171;147
171;148
171;149
171;150
171;151
171;152
171;153
171;154
171;155
171;156
171;157
171;158
171;159
171;160
171;161
171;162
171;163
171;164
171;165
171;166
171;167
171;454
171;455
171;456
171;457
171;458
171;459
171;460
171;461
171;462
171;463
171;464
171;465
171;466
171;467
171;468
171;469
171;470
171;471
171;472
171;473
171;474
171;475
171;476
171;477
171;478
171;479
171;480
171;481
171;482
171;483
171;484
171;485
171;486
171;487
171;488
171;489
171;490
171;491
171;492
171;493
171;494
171;495
171;496
171;497
171;498
171;499
171;500
171;501
171;502
171;503
171;504
171;505
171;506
171;507
171;508
171;509
171;510
171;511
171;512
171;513
171;514
171;515
171;516
171;517
171;518
171;519
171;520
171;521
171;522
171;523
171;524
171;525
171;526
171;527
171;528
171;529
171;530
171;531
171;532
171;533
171;534
171;535
171;536
171;537
171;538
171;539
171;540
171;541
171;542
171;543
171;544
171;545
171;546
171;547
171;548
171;549
171;550
171;551
171;552
171;553
171;554
171;555
171;556
171;557
171;558
171;559
171;560
171;561
171;562
171;563
171;564
171;565
171;566
171;567
171;568
171;569
171;570
171;571
171;572
171;573
171;574
171;575
171;576
171;577
171;578
171;579
171;580
171;581
171;582
171;583
171;584
171;585
171;586
171;587
171;588
171;589
171;590
171;591
171;592
171;593
171;594
171;595
171;596
171;597
171;598
171;599
171;600
171;601
171;602
171;603
171;604
171;605
171;606
171;607
171;608
171;609
171;610
171;611
171;612
171;613
171;614
171;615
171;616
171;617
171;618
171;619
171;620
171;621
171;622
171;623
171;624
171;625
171;626
171;627
171;628
171;629
171;630
171;631
171;632
171;633
171;634
171;635
171;636
171;637
171;638
171;639
171;640
171;641
171;642
171;643
171;644
171;645
171;646
171;647
171;648
171;649
171;650
171;651
171;652
171;653
171;654
171;655
171;656
171;657
171;658
171;659
171;660
171;661
171;662
171;663
171;664
171;665
171;666
171;667
171;668
171;669
171;670
171;671
171;672
171;673
171;674
171;675
171;676
171;677
171;678
171;679
171;680
171;681
171;682
171;683
171;684
171;685
171;686
171;687
171;688
171;689
171;690
171;691
171;692
171;693
171;694
171;695
171;696
171;697
171;698
171;699
171;700
171;701
171;702
171;703
171;704
171;705
171;706
171;707
172;43
172;44
172;45
172;46
172;47
172;48
172;49
172;50
172;51
172;52
172;53
172;54
172;55
172;56
172;57
172;58
172;59
172;60
172;61
172;62
172;63
172;64
172;65
172;66
172;67
172;68
172;69
172;70
172;71
172;72
172;73
172;74
172;75
172;76
172;77
172;78
172;79
172;80
172;81
172;82
172;83
172;84
172;85
172;86
172;87
172;88
172;89
172;90
172;91
172;92
172;93
172;94
172;95
172;96
172;97
172;98
172;99
172;100
172;101
172;102
172;103
172;104
172;105
172;106
172;107
172;108
172;109
172;110
172;111
172;112
172;113
172;114
172;115
172;116
172;117
172;118
172;119
172;120
172;121
172;122
172;123
172;124
172;125
172;126
172;127
172;128
172;129
172;130
172;131
172;132
172;133
172;134
172;135
172;136
172;137
172;138
172;139
172;140
172;141
172;142
172;143
172;144
172;145
172;146
172;147
172;148
172;149
172;150
172;151
172;152
172;153
172;154
172;155
172;156
172;157
172;158
172;159
172;160
172;161
172;162
172;163
172;164
172;165
172;166
172;167
172;168
172;169
172;454
172;455
172;456
172;457
172;458
172;459
172;460
172;461
172;462
172;463
172;464
172;465
172;466
172;467
172;468
172;469
172;470
172;471
172;472
172;473
172;474
172;475
172;476
172;477
172;478
172;479
172;480
172;481
172;482
172;483
172;484
172;485
172;486
172;487
172;488
172;489
172;490
172;491
172;492
172;493
172;494
172;495
172;496
172;497
172;498
172;499
172;500
172;501
172;502
172;503
172;504
172;505
172;506
172;507
172;508
172;509
172;510
172;511
172;512
172;513
172;514
172;515
172;516
172;517
172;518
172;519
172;520
172;521
172;522
172;523
172;524
172;525
172;526
172;527
172;528
172;529
172;530
172;531
172;532
172;533
172;534
172;535
172;536
172;537
172;538
172;539
172;540
172;541
172;542
172;543
172;544
172;545
172;546
172;547
172;548
172;549
172;550
172;551
172;552
172;553
172;554
172;555
172;556
172;557
172;558
172;559
172;560
172;561
172;562
172;563
172;564
172;565
172;566
172;567
172;568
172;569
172;570
172;571
172;572
172;573
172;574
172;575
172;576
172;577
172;578
172;579
172;580
172;581
172;582
172;583
172;584
172;585
172;586
172;587
172;588
172;589
172;590
172;591
172;592
172;593
172;594
172;595
172;596
172;597
172;598
172;599
172;600
172;601
172;602
172;603
172;604
172;605
172;606
172;607
172;608
172;609
172;610
172;611
172;612
172;613
172;614
172;615
172;616
172;617
172;618
172;619
172;620
172;621
172;622
172;623
172;624
172;625
172;626
172;627
172;628
172;629
172;630
172;631
172;632
172;633
172;634
172;635
172;636
172;637
172;638
172;639
172;640
172;641
172;642
172;643
172;644
172;645
172;646
172;647
172;648
172;649
172;650
172;651
172;652
172;653
172;654
172;655
172;656
172;657
172;658
172;659
172;660
172;661
172;662
172;663
172;664
172;665
172;666
172;667
172;668
172;669
172;670
172;671
172;672
172;673
172;674
172;675
172;676
172;677
172;678
172;679
172;680
172;681
172;682
172;683
172;684
172;685
172;686
172;687
172;688
172;689
172;690
172;691
172;692
172;693
172;694
172;695
172;696
172;697
172;698
172;699
172;700
172;701
172;702
172;703
172;704
172;705
172;706
173;41
173;42
173;43
173;44
173;45
173;46
173;47
173;48
173;49
173;50
173;51
173;52
173;53
173;54
173;55
173;56
173;57
173;58
173;59
173;60
173;61
173;62
173;63
173;64
173;65
173;66
173;67
173;68
173;69
173;70
173;71
173;72
173;73
173;74
173;75
173;76
173;77
173;78
173;79
173;80
173;81
173;82
173;83
173;84
173;85
173;86
173;87
173;88
173;89
173;90
173;91
173;92
173;93
173;94
173;95
173;96
173;97
173;98
173;99
173;100
173;101
173;102
173;103
173;104
173;105
173;106
173;107
173;108
173;109
173;110
173;111
173;112
173;113
173;114
173;115
173;116
173;117
173;118
173;119
173;120
173;121
173;122
173;123
173;124
173;125
173;126
173;127
173;128
173;129
173;130
173;131
173;132
173;133
173;134
173;135
173;136
173;137
173;138
173;139
173;140
173;141
173;142
173;143
173;144
173;145
173;146
173;147
173;148
173;149
173;150
173;151
173;152
173;153
173;154
173;155
173;156
173;157
173;158
173;159
173;160
173;161
173;162
173;163
173;164
173;165
173;166
173;167
173;168
173;169
173;170
173;455
173;456
173;457
173;458
173;459
173;460
173;461
173;462
173;463
173;464
173;465
173;466
173;467
173;468
173;469
173;470
173;471
173;472
173;473
173;474
173;475
173;476
173;477
173;478
173;479
173;480
173;481
173;482
173;483
173;484
173;485
173;486
173;487
173;488
173;489
173;490
173;491
173;492
173;493
173;494
173;495
173;496
173;497
173;498
173;499
173;500
173;501
173;502
173;503
173;504
173;505
173;506
173;507
173;508
173;509
173;510
173;511
173;512
173;513
173;514
173;515
173;516
173;517
173;518
173;519
173;520
173;521
173;522
173;523
173;524
173;525
173;526
173;527
173;528
173;529
173;530
173;531
173;532
173;533
173;534
173;535
173;536
173;537
173;538
173;539
173;540
173;541
173;542
173;543
173;544
173;545
173;546
173;547
173;548
173;549
173;550
173;551
173;552
173;553
173;554
173;555
173;556
173;557
173;558
173;559
173;560
173;561
173;562
173;563
173;564
173;565
173;566
173;567
173;568
173;569
173;570
173;571
173;572
173;573
173;574
173;575
173;576
173;577
173;578
173;579
173;580
173;581
173;582
173;583
173;584
173;585
173;586
173;587
173;588
173;589
173;590
173;591
173;592
173;593
173;594
173;595
173;596
173;597
173;598
173;599
173;600
173;601
173;602
173;603
173;604
173;605
173;606
173;607
173;608
173;609
173;610
173;611
173;612
173;613
173;614
173;615
173;616
173;617
173;618
173;619
173;620
173;621
173;622
173;623
173;624
173;625
173;626
173;627
173;628
173;629
173;630
173;631
173;632
173;633
173;634
173;635
173;636
173;637
173;638
173;639
173;640
173;641
173;642
173;643
173;644
173;645
173;646
173;647
173;648
173;649
173;650
173;651
173;652
173;653
173;654
173;655
173;656
173;657
173;658
173;659
173;660
173;661
173;662
173;663
173;664
173;665
173;666
173;667
173;668
173;669
173;670
173;671
173;672
173;673
173;674
173;675
173;676
173;677
173;678
173;679
173;680
173;681
173;682
173;683
173;684
173;685
173;686
173;687
173;688
173;689
173;690
173;691
173;692
173;693
173;694
173;695
173;696
173;697
173;698
173;699
173;700
173;701
173;702
173;703
173;704
173;705
173;706
174;39
174;40
174;41
174;42
174;43
174;44
174;45
174;46
174;47
174;48
174;49
174;50
174;51
174;52
174;53
174;54
174;55
174;56
174;57
174;58
174;59
174;60
174;61
174;62
174;63
174;64
174;65
174;66
174;67
174;68
174;69
174;70
174;71
174;72
174;73
174;74
174;75
174;76
174;77
174;78
174;79
174;80
174;81
174;82
174;83
174;84
174;85
174;86
174;87
174;88
174;89
174;90
174;91
174;92
174;93
174;94
174;95
174;96
174;97
174;98
174;99
174;100
174;101
174;102
174;103
174;104
174;105
174;106
174;107
174;108
174;109
174;110
174;111
174;112
174;113
174;114
174;115
174;116
174;117
174;118
174;119
174;120
174;121
174;122
174;123
174;124
174;125
174;126
174;127
174;128
174;129
174;130
174;131
174;132
174;133
174;134
174;135
174;136
174;137
174;138
174;139
174;140
174;141
174;142
174;143
174;144
174;145
174;146
174;147
174;148
174;149
174;150
174;151
174;152
174;153
174;154
174;155
174;156
174;157
174;158
174;159
174;160
174;161
174;162
174;163
174;164
174;165
174;166
174;167
174;168
174;169
174;170
174;171
174;455
174;456
174;457
174;458
174;459
174;460
174;461
174;462
174;463
174;464
174;465
174;466
174;467
174;468
174;469
174;470
174;471
174;472
174;473
174;474
174;475
174;476
174;477
174;478
174;479
174;480
174;481
174;482
174;483
174;484
174;485
174;486
174;487
174;488
174;489
174;490
174;491
174;492
174;493
174;494
174;495
174;496
174;497
174;498
174;499
174;500
174;501
174;502
174;503
174;504
174;505
174;506
174;507
174;508
174;509
174;510
174;511
174;512
174;513
174;514
174;515
174;516
174;517
174;518
174;519
174;520
174;521
174;522
174;523
174;524
174;525
174;526
174;527
174;528
174;529
174;530
174;531
174;532
174;533
174;534
174;535
174;536
174;537
174;538
174;539
174;540
174;541
174;542
174;543
174;544
174;545
174;546
174;547
174;548
174;549
174;550
174;551
174;552
174;553
174;554
174;555
174;556
174;557
174;558
174;559
174;560
174;561
174;562
174;563
174;564
174;565
174;566
174;567
174;568
174;569
174;570
174;571
174;572
174;573
174;574
174;575
174;576
174;577
174;578
174;579
174;580
174;581
174;582
174;583
174;584
174;585
174;586
174;587
174;588
174;589
174;590
174;591
174;592
174;593
174;594
174;595
174;596
174;597
174;598
174;599
174;600
174;601
174;602
174;603
174;604
174;605
174;606
174;607
174;608
174;609
174;610
174;611
174;612
174;613
174;614
174;615
174;616
174;617
174;618
174;619
174;620
174;621
174;622
174;623
174;624
174;625
174;626
174;627
174;628
174;629
174;630
174;631
174;632
174;633
174;634
174;635
174;636
174;637
174;638
174;639
174;640
174;641
174;642
174;643
174;644
174;645
174;646
174;647
174;648
174;649
174;650
174;651
174;652
174;653
174;654
174;655
174;656
174;657
174;658
174;659
174;660
174;661
174;662
174;663
174;664
174;665
174;666
174;667
174;668
174;669
174;670
174;671
174;672
174;673
174;674
174;675
174;676
174;677
174;678
174;679
174;680
174;681
174;682
174;683
174;684
174;685
174;686
174;687
174;688
174;689
174;690
174;691
174;692
174;693
174;694
174;695
174;696
174;697
174;698
174;699
174;700
174;701
174;702
174;703
174;704
174;705
175;39
175;40
175;41
175;42
175;43
175;44
175;45
175;46
175;47
175;48
175;49
175;50
175;51
175;52
175;53
175;54
175;55
175;56
175;57
175;58
175;59
175;60
175;61
175;62
175;63
175;64
175;65
175;66
175;67
175;68
175;69
175;70
175;71
175;72
175;73
175;74
175;75
175;76
175;77
175;78
175;79
175;80
175;81
175;82
175;83
175;84
175;85
175;86
175;87
175;88
175;89
175;90
175;91
175;92
175;93
175;94
175;95
175;96
175;97
175;98
175;99
175;100
175;101
175;102
175;103
175;104
175;105
175;106
175;107
175;108
175;109
175;110
175;111
175;112
175;113
175;114
175;115
175;116
175;117
175;118
175;119
175;120
175;121
175;122
175;123
175;124
175;125
175;126
175;127
175;128
175;129
175;130
175;131
175;132
175;133
175;134
175;135
175;136
175;137
175;138
175;139
175;140
175;141
175;142
175;143
175;144
175;145
175;146
175;147
175;148
175;149
175;150
175;151
175;152
175;153
175;154
175;155
175;156
175;157
175;158
175;159
175;160
175;161
175;162
175;163
175;164
175;165
175;166
175;167
175;168
175;169
175;170
175;171
175;172
175;173
175;455
175;456
175;457
175;458
175;459
175;460
175;461
175;462
175;463
175;464
175;465
175;466
175;467
175;468
175;469
175;470
175;471
175;472
175;473
175;474
175;475
175;476
175;477
175;478
175;479
175;480
175;481
175;482
175;483
175;484
175;485
175;486
175;487
175;488
175;489
175;490
175;491
175;492
175;493
175;494
175;495
175;496
175;497
175;498
175;499
175;500
175;501
175;502
175;503
175;504
175;505
175;506
175;507
175;508
175;509
175;510
175;511
175;512
175;513
175;514
175;515
175;516
175;517
175;518
175;519
175;520
175;521
175;522
175;523
175;524
175;525
175;526
175;527
175;528
175;529
175;530
175;531
175;532
175;533
175;534
175;535
175;536
175;537
175;538
175;539
175;540
175;541
175;542
175;543
175;544
175;545
175;546
175;547
175;548
175;549
175;550
175;551
175;552
175;553
175;554
175;555
175;556
175;557
175;558
175;559
175;560
175;561
175;562
175;563
175;564
175;565
175;566
175;567
175;568
175;569
175;570
175;571
175;572
175;573
175;574
175;575
175;576
175;577
175;578
175;579
175;580
175;581
175;582
175;583
175;584
175;585
175;586
175;587
175;588
175;589
175;590
175;591
175;592
175;593
175;594
175;595
175;596
175;597
175;598
175;599
175;600
175;601
175;602
175;603
175;604
175;605
175;606
175;607
175;608
175;609
175;610
175;611
175;612
175;613
175;614
175;615
175;616
175;617
175;618
175;619
175;620
175;621
175;622
175;623
175;624
175;625
175;626
175;627
175;628
175;629
175;630
175;631
175;632
175;633
175;634
175;635
175;636
175;637
175;638
175;639
175;640
175;641
175;642
175;643
175;644
175;645
175;646
175;647
175;648
175;649
175;650
175;651
175;652
175;653
175;654
175;655
175;656
175;657
175;658
175;659
175;660
175;661
175;662
175;663
175;664
175;665
175;666
175;667
175;668
175;669
175;670
175;671
175;672
175;673
175;674
175;675
175;676
175;677
175;678
175;679
175;680
175;681
175;682
175;683
175;684
175;685
175;686
175;687
175;688
175;689
175;690
175;691
175;692
175;693
175;694
175;695
175;696
175;697
175;698
175;699
175;700
175;701
175;702
175;703
175;704
176;37
176;38
176;39
176;40
176;41
176;42
176;43
176;44
176;45
176;46
176;47
176;48
176;49
176;50
176;51
176;52
176;53
176;54
176;55
176;56
176;57
176;58
176;59
176;60
176;61
176;62
176;63
176;64
176;65
176;66
176;67
176;68
176;69
176;70
176;71
176;72
176;73
176;74
176;75
176;76
176;77
176;78
176;79
176;80
176;81
176;82
176;83
176;84
176;85
176;86
176;87
176;88
176;89
176;90
176;91
176;92
176;93
176;94
176;95
176;96
176;97
176;98
176;99
176;100
176;101
176;102
176;103
176;104
176;105
176;106
176;107
176;108
176;109
176;110
176;111
176;112
176;113
176;114
176;115
176;116
176;117
176;118
176;119
176;120
176;121
176;122
176;123
176;124
176;125
176;126
176;127
176;128
176;129
176;130
176;131
176;132
176;133
176;134
176;135
176;136
176;137
176;138
176;139
176;140
176;141
176;142
176;143
176;144
176;145
176;146
176;147
176;148
176;149
176;150
176;151
176;152
176;153
176;154
176;155
176;156
176;157
176;158
176;159
176;160
176;161
176;162
176;163
176;164
176;165
176;166
176;167
176;168
176;169
176;170
176;171
176;172
176;173
176;174
176;175
176;456
176;457
176;458
176;459
176;460
176;461
176;462
176;463
176;464
176;465
176;466
176;467
176;468
176;469
176;470
176;471
176;472
176;473
176;474
176;475
176;476
176;477
176;478
176;479
176;480
176;481
176;482
176;483
176;484
176;485
176;486
176;487
176;488
176;489
176;490
176;491
176;492
176;493
176;494
176;495
176;496
176;497
176;498
176;499
176;500
176;501
176;502
176;503
176;504
176;505
176;506
176;507
176;508
176;509
176;510
176;511
176;512
176;513
176;514
176;515
176;516
176;517
176;518
176;519
176;520
176;521
176;522
176;523
176;524
176;525
176;526
176;527
176;528
176;529
176;530
176;531
176;532
176;533
176;534
176;535
176;536
176;537
176;538
176;539
176;540
176;541
176;542
176;543
176;544
176;545
176;546
176;547
176;548
176;549
176;550
176;551
176;552
176;553
176;554
176;555
176;556
176;557
176;558
176;559
176;560
176;561
176;562
176;563
176;564
176;565
176;566
176;567
176;568
176;569
176;570
176;571
176;572
176;573
176;574
176;575
176;576
176;577
176;578
176;579
176;580
176;581
176;582
176;583
176;584
176;585
176;586
176;587
176;588
176;589
176;590
176;591
176;592
176;593
176;594
176;595
176;596
176;597
176;598
176;599
176;600
176;601
176;602
176;603
176;604
176;605
176;606
176;607
176;608
176;609
176;610
176;611
176;612
176;613
176;614
176;615
176;616
176;617
176;618
176;619
176;620
176;621
176;622
176;623
176;624
176;625
176;626
176;627
176;628
176;629
176;630
176;631
176;632
176;633
176;634
176;635
176;636
176;637
176;638
176;639
176;640
176;641
176;642
176;643
176;644
176;645
176;646
176;647
176;648
176;649
176;650
176;651
176;652
176;653
176;654
176;655
176;656
176;657
176;658
176;659
176;660
176;661
176;662
176;663
176;664
176;665
176;666
176;667
176;668
176;669
176;670
176;671
176;672
176;673
176;674
176;675
176;676
176;677
176;678
176;679
176;680
176;681
176;682
176;683
176;684
176;685
176;686
176;687
176;688
176;689
176;690
176;691
176;692
176;693
176;694
176;695
176;696
176;697
176;698
176;699
176;700
176;701
176;702
176;703
177;35
177;36
177;37
177;38
177;39
177;40
177;41
177;42
177;43
177;44
177;45
177;46
177;47
177;48
177;49
177;50
177;51
177;52
177;53
177;54
177;55
177;56
177;57
177;58
177;59
177;60
177;61
177;62
177;63
177;64
177;65
177;66
177;67
177;68
177;69
177;70
177;71
177;72
177;73
177;74
177;75
177;76
177;77
177;78
177;79
177;80
177;81
177;82
177;83
177;84
177;85
177;86
177;87
177;88
177;89
177;90
177;91
177;92
177;93
177;94
177;95
177;96
177;97
177;98
177;99
177;100
177;101
177;102
177;103
177;104
177;105
177;106
177;107
177;108
177;109
177;110
177;111
177;112
177;113
177;114
177;115
177;116
177;117
177;118
177;119
177;120
177;121
177;122
177;123
177;124
177;125
177;126
177;127
177;128
177;129
177;130
177;131
177;132
177;133
177;134
177;135
177;136
177;137
177;138
177;139
177;140
177;141
177;142
177;143
177;144
177;145
177;146
177;147
177;148
177;149
177;150
177;151
177;152
177;153
177;154
177;155
177;156
177;157
177;158
177;159
177;160
177;161
177;162
177;163
177;164
177;165
177;166
177;167
177;168
177;169
177;170
177;171
177;172
177;173
177;174
177;175
177;456
177;457
177;458
177;459
177;460
177;461
177;462
177;463
177;464
177;465
177;466
177;467
177;468
177;469
177;470
177;471
177;472
177;473
177;474
177;475
177;476
177;477
177;478
177;479
177;480
177;481
177;482
177;483
177;484
177;485
177;486
177;487
177;488
177;489
177;490
177;491
177;492
177;493
177;494
177;495
177;496
177;497
177;498
177;499
177;500
177;501
177;502
177;503
177;504
177;505
177;506
177;507
177;508
177;509
177;510
177;511
177;512
177;513
177;514
177;515
177;516
177;517
177;518
177;519
177;520
177;521
177;522
177;523
177;524
177;525
177;526
177;527
177;528
177;529
177;530
177;531
177;532
177;533
177;534
177;535
177;536
177;537
177;538
177;539
177;540
177;541
177;542
177;543
177;544
177;545
177;546
177;547
177;548
177;549
177;550
177;551
177;552
177;553
177;554
177;555
177;556
177;557
177;558
177;559
177;560
177;561
177;562
177;563
177;564
177;565
177;566
177;567
177;568
177;569
177;570
177;571
177;572
177;573
177;574
177;575
177;576
177;577
177;578
177;579
177;580
177;581
177;582
177;583
177;584
177;585
177;586
177;587
177;588
177;589
177;590
177;591
177;592
177;593
177;594
177;595
177;596
177;597
177;598
177;599
177;600
177;601
177;602
177;603
177;604
177;605
177;606
177;607
177;608
177;609
177;610
177;611
177;612
177;613
177;614
177;615
177;616
177;617
177;618
177;619
177;620
177;621
177;622
177;623
177;624
177;625
177;626
177;627
177;628
177;629
177;630
177;631
177;632
177;633
177;634
177;635
177;636
177;637
177;638
177;639
177;640
177;641
177;642
177;643
177;644
177;645
177;646
177;647
177;648
177;649
177;650
177;651
177;652
177;653
177;654
177;655
177;656
177;657
177;658
177;659
177;660
177;661
177;662
177;663
177;664
177;665
177;666
177;667
177;668
177;669
177;670
177;671
177;672
177;673
177;674
177;675
177;676
177;677
177;678
177;679
177;680
177;681
177;682
177;683
177;684
177;685
177;686
177;687
177;688
177;689
177;690
177;691
177;692
177;693
177;694
177;695
177;696
177;697
177;698
177;699
177;700
177;701
177;702
178;35
178;36
178;37
178;38
178;39
178;40
178;41
178;42
178;43
178;44
178;45
178;46
178;47
178;48
178;49
178;50
178;51
178;52
178;53
178;54
178;55
178;56
178;57
178;58
178;59
178;60
178;61
178;62
178;63
178;64
178;65
178;66
178;67
178;68
178;69
178;70
178;71
178;72
178;73
178;74
178;75
178;76
178;77
178;78
178;79
178;80
178;81
178;82
178;83
178;84
178;85
178;86
178;87
178;88
178;89
178;90
178;91
178;92
178;93
178;94
178;95
178;96
178;97
178;98
178;99
178;100
178;101
178;102
178;103
178;104
178;105
178;106
178;107
178;108
178;109
178;110
178;111
178;112
178;113
178;114
178;115
178;116
178;117
178;118
178;119
178;120
178;121
178;122
178;123
178;124
178;125
178;126
178;127
178;128
178;129
178;130
178;131
178;132
178;133
178;134
178;135
178;136
178;137
178;138
178;139
178;140
178;141
178;142
178;143
178;144
178;145
178;146
178;147
178;148
178;149
178;150
178;151
178;152
178;153
178;154
178;155
178;156
178;157
178;158
178;159
178;160
178;161
178;162
178;163
178;164
178;165
178;166
178;167
178;168
178;169
178;170
178;171
178;172
178;173
178;174
178;175
178;176
178;177
178;456
178;457
178;458
178;459
178;460
178;461
178;462
178;463
178;464
178;465
178;466
178;467
178;468
178;469
178;470
178;471
178;472
178;473
178;474
178;475
178;476
178;477
178;478
178;479
178;480
178;481
178;482
178;483
178;484
178;485
178;486
178;487
178;488
178;489
178;490
178;491
178;492
178;493
178;494
178;495
178;496
178;497
178;498
178;499
178;500
178;501
178;502
178;503
178;504
178;505
178;506
178;507
178;508
178;509
178;510
178;511
178;512
178;513
178;514
178;515
178;516
178;517
178;518
178;519
178;520
178;521
178;522
178;523
178;524
178;525
178;526
178;527
178;528
178;529
178;530
178;531
178;532
178;533
178;534
178;535
178;536
178;537
178;538
178;539
178;540
178;541
178;542
178;543
178;544
178;545
178;546
178;547
178;548
178;549
178;550
178;551
178;552
178;553
178;554
178;555
178;556
178;557
178;558
178;559
178;560
178;561
178;562
178;563
178;564
178;565
178;566
178;567
178;568
178;569
178;570
178;571
178;572
178;573
178;574
178;575
178;576
178;577
178;578
178;579
178;580
178;581
178;582
178;583
178;584
178;585
178;586
178;587
178;588
178;589
178;590
178;591
178;592
178;593
178;594
178;595
178;596
178;597
178;598
178;599
178;600
178;601
178;602
178;603
178;604
178;605
178;606
178;607
178;608
178;609
178;610
178;611
178;612
178;613
178;614
178;615
178;616
178;617
178;618
178;619
178;620
178;621
178;622
178;623
178;624
178;625
178;626
178;627
178;628
178;629
178;630
178;631
178;632
178;633
178;634
178;635
178;636
178;637
178;638
178;639
178;640
178;641
178;642
178;643
178;644
178;645
178;646
178;647
178;648
178;649
178;650
178;651
178;652
178;653
178;654
178;655
178;656
178;657
178;658
178;659
178;660
178;661
178;662
178;663
178;664
178;665
178;666
178;667
178;668
178;669
178;670
178;671
178;672
178;673
178;674
178;675
178;676
178;677
178;678
178;679
178;680
178;681
178;682
178;683
178;684
178;685
178;686
178;687
178;688
178;689
178;690
178;691
178;692
178;693
178;694
178;695
178;696
178;697
178;698
178;699
178;700
178;701
178;702
179;33
179;34
179;35
179;36
179;37
179;38
179;39
179;40
179;41
179;42
179;43
179;44
179;45
179;46
179;47
179;48
179;49
179;50
179;51
179;52
179;53
179;54
179;55
179;56
179;57
179;58
179;59
179;60
179;61
179;62
179;63
179;64
179;65
179;66
179;67
179;68
179;69
179;70
179;71
179;72
179;73
179;74
179;75
179;76
179;77
179;78
179;79
179;80
179;81
179;82
179;83
179;84
179;85
179;86
179;87
179;88
179;89
179;90
179;91
179;92
179;93
179;94
179;95
179;96
179;97
179;98
179;99
179;100
179;101
179;102
179;103
179;104
179;105
179;106
179;107
179;108
179;109
179;110
179;111
179;112
179;113
179;114
179;115
179;116
179;117
179;118
179;119
179;120
179;121
179;122
179;123
179;124
179;125
179;126
179;127
179;128
179;129
179;130
179;131
179;132
179;133
179;134
179;135
179;136
179;137
179;138
179;139
179;140
179;141
179;142
179;143
179;144
179;145
179;146
179;147
179;148
179;149
179;150
179;151
179;152
179;153
179;154
179;155
179;156
179;157
179;158
179;159
179;160
179;161
179;162
179;163
179;164
179;165
179;166
179;167
179;168
179;169
179;170
179;171
179;172
179;173
179;174
179;175
179;176
179;177
179;178
179;456
179;457
179;458
179;459
179;460
179;461
179;462
179;463
179;464
179;465
179;466
179;467
179;468
179;469
179;470
179;471
179;472
179;473
179;474
179;475
179;476
179;477
179;478
179;479
179;480
179;481
179;482
179;483
179;484
179;485
179;486
179;487
179;488
179;489
179;490
179;491
179;492
179;493
179;494
179;495
179;496
179;497
179;498
179;499
179;500
179;501
179;502
179;503
179;504
179;505
179;506
179;507
179;508
179;509
179;510
179;511
179;512
179;513
179;514
179;515
179;516
179;517
179;518
179;519
179;520
179;521
179;522
179;523
179;524
179;525
179;526
179;527
179;528
179;529
179;530
179;531
179;532
179;533
179;534
179;535
179;536
179;537
179;538
179;539
179;540
179;541
179;542
179;543
179;544
179;545
179;546
179;547
179;548
179;549
179;550
179;551
179;552
179;553
179;554
179;555
179;556
179;557
179;558
179;559
179;560
179;561
179;562
179;563
179;564
179;565
179;566
179;567
179;568
179;569
179;570
179;571
179;572
179;573
179;574
179;575
179;576
179;577
179;578
179;579
179;580
179;581
179;582
179;583
179;584
179;585
179;586
179;587
179;588
179;589
179;590
179;591
179;592
179;593
179;594
179;595
179;596
179;597
179;598
179;599
179;600
179;601
179;602
179;603
179;604
179;605
179;606
179;607
179;608
179;609
179;610
179;611
179;612
179;613
179;614
179;615
179;616
179;617
179;618
179;619
179;620
179;621
179;622
179;623
179;624
179;625
179;626
179;627
179;628
179;629
179;630
179;631
179;632
179;633
179;634
179;635
179;636
179;637
179;638
179;639
179;640
179;641
179;642
179;643
179;644
179;645
179;646
179;647
179;648
179;649
179;650
179;651
179;652
179;653
179;654
179;655
179;656
179;657
179;658
179;659
179;660
179;661
179;662
179;663
179;664
179;665
179;666
179;667
179;668
179;669
179;670
179;671
179;672
179;673
179;674
179;675
179;676
179;677
179;678
179;679
179;680
179;681
179;682
179;683
179;684
179;685
179;686
179;687
179;688
179;689
179;690
179;691
179;692
179;693
179;694
179;695
179;696
179;697
179;698
179;699
179;700
180;32
180;33
180;34
180;35
180;36
180;37
180;38
180;39
180;40
180;41
180;42
180;43
180;44
180;45
180;46
180;47
180;48
180;49
180;50
180;51
180;52
180;53
180;54
180;55
180;56
180;57
180;58
180;59
180;60
180;61
180;62
180;63
180;64
180;65
180;66
180;67
180;68
180;69
180;70
180;71
180;72
180;73
180;74
180;75
180;76
180;77
180;78
180;79
180;80
180;81
180;82
180;83
180;84
180;85
180;86
180;87
180;88
180;89
180;90
180;91
180;92
180;93
180;94
180;95
180;96
180;97
180;98
180;99
180;100
180;101
180;102
180;103
180;104
180;105
180;106
180;107
180;108
180;109
180;110
180;111
180;112
180;113
180;114
180;115
180;116
180;117
180;118
180;119
180;120
180;121
180;122
180;123
180;124
180;125
180;126
180;127
180;128
180;129
180;130
180;131
180;132
180;133
180;134
180;135
180;136
180;137
180;138
180;139
180;140
180;141
180;142
180;143
180;144
180;145
180;146
180;147
180;148
180;149
180;150
180;151
180;152
180;153
180;154
180;155
180;156
180;157
180;158
180;159
180;160
180;161
180;162
180;163
180;164
180;165
180;166
180;167
180;168
180;169
180;170
180;171
180;172
180;173
180;174
180;175
180;176
180;177
180;178
180;179
180;457
180;458
180;459
180;460
180;461
180;462
180;463
180;464
180;465
180;466
180;467
180;468
180;469
180;470
180;471
180;472
180;473
180;474
180;475
180;476
180;477
180;478
180;479
180;480
180;481
180;482
180;483
180;484
180;485
180;486
180;487
180;488
180;489
180;490
180;491
180;492
180;493
180;494
180;495
180;496
180;497
180;498
180;499
180;500
180;501
180;502
180;503
180;504
180;505
180;506
180;507
180;508
180;509
180;510
180;511
180;512
180;513
180;514
180;515
180;516
180;517
180;518
180;519
180;520
180;521
180;522
180;523
180;524
180;525
180;526
180;527
180;528
180;529
180;530
180;531
180;532
180;533
180;534
180;535
180;536
180;537
180;538
180;539
180;540
180;541
180;542
180;543
180;544
180;545
180;546
180;547
180;548
180;549
180;550
180;551
180;552
180;553
180;554
180;555
180;556
180;557
180;558
180;559
180;560
180;561
180;562
180;563
180;564
180;565
180;566
180;567
180;568
180;569
180;570
180;571
180;572
180;573
180;574
180;575
180;576
180;577
180;578
180;579
180;580
180;581
180;582
180;583
180;584
180;585
180;586
180;587
180;588
180;589
180;590
180;591
180;592
180;593
180;594
180;595
180;596
180;597
180;598
180;599
180;600
180;601
180;602
180;603
180;604
180;605
180;606
180;607
180;608
180;609
180;610
180;611
180;612
180;613
180;614
180;615
180;616
180;617
180;618
180;619
180;620
180;621
180;622
180;623
180;624
180;625
180;626
180;627
180;628
180;629
180;630
180;631
180;632
180;633
180;634
180;635
180;636
180;637
180;638
180;639
180;640
180;641
180;642
180;643
180;644
180;645
180;646
180;647
180;648
180;649
180;650
180;651
180;652
180;653
180;654
180;655
180;656
180;657
180;658
180;659
180;660
180;661
180;662
180;663
180;664
180;665
180;666
180;667
180;668
180;669
180;670
180;671
180;672
180;673
180;674
180;675
180;676
180;677
180;678
180;679
180;680
180;681
180;682
180;683
180;684
180;685
180;686
180;687
180;688
180;689
180;690
180;691
180;692
180;693
180;694
180;695
180;696
180;697
180;698
180;699
180;700
181;31
181;32
181;33
181;34
181;35
181;36
181;37
181;38
181;39
181;40
181;41
181;42
181;43
181;44
181;45
181;46
181;47
181;48
181;49
181;50
181;51
181;52
181;53
181;54
181;55
181;56
181;57
181;58
181;59
181;60
181;61
181;62
181;63
181;64
181;65
181;66
181;67
181;68
181;69
181;70
181;71
181;72
181;73
181;74
181;75
181;76
181;77
181;78
181;79
181;80
181;81
181;82
181;83
181;84
181;85
181;86
181;87
181;88
181;89
181;90
181;91
181;92
181;93
181;94
181;95
181;96
181;97
181;98
181;99
181;100
181;101
181;102
181;103
181;104
181;105
181;106
181;107
181;108
181;109
181;110
181;111
181;112
181;113
181;114
181;115
181;116
181;117
181;118
181;119
181;120
181;121
181;122
181;123
181;124
181;125
181;126
181;127
181;128
181;129
181;130
181;131
181;132
181;133
181;134
181;135
181;136
181;137
181;138
181;139
181;140
181;141
181;142
181;143
181;144
181;145
181;146
181;147
181;148
181;149
181;150
181;151
181;152
181;153
181;154
181;155
181;156
181;157
181;158
181;159
181;160
181;161
181;162
181;163
181;164
181;165
181;166
181;167
181;168
181;169
181;170
181;171
181;172
181;173
181;174
181;175
181;176
181;177
181;178
181;179
181;180
181;457
181;458
181;459
181;460
181;461
181;462
181;463
181;464
181;465
181;466
181;467
181;468
181;469
181;470
181;471
181;472
181;473
181;474
181;475
181;476
181;477
181;478
181;479
181;480
181;481
181;482
181;483
181;484
181;485
181;486
181;487
181;488
181;489
181;490
181;491
181;492
181;493
181;494
181;495
181;496
181;497
181;498
181;499
181;500
181;501
181;502
181;503
181;504
181;505
181;506
181;507
181;508
181;509
181;510
181;511
181;512
181;513
181;514
181;515
181;516
181;517
181;518
181;519
181;520
181;521
181;522
181;523
181;524
181;525
181;526
181;527
181;528
181;529
181;530
181;531
181;532
181;533
181;534
181;535
181;536
181;537
181;538
181;539
181;540
181;541
181;542
181;543
181;544
181;545
181;546
181;547
181;548
181;549
181;550
181;551
181;552
181;553
181;554
181;555
181;556
181;557
181;558
181;559
181;560
181;561
181;562
181;563
181;564
181;565
181;566
181;567
181;568
181;569
181;570
181;571
181;572
181;573
181;574
181;575
181;576
181;577
181;578
181;579
181;580
181;581
181;582
181;583
181;584
181;585
181;586
181;587
181;588
181;589
181;590
181;591
181;592
181;593
181;594
181;595
181;596
181;597
181;598
181;599
181;600
181;601
181;602
181;603
181;604
181;605
181;606
181;607
181;608
181;609
181;610
181;611
181;612
181;613
181;614
181;615
181;616
181;617
181;618
181;619
181;620
181;621
181;622
181;623
181;624
181;625
181;626
181;627
181;628
181;629
181;630
181;631
181;632
181;633
181;634
181;635
181;636
181;637
181;638
181;639
181;640
181;641
181;642
181;643
181;644
181;645
181;646
181;647
181;648
181;649
181;650
181;651
181;652
181;653
181;654
181;655
181;656
181;657
181;658
181;659
181;660
181;661
181;662
181;663
181;664
181;665
181;666
181;667
181;668
181;669
181;670
181;671
181;672
181;673
181;674
181;675
181;676
181;677
181;678
181;679
181;680
181;681
181;682
181;683
181;684
181;685
181;686
181;687
181;688
181;689
181;690
181;691
181;692
181;693
181;694
181;695
181;696
181;697
181;698
182;30
182;31
182;32
182;33
182;34
182;35
182;36
182;37
182;38
182;39
182;40
182;41
182;42
182;43
182;44
182;45
182;46
182;47
182;48
182;49
182;50
182;51
182;52
182;53
182;54
182;55
182;56
182;57
182;58
182;59
182;60
182;61
182;62
182;63
182;64
182;65
182;66
182;67
182;68
182;69
182;70
182;71
182;72
182;73
182;74
182;75
182;76
182;77
182;78
182;79
182;80
182;81
182;82
182;83
182;84
182;85
182;86
182;87
182;88
182;89
182;90
182;91
182;92
182;93
182;94
182;95
182;96
182;97
182;98
182;99
182;100
182;101
182;102
182;103
182;104
182;105
182;106
182;107
182;108
182;109
182;110
182;111
182;112
182;113
182;114
182;115
182;116
182;117
182;118
182;119
182;120
182;121
182;122
182;123
182;124
182;125
182;126
182;127
182;128
182;129
182;130
182;131
182;132
182;133
182;134
182;135
182;136
182;137
182;138
182;139
182;140
182;141
182;142
182;143
182;144
182;145
182;146
182;147
182;148
182;149
182;150
182;151
182;152
182;153
182;154
182;155
182;156
182;157
182;158
182;159
182;160
182;161
182;162
182;163
182;164
182;165
182;166
182;167
182;168
182;169
182;170
182;171
182;172
182;173
182;174
182;175
182;176
182;177
182;178
182;179
182;180
182;181
182;457
182;458
182;459
182;460
182;461
182;462
182;463
182;464
182;465
182;466
182;467
182;468
182;469
182;470
182;471
182;472
182;473
182;474
182;475
182;476
182;477
182;478
182;479
182;480
182;481
182;482
182;483
182;484
182;485
182;486
182;487
182;488
182;489
182;490
182;491
182;492
182;493
182;494
182;495
182;496
182;497
182;498
182;499
182;500
182;501
182;502
182;503
182;504
182;505
182;506
182;507
182;508
182;509
182;510
182;511
182;512
182;513
182;514
182;515
182;516
182;517
182;518
182;519
182;520
182;521
182;522
182;523
182;524
182;525
182;526
182;527
182;528
182;529
182;530
182;531
182;532
182;533
182;534
182;535
182;536
182;537
182;538
182;539
182;540
182;541
182;542
182;543
182;544
182;545
182;546
182;547
182;548
182;549
182;550
182;551
182;552
182;553
182;554
182;555
182;556
182;557
182;558
182;559
182;560
182;561
182;562
182;563
182;564
182;565
182;566
182;567
182;568
182;569
182;570
182;571
182;572
182;573
182;574
182;575
182;576
182;577
182;578
182;579
182;580
182;581
182;582
182;583
182;584
182;585
182;586
182;587
182;588
182;589
182;590
182;591
182;592
182;593
182;594
182;595
182;596
182;597
182;598
182;599
182;600
182;601
182;602
182;603
182;604
182;605
182;606
182;607
182;608
182;609
182;610
182;611
182;612
182;613
182;614
182;615
182;616
182;617
182;618
182;619
182;620
182;621
182;622
182;623
182;624
182;625
182;626
182;627
182;628
182;629
182;630
182;631
182;632
182;633
182;634
182;635
182;636
182;637
182;638
182;639
182;640
182;641
182;642
182;643
182;644
182;645
182;646
182;647
182;648
182;649
182;650
182;651
182;652
182;653
182;654
182;655
182;656
182;657
182;658
182;659
182;660
182;661
182;662
182;663
182;664
182;665
182;666
182;667
182;668
182;669
182;670
182;671
182;672
182;673
182;674
182;675
182;676
182;677
182;678
182;679
182;680
182;681
182;682
182;683
182;684
182;685
182;686
182;687
182;688
182;689
182;690
182;691
182;692
182;693
182;694
182;695
182;696
182;697
182;698
183;29
183;30
183;31
183;32
183;33
183;34
183;35
183;36
183;37
183;38
183;39
183;40
183;41
183;42
183;43
183;44
183;45
183;46
183;47
183;48
183;49
183;50
183;51
183;52
183;53
183;54
183;55
183;56
183;57
183;58
183;59
183;60
183;61
183;62
183;63
183;64
183;65
183;66
183;67
183;68
183;69
183;70
183;71
183;72
183;73
183;74
183;75
183;76
183;77
183;78
183;79
183;80
183;81
183;82
183;83
183;84
183;85
183;86
183;87
183;88
183;89
183;90
183;91
183;92
183;93
183;94
183;95
183;96
183;97
183;98
183;99
183;100
183;101
183;102
183;103
183;104
183;105
183;106
183;107
183;108
183;109
183;110
183;111
183;112
183;113
183;114
183;115
183;116
183;117
183;118
183;119
183;120
183;121
183;122
183;123
183;124
183;125
183;126
183;127
183;128
183;129
183;130
183;131
183;132
183;133
183;134
183;135
183;136
183;137
183;138
183;139
183;140
183;141
183;142
183;143
183;144
183;145
183;146
183;147
183;148
183;149
183;150
183;151
183;152
183;153
183;154
183;155
183;156
183;157
183;158
183;159
183;160
183;161
183;162
183;163
183;164
183;165
183;166
183;167
183;168
183;169
183;170
183;171
183;172
183;173
183;174
183;175
183;176
183;177
183;178
183;179
183;180
183;181
183;182
183;183
183;458
183;459
183;460
183;461
183;462
183;463
183;464
183;465
183;466
183;467
183;468
183;469
183;470
183;471
183;472
183;473
183;474
183;475
183;476
183;477
183;478
183;479
183;480
183;481
183;482
183;483
183;484
183;485
183;486
183;487
183;488
183;489
183;490
183;491
183;492
183;493
183;494
183;495
183;496
183;497
183;498
183;499
183;500
183;501
183;502
183;503
183;504
183;505
183;506
183;507
183;508
183;509
183;510
183;511
183;512
183;513
183;514
183;515
183;516
183;517
183;518
183;519
183;520
183;521
183;522
183;523
183;524
183;525
183;526
183;527
183;528
183;529
183;530
183;531
183;532
183;533
183;534
183;535
183;536
183;537
183;538
183;539
183;540
183;541
183;542
183;543
183;544
183;545
183;546
183;547
183;548
183;549
183;550
183;551
183;552
183;553
183;554
183;555
183;556
183;557
183;558
183;559
183;560
183;561
183;562
183;563
183;564
183;565
183;566
183;567
183;568
183;569
183;570
183;571
183;572
183;573
183;574
183;575
183;576
183;577
183;578
183;579
183;580
183;581
183;582
183;583
183;584
183;585
183;586
183;587
183;588
183;589
183;590
183;591
183;592
183;593
183;594
183;595
183;596
183;597
183;598
183;599
183;600
183;601
183;602
183;603
183;604
183;605
183;606
183;607
183;608
183;609
183;610
183;611
183;612
183;613
183;614
183;615
183;616
183;617
183;618
183;619
183;620
183;621
183;622
183;623
183;624
183;625
183;626
183;627
183;628
183;629
183;630
183;631
183;632
183;633
183;634
183;635
183;636
183;637
183;638
183;639
183;640
183;641
183;642
183;643
183;644
183;645
183;646
183;647
183;648
183;649
183;650
183;651
183;652
183;653
183;654
183;655
183;656
183;657
183;658
183;659
183;660
183;661
183;662
183;663
183;664
183;665
183;666
183;667
183;668
183;669
183;670
183;671
183;672
183;673
183;674
183;675
183;676
183;677
183;678
183;679
183;680
183;681
183;682
183;683
183;684
183;685
183;686
183;687
183;688
183;689
183;690
183;691
183;692
183;693
183;694
183;695
183;696
184;28
184;29
184;30
184;31
184;32
184;33
184;34
184;35
184;36
184;37
184;38
184;39
184;40
184;41
184;42
184;43
184;44
184;45
184;46
184;47
184;48
184;49
184;50
184;51
184;52
184;53
184;54
184;55
184;56
184;57
184;58
184;59
184;60
184;61
184;62
184;63
184;64
184;65
184;66
184;67
184;68
184;69
184;70
184;71
184;72
184;73
184;74
184;75
184;76
184;77
184;78
184;79
184;80
184;81
184;82
184;83
184;84
184;85
184;86
184;87
184;88
184;89
184;90
184;91
184;92
184;93
184;94
184;95
184;96
184;97
184;98
184;99
184;100
184;101
184;102
184;103
184;104
184;105
184;106
184;107
184;108
184;109
184;110
184;111
184;112
184;113
184;114
184;115
184;116
184;117
184;118
184;119
184;120
184;121
184;122
184;123
184;124
184;125
184;126
184;127
184;128
184;129
184;130
184;131
184;132
184;133
184;134
184;135
184;136
184;137
184;138
184;139
184;140
184;141
184;142
184;143
184;144
184;145
184;146
184;147
184;148
184;149
184;150
184;151
184;152
184;153
184;154
184;155
184;156
184;157
184;158
184;159
184;160
184;161
184;162
184;163
184;164
184;165
184;166
184;167
184;168
184;169
184;170
184;171
184;172
184;173
184;174
184;175
184;176
184;177
184;178
184;179
184;180
184;181
184;182
184;183
184;458
184;459
184;460
184;461
184;462
184;463
184;464
184;465
184;466
184;467
184;468
184;469
184;470
184;471
184;472
184;473
184;474
184;475
184;476
184;477
184;478
184;479
184;480
184;481
184;482
184;483
184;484
184;485
184;486
184;487
184;488
184;489
184;490
184;491
184;492
184;493
184;494
184;495
184;496
184;497
184;498
184;499
184;500
184;501
184;502
184;503
184;504
184;505
184;506
184;507
184;508
184;509
184;510
184;511
184;512
184;513
184;514
184;515
184;516
184;517
184;518
184;519
184;520
184;521
184;522
184;523
184;524
184;525
184;526
184;527
184;528
184;529
184;530
184;531
184;532
184;533
184;534
184;535
184;536
184;537
184;538
184;539
184;540
184;541
184;542
184;543
184;544
184;545
184;546
184;547
184;548
184;549
184;550
184;551
184;552
184;553
184;554
184;555
184;556
184;557
184;558
184;559
184;560
184;561
184;562
184;563
184;564
184;565
184;566
184;567
184;568
184;569
184;570
184;571
184;572
184;573
184;574
184;575
184;576
184;577
184;578
184;579
184;580
184;581
184;582
184;583
184;584
184;585
184;586
184;587
184;588
184;589
184;590
184;591
184;592
184;593
184;594
184;595
184;596
184;597
184;598
184;599
184;600
184;601
184;602
184;603
184;604
184;605
184;606
184;607
184;608
184;609
184;610
184;611
184;612
184;613
184;614
184;615
184;616
184;617
184;618
184;619
184;620
184;621
184;622
184;623
184;624
184;625
184;626
184;627
184;628
184;629
184;630
184;631
184;632
184;633
184;634
184;635
184;636
184;637
184;638
184;639
184;640
184;641
184;642
184;643
184;644
184;645
184;646
184;647
184;648
184;649
184;650
184;651
184;652
184;653
184;654
184;655
184;656
184;657
184;658
184;659
184;660
184;661
184;662
184;663
184;664
184;665
184;666
184;667
184;668
184;669
184;670
184;671
184;672
184;673
184;674
184;675
184;676
184;677
184;678
184;679
184;680
184;681
184;682
184;683
184;684
184;685
184;686
184;687
184;688
184;689
184;690
184;691
184;692
184;693
184;694
184;695
185;27
185;28
185;29
185;30
185;31
185;32
185;33
185;34
185;35
185;36
185;37
185;38
185;39
185;40
185;41
185;42
185;43
185;44
185;45
185;46
185;47
185;48
185;49
185;50
185;51
185;52
185;53
185;54
185;55
185;56
185;57
185;58
185;59
185;60
185;61
185;62
185;63
185;64
185;65
185;66
185;67
185;68
185;69
185;70
185;71
185;72
185;73
185;74
185;75
185;76
185;77
185;78
185;79
185;80
185;81
185;82
185;83
185;84
185;85
185;86
185;87
185;88
185;89
185;90
185;91
185;92
185;93
185;94
185;95
185;96
185;97
185;98
185;99
185;100
185;101
185;102
185;103
185;104
185;105
185;106
185;107
185;108
185;109
185;110
185;111
185;112
185;113
185;114
185;115
185;116
185;117
185;118
185;119
185;120
185;121
185;122
185;123
185;124
185;125
185;126
185;127
185;128
185;129
185;130
185;131
185;132
185;133
185;134
185;135
185;136
185;137
185;138
185;139
185;140
185;141
185;142
185;143
185;144
185;145
185;146
185;147
185;148
185;149
185;150
185;151
185;152
185;153
185;154
185;155
185;156
185;157
185;158
185;159
185;160
185;161
185;162
185;163
185;164
185;165
185;166
185;167
185;168
185;169
185;170
185;171
185;172
185;173
185;174
185;175
185;176
185;177
185;178
185;179
185;180
185;181
185;182
185;183
185;184
185;185
185;458
185;459
185;460
185;461
185;462
185;463
185;464
185;465
185;466
185;467
185;468
185;469
185;470
185;471
185;472
185;473
185;474
185;475
185;476
185;477
185;478
185;479
185;480
185;481
185;482
185;483
185;484
185;485
185;486
185;487
185;488
185;489
185;490
185;491
185;492
185;493
185;494
185;495
185;496
185;497
185;498
185;499
185;500
185;501
185;502
185;503
185;504
185;505
185;506
185;507
185;508
185;509
185;510
185;511
185;512
185;513
185;514
185;515
185;516
185;517
185;518
185;519
185;520
185;521
185;522
185;523
185;524
185;525
185;526
185;527
185;528
185;529
185;530
185;531
185;532
185;533
185;534
185;535
185;536
185;537
185;538
185;539
185;540
185;541
185;542
185;543
185;544
185;545
185;546
185;547
185;548
185;549
185;550
185;551
185;552
185;553
185;554
185;555
185;556
185;557
185;558
185;559
185;560
185;561
185;562
185;563
185;564
185;565
185;566
185;567
185;568
185;569
185;570
185;571
185;572
185;573
185;574
185;575
185;576
185;577
185;578
185;579
185;580
185;581
185;582
185;583
185;584
185;585
185;586
185;587
185;588
185;589
185;590
185;591
185;592
185;593
185;594
185;595
185;596
185;597
185;598
185;599
185;600
185;601
185;602
185;603
185;604
185;605
185;606
185;607
185;608
185;609
185;610
185;611
185;612
185;613
185;614
185;615
185;616
185;617
185;618
185;619
185;620
185;621
185;622
185;623
185;624
185;625
185;626
185;627
185;628
185;629
185;630
185;631
185;632
185;633
185;634
185;635
185;636
185;637
185;638
185;639
185;640
185;641
185;642
185;643
185;644
185;645
185;646
185;647
185;648
185;649
185;650
185;651
185;652
185;653
185;654
185;655
185;656
185;657
185;658
185;659
185;660
185;661
185;662
185;663
185;664
185;665
185;666
185;667
185;668
185;669
185;670
185;671
185;672
185;673
185;674
185;675
185;676
185;677
185;678
185;679
185;680
185;681
185;682
185;683
185;684
185;685
185;686
185;687
185;688
185;689
185;690
185;691
185;692
185;693
185;694
186;26
186;27
186;28
186;29
186;30
186;31
186;32
186;33
186;34
186;35
186;36
186;37
186;38
186;39
186;40
186;41
186;42
186;43
186;44
186;45
186;46
186;47
186;48
186;49
186;50
186;51
186;52
186;53
186;54
186;55
186;56
186;57
186;58
186;59
186;60
186;61
186;62
186;63
186;64
186;65
186;66
186;67
186;68
186;69
186;70
186;71
186;72
186;73
186;74
186;75
186;76
186;77
186;78
186;79
186;80
186;81
186;82
186;83
186;84
186;85
186;86
186;87
186;88
186;89
186;90
186;91
186;92
186;93
186;94
186;95
186;96
186;97
186;98
186;99
186;100
186;101
186;102
186;103
186;104
186;105
186;106
186;107
186;108
186;109
186;110
186;111
186;112
186;113
186;114
186;115
186;116
186;117
186;118
186;119
186;120
186;121
186;122
186;123
186;124
186;125
186;126
186;127
186;128
186;129
186;130
186;131
186;132
186;133
186;134
186;135
186;136
186;137
186;138
186;139
186;140
186;141
186;142
186;143
186;144
186;145
186;146
186;147
186;148
186;149
186;150
186;151
186;152
186;153
186;154
186;155
186;156
186;157
186;158
186;159
186;160
186;161
186;162
186;163
186;164
186;165
186;166
186;167
186;168
186;169
186;170
186;171
186;172
186;173
186;174
186;175
186;176
186;177
186;178
186;179
186;180
186;181
186;182
186;183
186;184
186;185
186;458
186;459
186;460
186;461
186;462
186;463
186;464
186;465
186;466
186;467
186;468
186;469
186;470
186;471
186;472
186;473
186;474
186;475
186;476
186;477
186;478
186;479
186;480
186;481
186;482
186;483
186;484
186;485
186;486
186;487
186;488
186;489
186;490
186;491
186;492
186;493
186;494
186;495
186;496
186;497
186;498
186;499
186;500
186;501
186;502
186;503
186;504
186;505
186;506
186;507
186;508
186;509
186;510
186;511
186;512
186;513
186;514
186;515
186;516
186;517
186;518
186;519
186;520
186;521
186;522
186;523
186;524
186;525
186;526
186;527
186;528
186;529
186;530
186;531
186;532
186;533
186;534
186;535
186;536
186;537
186;538
186;539
186;540
186;541
186;542
186;543
186;544
186;545
186;546
186;547
186;548
186;549
186;550
186;551
186;552
186;553
186;554
186;555
186;556
186;557
186;558
186;559
186;560
186;561
186;562
186;563
186;564
186;565
186;566
186;567
186;568
186;569
186;570
186;571
186;572
186;573
186;574
186;575
186;576
186;577
186;578
186;579
186;580
186;581
186;582
186;583
186;584
186;585
186;586
186;587
186;588
186;589
186;590
186;591
186;592
186;593
186;594
186;595
186;596
186;597
186;598
186;599
186;600
186;601
186;602
186;603
186;604
186;605
186;606
186;607
186;608
186;609
186;610
186;611
186;612
186;613
186;614
186;615
186;616
186;617
186;618
186;619
186;620
186;621
186;622
186;623
186;624
186;625
186;626
186;627
186;628
186;629
186;630
186;631
186;632
186;633
186;634
186;635
186;636
186;637
186;638
186;639
186;640
186;641
186;642
186;643
186;644
186;645
186;646
186;647
186;648
186;649
186;650
186;651
186;652
186;653
186;654
186;655
186;656
186;657
186;658
186;659
186;660
186;661
186;662
186;663
186;664
186;665
186;666
186;667
186;668
186;669
186;670
186;671
186;672
186;673
186;674
186;675
186;676
186;677
186;678
186;679
186;680
186;681
186;682
186;683
186;684
186;685
186;686
186;687
186;688
186;689
186;690
186;691
186;692
187;25
187;26
187;27
187;28
187;29
187;30
187;31
187;32
187;33
187;34
187;35
187;36
187;37
187;38
187;39
187;40
187;41
187;42
187;43
187;44
187;45
187;46
187;47
187;48
187;49
187;50
187;51
187;52
187;53
187;54
187;55
187;56
187;57
187;58
187;59
187;60
187;61
187;62
187;63
187;64
187;65
187;66
187;67
187;68
187;69
187;70
187;71
187;72
187;73
187;74
187;75
187;76
187;77
187;78
187;79
187;80
187;81
187;82
187;83
187;84
187;85
187;86
187;87
187;88
187;89
187;90
187;91
187;92
187;93
187;94
187;95
187;96
187;97
187;98
187;99
187;100
187;101
187;102
187;103
187;104
187;105
187;106
187;107
187;108
187;109
187;110
187;111
187;112
187;113
187;114
187;115
187;116
187;117
187;118
187;119
187;120
187;121
187;122
187;123
187;124
187;125
187;126
187;127
187;128
187;129
187;130
187;131
187;132
187;133
187;134
187;135
187;136
187;137
187;138
187;139
187;140
187;141
187;142
187;143
187;144
187;145
187;146
187;147
187;148
187;149
187;150
187;151
187;152
187;153
187;154
187;155
187;156
187;157
187;158
187;159
187;160
187;161
187;162
187;163
187;164
187;165
187;166
187;167
187;168
187;169
187;170
187;171
187;172
187;173
187;174
187;175
187;176
187;177
187;178
187;179
187;180
187;181
187;182
187;183
187;184
187;185
187;186
187;458
187;459
187;460
187;461
187;462
187;463
187;464
187;465
187;466
187;467
187;468
187;469
187;470
187;471
187;472
187;473
187;474
187;475
187;476
187;477
187;478
187;479
187;480
187;481
187;482
187;483
187;484
187;485
187;486
187;487
187;488
187;489
187;490
187;491
187;492
187;493
187;494
187;495
187;496
187;497
187;498
187;499
187;500
187;501
187;502
187;503
187;504
187;505
187;506
187;507
187;508
187;509
187;510
187;511
187;512
187;513
187;514
187;515
187;516
187;517
187;518
187;519
187;520
187;521
187;522
187;523
187;524
187;525
187;526
187;527
187;528
187;529
187;530
187;531
187;532
187;533
187;534
187;535
187;536
187;537
187;538
187;539
187;540
187;541
187;542
187;543
187;544
187;545
187;546
187;547
187;548
187;549
187;550
187;551
187;552
187;553
187;554
187;555
187;556
187;557
187;558
187;559
187;560
187;561
187;562
187;563
187;564
187;565
187;566
187;567
187;568
187;569
187;570
187;571
187;572
187;573
187;574
187;575
187;576
187;577
187;578
187;579
187;580
187;581
187;582
187;583
187;584
187;585
187;586
187;587
187;588
187;589
187;590
187;591
187;592
187;593
187;594
187;595
187;596
187;597
187;598
187;599
187;600
187;601
187;602
187;603
187;604
187;605
187;606
187;607
187;608
187;609
187;610
187;611
187;612
187;613
187;614
187;615
187;616
187;617
187;618
187;619
187;620
187;621
187;622
187;623
187;624
187;625
187;626
187;627
187;628
187;629
187;630
187;631
187;632
187;633
187;634
187;635
187;636
187;637
187;638
187;639
187;640
187;641
187;642
187;643
187;644
187;645
187;646
187;647
187;648
187;649
187;650
187;651
187;652
187;653
187;654
187;655
187;656
187;657
187;658
187;659
187;660
187;661
187;662
187;663
187;664
187;665
187;666
187;667
187;668
187;669
187;670
187;671
187;672
187;673
187;674
187;675
187;676
187;677
187;678
187;679
187;680
187;681
187;682
187;683
187;684
187;685
187;686
187;687
187;688
187;689
187;690
188;24
188;25
188;26
188;27
188;28
188;29
188;30
188;31
188;32
188;33
188;34
188;35
188;36
188;37
188;38
188;39
188;40
188;41
188;42
188;43
188;44
188;45
188;46
188;47
188;48
188;49
188;50
188;51
188;52
188;53
188;54
188;55
188;56
188;57
188;58
188;59
188;60
188;61
188;62
188;63
188;64
188;65
188;66
188;67
188;68
188;69
188;70
188;71
188;72
188;73
188;74
188;75
188;76
188;77
188;78
188;79
188;80
188;81
188;82
188;83
188;84
188;85
188;86
188;87
188;88
188;89
188;90
188;91
188;92
188;93
188;94
188;95
188;96
188;97
188;98
188;99
188;100
188;101
188;102
188;103
188;104
188;105
188;106
188;107
188;108
188;109
188;110
188;111
188;112
188;113
188;114
188;115
188;116
188;117
188;118
188;119
188;120
188;121
188;122
188;123
188;124
188;125
188;126
188;127
188;128
188;129
188;130
188;131
188;132
188;133
188;134
188;135
188;136
188;137
188;138
188;139
188;140
188;141
188;142
188;143
188;144
188;145
188;146
188;147
188;148
188;149
188;150
188;151
188;152
188;153
188;154
188;155
188;156
188;157
188;158
188;159
188;160
188;161
188;162
188;163
188;164
188;165
188;166
188;167
188;168
188;169
188;170
188;171
188;172
188;173
188;174
188;175
188;176
188;177
188;178
188;179
188;180
188;181
188;182
188;183
188;184
188;185
188;186
188;187
188;459
188;460
188;461
188;462
188;463
188;464
188;465
188;466
188;467
188;468
188;469
188;470
188;471
188;472
188;473
188;474
188;475
188;476
188;477
188;478
188;479
188;480
188;481
188;482
188;483
188;484
188;485
188;486
188;487
188;488
188;489
188;490
188;491
188;492
188;493
188;494
188;495
188;496
188;497
188;498
188;499
188;500
188;501
188;502
188;503
188;504
188;505
188;506
188;507
188;508
188;509
188;510
188;511
188;512
188;513
188;514
188;515
188;516
188;517
188;518
188;519
188;520
188;521
188;522
188;523
188;524
188;525
188;526
188;527
188;528
188;529
188;530
188;531
188;532
188;533
188;534
188;535
188;536
188;537
188;538
188;539
188;540
188;541
188;542
188;543
188;544
188;545
188;546
188;547
188;548
188;549
188;550
188;551
188;552
188;553
188;554
188;555
188;556
188;557
188;558
188;559
188;560
188;561
188;562
188;563
188;564
188;565
188;566
188;567
188;568
188;569
188;570
188;571
188;572
188;573
188;574
188;575
188;576
188;577
188;578
188;579
188;580
188;581
188;582
188;583
188;584
188;585
188;586
188;587
188;588
188;589
188;590
188;591
188;592
188;593
188;594
188;595
188;596
188;597
188;598
188;599
188;600
188;601
188;602
188;603
188;604
188;605
188;606
188;607
188;608
188;609
188;610
188;611
188;612
188;613
188;614
188;615
188;616
188;617
188;618
188;619
188;620
188;621
188;622
188;623
188;624
188;625
188;626
188;627
188;628
188;629
188;630
188;631
188;632
188;633
188;634
188;635
188;636
188;637
188;638
188;639
188;640
188;641
188;642
188;643
188;644
188;645
188;646
188;647
188;648
188;649
188;650
188;651
188;652
188;653
188;654
188;655
188;656
188;657
188;658
188;659
188;660
188;661
188;662
188;663
188;664
188;665
188;666
188;667
188;668
188;669
188;670
188;671
188;672
188;673
188;674
188;675
188;676
188;677
188;678
188;679
188;680
188;681
188;682
188;683
188;684
188;685
188;686
188;687
188;688
188;689
188;690
189;23
189;24
189;25
189;26
189;27
189;28
189;29
189;30
189;31
189;32
189;33
189;34
189;35
189;36
189;37
189;38
189;39
189;40
189;41
189;42
189;43
189;44
189;45
189;46
189;47
189;48
189;49
189;50
189;51
189;52
189;53
189;54
189;55
189;56
189;57
189;58
189;59
189;60
189;61
189;62
189;63
189;64
189;65
189;66
189;67
189;68
189;69
189;70
189;71
189;72
189;73
189;74
189;75
189;76
189;77
189;78
189;79
189;80
189;81
189;82
189;83
189;84
189;85
189;86
189;87
189;88
189;89
189;90
189;91
189;92
189;93
189;94
189;95
189;96
189;97
189;98
189;99
189;100
189;101
189;102
189;103
189;104
189;105
189;106
189;107
189;108
189;109
189;110
189;111
189;112
189;113
189;114
189;115
189;116
189;117
189;118
189;119
189;120
189;121
189;122
189;123
189;124
189;125
189;126
189;127
189;128
189;129
189;130
189;131
189;132
189;133
189;134
189;135
189;136
189;137
189;138
189;139
189;140
189;141
189;142
189;143
189;144
189;145
189;146
189;147
189;148
189;149
189;150
189;151
189;152
189;153
189;154
189;155
189;156
189;157
189;158
189;159
189;160
189;161
189;162
189;163
189;164
189;165
189;166
189;167
189;168
189;169
189;170
189;171
189;172
189;173
189;174
189;175
189;176
189;177
189;178
189;179
189;180
189;181
189;182
189;183
189;184
189;185
189;186
189;187
189;188
189;459
189;460
189;461
189;462
189;463
189;464
189;465
189;466
189;467
189;468
189;469
189;470
189;471
189;472
189;473
189;474
189;475
189;476
189;477
189;478
189;479
189;480
189;481
189;482
189;483
189;484
189;485
189;486
189;487
189;488
189;489
189;490
189;491
189;492
189;493
189;494
189;495
189;496
189;497
189;498
189;499
189;500
189;501
189;502
189;503
189;504
189;505
189;506
189;507
189;508
189;509
189;510
189;511
189;512
189;513
189;514
189;515
189;516
189;517
189;518
189;519
189;520
189;521
189;522
189;523
189;524
189;525
189;526
189;527
189;528
189;529
189;530
189;531
189;532
189;533
189;534
189;535
189;536
189;537
189;538
189;539
189;540
189;541
189;542
189;543
189;544
189;545
189;546
189;547
189;548
189;549
189;550
189;551
189;552
189;553
189;554
189;555
189;556
189;557
189;558
189;559
189;560
189;561
189;562
189;563
189;564
189;565
189;566
189;567
189;568
189;569
189;570
189;571
189;572
189;573
189;574
189;575
189;576
189;577
189;578
189;579
189;580
189;581
189;582
189;583
189;584
189;585
189;586
189;587
189;588
189;589
189;590
189;591
189;592
189;593
189;594
189;595
189;596
189;597
189;598
189;599
189;600
189;601
189;602
189;603
189;604
189;605
189;606
189;607
189;608
189;609
189;610
189;611
189;612
189;613
189;614
189;615
189;616
189;617
189;618
189;619
189;620
189;621
189;622
189;623
189;624
189;625
189;626
189;627
189;628
189;629
189;630
189;631
189;632
189;633
189;634
189;635
189;636
189;637
189;638
189;639
189;640
189;641
189;642
189;643
189;644
189;645
189;646
189;647
189;648
189;649
189;650
189;651
189;652
189;653
189;654
189;655
189;656
189;657
189;658
189;659
189;660
189;661
189;662
189;663
189;664
189;665
189;666
189;667
189;668
189;669
189;670
189;671
189;672
189;673
189;674
189;675
189;676
189;677
189;678
189;679
189;680
189;681
189;682
189;683
189;684
189;685
189;686
189;687
189;688
190;22
190;23
190;24
190;25
190;26
190;27
190;28
190;29
190;30
190;31
190;32
190;33
190;34
190;35
190;36
190;37
190;38
190;39
190;40
190;41
190;42
190;43
190;44
190;45
190;46
190;47
190;48
190;49
190;50
190;51
190;52
190;53
190;54
190;55
190;56
190;57
190;58
190;59
190;60
190;61
190;62
190;63
190;64
190;65
190;66
190;67
190;68
190;69
190;70
190;71
190;72
190;73
190;74
190;75
190;76
190;77
190;78
190;79
190;80
190;81
190;82
190;83
190;84
190;85
190;86
190;87
190;88
190;89
190;90
190;91
190;92
190;93
190;94
190;95
190;96
190;97
190;98
190;99
190;100
190;101
190;102
190;103
190;104
190;105
190;106
190;107
190;108
190;109
190;110
190;111
190;112
190;113
190;114
190;115
190;116
190;117
190;118
190;119
190;120
190;121
190;122
190;123
190;124
190;125
190;126
190;127
190;128
190;129
190;130
190;131
190;132
190;133
190;134
190;135
190;136
190;137
190;138
190;139
190;140
190;141
190;142
190;143
190;144
190;145
190;146
190;147
190;148
190;149
190;150
190;151
190;152
190;153
190;154
190;155
190;156
190;157
190;158
190;159
190;160
190;161
190;162
190;163
190;164
190;165
190;166
190;167
190;168
190;169
190;170
190;171
190;172
190;173
190;174
190;175
190;176
190;177
190;178
190;179
190;180
190;181
190;182
190;183
190;184
190;185
190;186
190;187
190;188
190;189
190;459
190;460
190;461
190;462
190;463
190;464
190;465
190;466
190;467
190;468
190;469
190;470
190;471
190;472
190;473
190;474
190;475
190;476
190;477
190;478
190;479
190;480
190;481
190;482
190;483
190;484
190;485
190;486
190;487
190;488
190;489
190;490
190;491
190;492
190;493
190;494
190;495
190;496
190;497
190;498
190;499
190;500
190;501
190;502
190;503
190;504
190;505
190;506
190;507
190;508
190;509
190;510
190;511
190;512
190;513
190;514
190;515
190;516
190;517
190;518
190;519
190;520
190;521
190;522
190;523
190;524
190;525
190;526
190;527
190;528
190;529
190;530
190;531
190;532
190;533
190;534
190;535
190;536
190;537
190;538
190;539
190;540
190;541
190;542
190;543
190;544
190;545
190;546
190;547
190;548
190;549
190;550
190;551
190;552
190;553
190;554
190;555
190;556
190;557
190;558
190;559
190;560
190;561
190;562
190;563
190;564
190;565
190;566
190;567
190;568
190;569
190;570
190;571
190;572
190;573
190;574
190;575
190;576
190;577
190;578
190;579
190;580
190;581
190;582
190;583
190;584
190;585
190;586
190;587
190;588
190;589
190;590
190;591
190;592
190;593
190;594
190;595
190;596
190;597
190;598
190;599
190;600
190;601
190;602
190;603
190;604
190;605
190;606
190;607
190;608
190;609
190;610
190;611
190;612
190;613
190;614
190;615
190;616
190;617
190;618
190;619
190;620
190;621
190;622
190;623
190;624
190;625
190;626
190;627
190;628
190;629
190;630
190;631
190;632
190;633
190;634
190;635
190;636
190;637
190;638
190;639
190;640
190;641
190;642
190;643
190;644
190;645
190;646
190;647
190;648
190;649
190;650
190;651
190;652
190;653
190;654
190;655
190;656
190;657
190;658
190;659
190;660
190;661
190;662
190;663
190;664
190;665
190;666
190;667
190;668
190;669
190;670
190;671
190;672
190;673
190;674
190;675
190;676
190;677
190;678
190;679
190;680
190;681
190;682
190;683
190;684
190;685
190;686
191;21
191;22
191;23
191;24
191;25
191;26
191;27
191;28
191;29
191;30
191;31
191;32
191;33
191;34
191;35
191;36
191;37
191;38
191;39
191;40
191;41
191;42
191;43
191;44
191;45
191;46
191;47
191;48
191;49
191;50
191;51
191;52
191;53
191;54
191;55
191;56
191;57
191;58
191;59
191;60
191;61
191;62
191;63
191;64
191;65
191;66
191;67
191;68
191;69
191;70
191;71
191;72
191;73
191;74
191;75
191;76
191;77
191;78
191;79
191;80
191;81
191;82
191;83
191;84
191;85
191;86
191;87
191;88
191;89
191;90
191;91
191;92
191;93
191;94
191;95
191;96
191;97
191;98
191;99
191;100
191;101
191;102
191;103
191;104
191;105
191;106
191;107
191;108
191;109
191;110
191;111
191;112
191;113
191;114
191;115
191;116
191;117
191;118
191;119
191;120
191;121
191;122
191;123
191;124
191;125
191;126
191;127
191;128
191;129
191;130
191;131
191;132
191;133
191;134
191;135
191;136
191;137
191;138
191;139
191;140
191;141
191;142
191;143
191;144
191;145
191;146
191;147
191;148
191;149
191;150
191;151
191;152
191;153
191;154
191;155
191;156
191;157
191;158
191;159
191;160
191;161
191;162
191;163
191;164
191;165
191;166
191;167
191;168
191;169
191;170
191;171
191;172
191;173
191;174
191;175
191;176
191;177
191;178
191;179
191;180
191;181
191;182
191;183
191;184
191;185
191;186
191;187
191;188
191;189
191;460
191;461
191;462
191;463
191;464
191;465
191;466
191;467
191;468
191;469
191;470
191;471
191;472
191;473
191;474
191;475
191;476
191;477
191;478
191;479
191;480
191;481
191;482
191;483
191;484
191;485
191;486
191;487
191;488
191;489
191;490
191;491
191;492
191;493
191;494
191;495
191;496
191;497
191;498
191;499
191;500
191;501
191;502
191;503
191;504
191;505
191;506
191;507
191;508
191;509
191;510
191;511
191;512
191;513
191;514
191;515
191;516
191;517
191;518
191;519
191;520
191;521
191;522
191;523
191;524
191;525
191;526
191;527
191;528
191;529
191;530
191;531
191;532
191;533
191;534
191;535
191;536
191;537
191;538
191;539
191;540
191;541
191;542
191;543
191;544
191;545
191;546
191;547
191;548
191;549
191;550
191;551
191;552
191;553
191;554
191;555
191;556
191;557
191;558
191;559
191;560
191;561
191;562
191;563
191;564
191;565
191;566
191;567
191;568
191;569
191;570
191;571
191;572
191;573
191;574
191;575
191;576
191;577
191;578
191;579
191;580
191;581
191;582
191;583
191;584
191;585
191;586
191;587
191;588
191;589
191;590
191;591
191;592
191;593
191;594
191;595
191;596
191;597
191;598
191;599
191;600
191;601
191;602
191;603
191;604
191;605
191;606
191;607
191;608
191;609
191;610
191;611
191;612
191;613
191;614
191;615
191;616
191;617
191;618
191;619
191;620
191;621
191;622
191;623
191;624
191;625
191;626
191;627
191;628
191;629
191;630
191;631
191;632
191;633
191;634
191;635
191;636
191;637
191;638
191;639
191;640
191;641
191;642
191;643
191;644
191;645
191;646
191;647
191;648
191;649
191;650
191;651
191;652
191;653
191;654
191;655
191;656
191;657
191;658
191;659
191;660
191;661
191;662
191;663
191;664
191;665
191;666
191;667
191;668
191;669
191;670
191;671
191;672
191;673
191;674
191;675
191;676
191;677
191;678
191;679
191;680
191;681
191;682
191;683
191;684
192;21
192;22
192;23
192;24
192;25
192;26
192;27
192;28
192;29
192;30
192;31
192;32
192;33
192;34
192;35
192;36
192;37
192;38
192;39
192;40
192;41
192;42
192;43
192;44
192;45
192;46
192;47
192;48
192;49
192;50
192;51
192;52
192;53
192;54
192;55
192;56
192;57
192;58
192;59
192;60
192;61
192;62
192;63
192;64
192;65
192;66
192;67
192;68
192;69
192;70
192;71
192;72
192;73
192;74
192;75
192;76
192;77
192;78
192;79
192;80
192;81
192;82
192;83
192;84
192;85
192;86
192;87
192;88
192;89
192;90
192;91
192;92
192;93
192;94
192;95
192;96
192;97
192;98
192;99
192;100
192;101
192;102
192;103
192;104
192;105
192;106
192;107
192;108
192;109
192;110
192;111
192;112
192;113
192;114
192;115
192;116
192;117
192;118
192;119
192;120
192;121
192;122
192;123
192;124
192;125
192;126
192;127
192;128
192;129
192;130
192;131
192;132
192;133
192;134
192;135
192;136
192;137
192;138
192;139
192;140
192;141
192;142
192;143
192;144
192;145
192;146
192;147
192;148
192;149
192;150
192;151
192;152
192;153
192;154
192;155
192;156
192;157
192;158
192;159
192;160
192;161
192;162
192;163
192;164
192;165
192;166
192;167
192;168
192;169
192;170
192;171
192;172
192;173
192;174
192;175
192;176
192;177
192;178
192;179
192;180
192;181
192;182
192;183
192;184
192;185
192;186
192;187
192;188
192;189
192;190
192;191
192;460
192;461
192;462
192;463
192;464
192;465
192;466
192;467
192;468
192;469
192;470
192;471
192;472
192;473
192;474
192;475
192;476
192;477
192;478
192;479
192;480
192;481
192;482
192;483
192;484
192;485
192;486
192;487
192;488
192;489
192;490
192;491
192;492
192;493
192;494
192;495
192;496
192;497
192;498
192;499
192;500
192;501
192;502
192;503
192;504
192;505
192;506
192;507
192;508
192;509
192;510
192;511
192;512
192;513
192;514
192;515
192;516
192;517
192;518
192;519
192;520
192;521
192;522
192;523
192;524
192;525
192;526
192;527
192;528
192;529
192;530
192;531
192;532
192;533
192;534
192;535
192;536
192;537
192;538
192;539
192;540
192;541
192;542
192;543
192;544
192;545
192;546
192;547
192;548
192;549
192;550
192;551
192;552
192;553
192;554
192;555
192;556
192;557
192;558
192;559
192;560
192;561
192;562
192;563
192;564
192;565
192;566
192;567
192;568
192;569
192;570
192;571
192;572
192;573
192;574
192;575
192;576
192;577
192;578
192;579
192;580
192;581
192;582
192;583
192;584
192;585
192;586
192;587
192;588
192;589
192;590
192;591
192;592
192;593
192;594
192;595
192;596
192;597
192;598
192;599
192;600
192;601
192;602
192;603
192;604
192;605
192;606
192;607
192;608
192;609
192;610
192;611
192;612
192;613
192;614
192;615
192;616
192;617
192;618
192;619
192;620
192;621
192;622
192;623
192;624
192;625
192;626
192;627
192;628
192;629
192;630
192;631
192;632
192;633
192;634
192;635
192;636
192;637
192;638
192;639
192;640
192;641
192;642
192;643
192;644
192;645
192;646
192;647
192;648
192;649
192;650
192;651
192;652
192;653
192;654
192;655
192;656
192;657
192;658
192;659
192;660
192;661
192;662
192;663
192;664
192;665
192;666
192;667
192;668
192;669
192;670
192;671
192;672
192;673
192;674
192;675
192;676
192;677
192;678
192;679
192;680
192;681
192;682
193;20
193;21
193;22
193;23
193;24
193;25
193;26
193;27
193;28
193;29
193;30
193;31
193;32
193;33
193;34
193;35
193;36
193;37
193;38
193;39
193;40
193;41
193;42
193;43
193;44
193;45
193;46
193;47
193;48
193;49
193;50
193;51
193;52
193;53
193;54
193;55
193;56
193;57
193;58
193;59
193;60
193;61
193;62
193;63
193;64
193;65
193;66
193;67
193;68
193;69
193;70
193;71
193;72
193;73
193;74
193;75
193;76
193;77
193;78
193;79
193;80
193;81
193;82
193;83
193;84
193;85
193;86
193;87
193;88
193;89
193;90
193;91
193;92
193;93
193;94
193;95
193;96
193;97
193;98
193;99
193;100
193;101
193;102
193;103
193;104
193;105
193;106
193;107
193;108
193;109
193;110
193;111
193;112
193;113
193;114
193;115
193;116
193;117
193;118
193;119
193;120
193;121
193;122
193;123
193;124
193;125
193;126
193;127
193;128
193;129
193;130
193;131
193;132
193;133
193;134
193;135
193;136
193;137
193;138
193;139
193;140
193;141
193;142
193;143
193;144
193;145
193;146
193;147
193;148
193;149
193;150
193;151
193;152
193;153
193;154
193;155
193;156
193;157
193;158
193;159
193;160
193;161
193;162
193;163
193;164
193;165
193;166
193;167
193;168
193;169
193;170
193;171
193;172
193;173
193;174
193;175
193;176
193;177
193;178
193;179
193;180
193;181
193;182
193;183
193;184
193;185
193;186
193;187
193;188
193;189
193;190
193;191
193;460
193;461
193;462
193;463
193;464
193;465
193;466
193;467
193;468
193;469
193;470
193;471
193;472
193;473
193;474
193;475
193;476
193;477
193;478
193;479
193;480
193;481
193;482
193;483
193;484
193;485
193;486
193;487
193;488
193;489
193;490
193;491
193;492
193;493
193;494
193;495
193;496
193;497
193;498
193;499
193;500
193;501
193;502
193;503
193;504
193;505
193;506
193;507
193;508
193;509
193;510
193;511
193;512
193;513
193;514
193;515
193;516
193;517
193;518
193;519
193;520
193;521
193;522
193;523
193;524
193;525
193;526
193;527
193;528
193;529
193;530
193;531
193;532
193;533
193;534
193;535
193;536
193;537
193;538
193;539
193;540
193;541
193;542
193;543
193;544
193;545
193;546
193;547
193;548
193;549
193;550
193;551
193;552
193;553
193;554
193;555
193;556
193;557
193;558
193;559
193;560
193;561
193;562
193;563
193;564
193;565
193;566
193;567
193;568
193;569
193;570
193;571
193;572
193;573
193;574
193;575
193;576
193;577
193;578
193;579
193;580
193;581
193;582
193;583
193;584
193;585
193;586
193;587
193;588
193;589
193;590
193;591
193;592
193;593
193;594
193;595
193;596
193;597
193;598
193;599
193;600
193;601
193;602
193;603
193;604
193;605
193;606
193;607
193;608
193;609
193;610
193;611
193;612
193;613
193;614
193;615
193;616
193;617
193;618
193;619
193;620
193;621
193;622
193;623
193;624
193;625
193;626
193;627
193;628
193;629
193;630
193;631
193;632
193;633
193;634
193;635
193;636
193;637
193;638
193;639
193;640
193;641
193;642
193;643
193;644
193;645
193;646
193;647
193;648
193;649
193;650
193;651
193;652
193;653
193;654
193;655
193;656
193;657
193;658
193;659
193;660
193;661
193;662
193;663
193;664
193;665
193;666
193;667
193;668
193;669
193;670
193;671
193;672
193;673
193;674
193;675
193;676
193;677
193;678
193;679
193;680
194;19
194;20
194;21
194;22
194;23
194;24
194;25
194;26
194;27
194;28
194;29
194;30
194;31
194;32
194;33
194;34
194;35
194;36
194;37
194;38
194;39
194;40
194;41
194;42
194;43
194;44
194;45
194;46
194;47
194;48
194;49
194;50
194;51
194;52
194;53
194;54
194;55
194;56
194;57
194;58
194;59
194;60
194;61
194;62
194;63
194;64
194;65
194;66
194;67
194;68
194;69
194;70
194;71
194;72
194;73
194;74
194;75
194;76
194;77
194;78
194;79
194;80
194;81
194;82
194;83
194;84
194;85
194;86
194;87
194;88
194;89
194;90
194;91
194;92
194;93
194;94
194;95
194;96
194;97
194;98
194;99
194;100
194;101
194;102
194;103
194;104
194;105
194;106
194;107
194;108
194;109
194;110
194;111
194;112
194;113
194;114
194;115
194;116
194;117
194;118
194;119
194;120
194;121
194;122
194;123
194;124
194;125
194;126
194;127
194;128
194;129
194;130
194;131
194;132
194;133
194;134
194;135
194;136
194;137
194;138
194;139
194;140
194;141
194;142
194;143
194;144
194;145
194;146
194;147
194;148
194;149
194;150
194;151
194;152
194;153
194;154
194;155
194;156
194;157
194;158
194;159
194;160
194;161
194;162
194;163
194;164
194;165
194;166
194;167
194;168
194;169
194;170
194;171
194;172
194;173
194;174
194;175
194;176
194;177
194;178
194;179
194;180
194;181
194;182
194;183
194;184
194;185
194;186
194;187
194;188
194;189
194;190
194;191
194;192
194;460
194;461
194;462
194;463
194;464
194;465
194;466
194;467
194;468
194;469
194;470
194;471
194;472
194;473
194;474
194;475
194;476
194;477
194;478
194;479
194;480
194;481
194;482
194;483
194;484
194;485
194;486
194;487
194;488
194;489
194;490
194;491
194;492
194;493
194;494
194;495
194;496
194;497
194;498
194;499
194;500
194;501
194;502
194;503
194;504
194;505
194;506
194;507
194;508
194;509
194;510
194;511
194;512
194;513
194;514
194;515
194;516
194;517
194;518
194;519
194;520
194;521
194;522
194;523
194;524
194;525
194;526
194;527
194;528
194;529
194;530
194;531
194;532
194;533
194;534
194;535
194;536
194;537
194;538
194;539
194;540
194;541
194;542
194;543
194;544
194;545
194;546
194;547
194;548
194;549
194;550
194;551
194;552
194;553
194;554
194;555
194;556
194;557
194;558
194;559
194;560
194;561
194;562
194;563
194;564
194;565
194;566
194;567
194;568
194;569
194;570
194;571
194;572
194;573
194;574
194;575
194;576
194;577
194;578
194;579
194;580
194;581
194;582
194;583
194;584
194;585
194;586
194;587
194;588
194;589
194;590
194;591
194;592
194;593
194;594
194;595
194;596
194;597
194;598
194;599
194;600
194;601
194;602
194;603
194;604
194;605
194;606
194;607
194;608
194;609
194;610
194;611
194;612
194;613
194;614
194;615
194;616
194;617
194;618
194;619
194;620
194;621
194;622
194;623
194;624
194;625
194;626
194;627
194;628
194;629
194;630
194;631
194;632
194;633
194;634
194;635
194;636
194;637
194;638
194;639
194;640
194;641
194;642
194;643
194;644
194;645
194;646
194;647
194;648
194;649
194;650
194;651
194;652
194;653
194;654
194;655
194;656
194;657
194;658
194;659
194;660
194;661
194;662
194;663
194;664
194;665
194;666
194;667
194;668
194;669
194;670
194;671
194;672
194;673
194;674
194;675
194;676
194;677
194;678
195;18
195;19
195;20
195;21
195;22
195;23
195;24
195;25
195;26
195;27
195;28
195;29
195;30
195;31
195;32
195;33
195;34
195;35
195;36
195;37
195;38
195;39
195;40
195;41
195;42
195;43
195;44
195;45
195;46
195;47
195;48
195;49
195;50
195;51
195;52
195;53
195;54
195;55
195;56
195;57
195;58
195;59
195;60
195;61
195;62
195;63
195;64
195;65
195;66
195;67
195;68
195;69
195;70
195;71
195;72
195;73
195;74
195;75
195;76
195;77
195;78
195;79
195;80
195;81
195;82
195;83
195;84
195;85
195;86
195;87
195;88
195;89
195;90
195;91
195;92
195;93
195;94
195;95
195;96
195;97
195;98
195;99
195;100
195;101
195;102
195;103
195;104
195;105
195;106
195;107
195;108
195;109
195;110
195;111
195;112
195;113
195;114
195;115
195;116
195;117
195;118
195;119
195;120
195;121
195;122
195;123
195;124
195;125
195;126
195;127
195;128
195;129
195;130
195;131
195;132
195;133
195;134
195;135
195;136
195;137
195;138
195;139
195;140
195;141
195;142
195;143
195;144
195;145
195;146
195;147
195;148
195;149
195;150
195;151
195;152
195;153
195;154
195;155
195;156
195;157
195;158
195;159
195;160
195;161
195;162
195;163
195;164
195;165
195;166
195;167
195;168
195;169
195;170
195;171
195;172
195;173
195;174
195;175
195;176
195;177
195;178
195;179
195;180
195;181
195;182
195;183
195;184
195;185
195;186
195;187
195;188
195;189
195;190
195;191
195;192
195;193
195;461
195;462
195;463
195;464
195;465
195;466
195;467
195;468
195;469
195;470
195;471
195;472
195;473
195;474
195;475
195;476
195;477
195;478
195;479
195;480
195;481
195;482
195;483
195;484
195;485
195;486
195;487
195;488
195;489
195;490
195;491
195;492
195;493
195;494
195;495
195;496
195;497
195;498
195;499
195;500
195;501
195;502
195;503
195;504
195;505
195;506
195;507
195;508
195;509
195;510
195;511
195;512
195;513
195;514
195;515
195;516
195;517
195;518
195;519
195;520
195;521
195;522
195;523
195;524
195;525
195;526
195;527
195;528
195;529
195;530
195;531
195;532
195;533
195;534
195;535
195;536
195;537
195;538
195;539
195;540
195;541
195;542
195;543
195;544
195;545
195;546
195;547
195;548
195;549
195;550
195;551
195;552
195;553
195;554
195;555
195;556
195;557
195;558
195;559
195;560
195;561
195;562
195;563
195;564
195;565
195;566
195;567
195;568
195;569
195;570
195;571
195;572
195;573
195;574
195;575
195;576
195;577
195;578
195;579
195;580
195;581
195;582
195;583
195;584
195;585
195;586
195;587
195;588
195;589
195;590
195;591
195;592
195;593
195;594
195;595
195;596
195;597
195;598
195;599
195;600
195;601
195;602
195;603
195;604
195;605
195;606
195;607
195;608
195;609
195;610
195;611
195;612
195;613
195;614
195;615
195;616
195;617
195;618
195;619
195;620
195;621
195;622
195;623
195;624
195;625
195;626
195;627
195;628
195;629
195;630
195;631
195;632
195;633
195;634
195;635
195;636
195;637
195;638
195;639
195;640
195;641
195;642
195;643
195;644
195;645
195;646
195;647
195;648
195;649
195;650
195;651
195;652
195;653
195;654
195;655
195;656
195;657
195;658
195;659
195;660
195;661
195;662
195;663
195;664
195;665
195;666
195;667
195;668
195;669
195;670
195;671
195;672
195;673
195;674
195;676
196;17
196;18
196;19
196;20
196;21
196;22
196;23
196;24
196;25
196;26
196;27
196;28
196;29
196;30
196;31
196;32
196;33
196;34
196;35
196;36
196;37
196;38
196;39
196;40
196;41
196;42
196;43
196;44
196;45
196;46
196;47
196;48
196;49
196;50
196;51
196;52
196;53
196;54
196;55
196;56
196;57
196;58
196;59
196;60
196;61
196;62
196;63
196;64
196;65
196;66
196;67
196;68
196;69
196;70
196;71
196;72
196;73
196;74
196;75
196;76
196;77
196;78
196;79
196;80
196;81
196;82
196;83
196;84
196;85
196;86
196;87
196;88
196;89
196;90
196;91
196;92
196;93
196;94
196;95
196;96
196;97
196;98
196;99
196;100
196;101
196;102
196;103
196;104
196;105
196;106
196;107
196;108
196;109
196;110
196;111
196;112
196;113
196;114
196;115
196;116
196;117
196;118
196;119
196;120
196;121
196;122
196;123
196;124
196;125
196;126
196;127
196;128
196;129
196;130
196;131
196;132
196;133
196;134
196;135
196;136
196;137
196;138
196;139
196;140
196;141
196;142
196;143
196;144
196;145
196;146
196;147
196;148
196;149
196;150
196;151
196;152
196;153
196;154
196;155
196;156
196;157
196;158
196;159
196;160
196;161
196;162
196;163
196;164
196;165
196;166
196;167
196;168
196;169
196;170
196;171
196;172
196;173
196;174
196;175
196;176
196;177
196;178
196;179
196;180
196;181
196;182
196;183
196;184
196;185
196;186
196;187
196;188
196;189
196;190
196;191
196;192
196;193
196;461
196;462
196;463
196;464
196;465
196;466
196;467
196;468
196;469
196;470
196;471
196;472
196;473
196;474
196;475
196;476
196;477
196;478
196;479
196;480
196;481
196;482
196;483
196;484
196;485
196;486
196;487
196;488
196;489
196;490
196;491
196;492
196;493
196;494
196;495
196;496
196;497
196;498
196;499
196;500
196;501
196;502
196;503
196;504
196;505
196;506
196;507
196;508
196;509
196;510
196;511
196;512
196;513
196;514
196;515
196;516
196;517
196;518
196;519
196;520
196;521
196;522
196;523
196;524
196;525
196;526
196;527
196;528
196;529
196;530
196;531
196;532
196;533
196;534
196;535
196;536
196;537
196;538
196;539
196;540
196;541
196;542
196;543
196;544
196;545
196;546
196;547
196;548
196;549
196;550
196;551
196;552
196;553
196;554
196;555
196;556
196;557
196;558
196;559
196;560
196;561
196;562
196;563
196;564
196;565
196;566
196;567
196;568
196;569
196;570
196;571
196;572
196;573
196;574
196;575
196;576
196;577
196;578
196;579
196;580
196;581
196;582
196;583
196;584
196;585
196;586
196;587
196;588
196;589
196;590
196;591
196;592
196;593
196;594
196;595
196;596
196;597
196;598
196;599
196;600
196;601
196;602
196;603
196;604
196;605
196;606
196;607
196;608
196;609
196;610
196;611
196;612
196;613
196;614
196;615
196;616
196;617
196;618
196;619
196;620
196;621
196;622
196;623
196;624
196;625
196;626
196;628
196;629
196;630
196;631
196;632
196;633
196;634
196;635
196;636
196;637
196;638
196;639
196;640
196;641
196;642
196;643
196;644
196;645
196;646
196;647
196;648
196;649
196;650
196;651
196;652
196;653
196;654
196;655
196;656
196;657
196;658
196;659
196;660
196;661
196;662
196;663
196;664
196;665
196;666
196;667
196;668
196;669
196;670
196;671
196;672
197;17
197;18
197;19
197;20
197;21
197;22
197;23
197;24
197;25
197;26
197;27
197;28
197;29
197;30
197;31
197;32
197;33
197;34
197;35
197;36
197;37
197;38
197;39
197;40
197;41
197;42
197;43
197;44
197;45
197;46
197;47
197;48
197;49
197;50
197;51
197;52
197;53
197;54
197;55
197;56
197;57
197;58
197;59
197;60
197;61
197;62
197;63
197;64
197;65
197;66
197;67
197;68
197;69
197;70
197;71
197;72
197;73
197;74
197;75
197;76
197;77
197;78
197;79
197;80
197;81
197;82
197;83
197;84
197;85
197;86
197;87
197;88
197;89
197;90
197;91
197;92
197;93
197;94
197;95
197;96
197;97
197;98
197;99
197;100
197;101
197;102
197;103
197;104
197;105
197;106
197;107
197;108
197;109
197;110
197;111
197;112
197;113
197;114
197;115
197;116
197;117
197;118
197;119
197;120
197;121
197;122
197;123
197;124
197;125
197;126
197;127
197;128
197;129
197;130
197;131
197;132
197;133
197;134
197;135
197;136
197;137
197;138
197;139
197;140
197;141
197;142
197;143
197;144
197;145
197;146
197;147
197;148
197;149
197;150
197;151
197;152
197;153
197;154
197;155
197;156
197;157
197;158
197;159
197;160
197;161
197;162
197;163
197;164
197;165
197;166
197;167
197;168
197;169
197;170
197;171
197;172
197;173
197;174
197;175
197;176
197;177
197;178
197;179
197;180
197;181
197;182
197;183
197;184
197;185
197;186
197;187
197;188
197;189
197;190
197;191
197;192
197;193
197;194
197;461
197;462
197;463
197;464
197;465
197;466
197;467
197;468
197;469
197;470
197;471
197;472
197;473
197;474
197;475
197;476
197;477
197;478
197;479
197;480
197;481
197;482
197;483
197;484
197;485
197;486
197;487
197;488
197;489
197;490
197;491
197;492
197;493
197;494
197;495
197;496
197;497
197;498
197;499
197;500
197;501
197;502
197;503
197;504
197;505
197;506
197;507
197;508
197;509
197;510
197;511
197;512
197;513
197;514
197;515
197;516
197;517
197;518
197;519
197;520
197;521
197;522
197;523
197;524
197;525
197;526
197;527
197;528
197;529
197;530
197;531
197;532
197;533
197;534
197;535
197;536
197;537
197;538
197;539
197;540
197;541
197;542
197;543
197;544
197;545
197;546
197;547
197;548
197;549
197;550
197;551
197;552
197;553
197;554
197;555
197;556
197;557
197;558
197;559
197;560
197;561
197;562
197;563
197;564
197;565
197;566
197;567
197;568
197;569
197;570
197;571
197;572
197;573
197;574
197;575
197;576
197;577
197;578
197;579
197;580
197;581
197;582
197;583
197;584
197;585
197;586
197;587
197;588
197;589
197;590
197;591
197;592
197;593
197;594
197;595
197;596
197;597
197;598
197;599
197;600
197;601
197;602
197;603
197;604
197;605
197;606
197;607
197;608
197;609
197;610
197;611
197;612
197;613
197;614
197;615
197;616
197;617
197;618
197;619
197;620
197;621
197;622
197;623
197;624
197;625
197;626
197;632
197;633
197;634
197;635
197;636
197;637
197;638
197;639
197;640
197;641
197;642
197;643
197;644
197;645
197;646
197;647
197;648
197;649
197;650
197;651
197;652
197;653
197;654
197;655
197;656
197;657
197;658
197;659
197;660
197;661
197;662
197;663
197;664
197;665
197;666
197;667
197;668
197;670
198;16
198;17
198;18
198;19
198;20
198;21
198;22
198;23
198;24
198;25
198;26
198;27
198;28
198;29
198;30
198;31
198;32
198;33
198;34
198;35
198;36
198;37
198;38
198;39
198;40
198;41
198;42
198;43
198;44
198;45
198;46
198;47
198;48
198;49
198;50
198;51
198;52
198;53
198;54
198;55
198;56
198;57
198;58
198;59
198;60
198;61
198;62
198;63
198;64
198;65
198;66
198;67
198;68
198;69
198;70
198;71
198;72
198;73
198;74
198;75
198;76
198;77
198;78
198;79
198;80
198;81
198;82
198;83
198;84
198;85
198;86
198;87
198;88
198;89
198;90
198;91
198;92
198;93
198;94
198;95
198;96
198;97
198;98
198;99
198;100
198;101
198;102
198;103
198;104
198;105
198;106
198;107
198;108
198;109
198;110
198;111
198;112
198;113
198;114
198;115
198;116
198;117
198;118
198;119
198;120
198;121
198;122
198;123
198;124
198;125
198;126
198;127
198;128
198;129
198;130
198;131
198;132
198;133
198;134
198;135
198;136
198;137
198;138
198;139
198;140
198;141
198;142
198;143
198;144
198;145
198;146
198;147
198;148
198;149
198;150
198;151
198;152
198;153
198;154
198;155
198;156
198;157
198;158
198;159
198;160
198;161
198;162
198;163
198;164
198;165
198;166
198;167
198;168
198;169
198;170
198;171
198;172
198;173
198;174
198;175
198;176
198;177
198;178
198;179
198;180
198;181
198;182
198;183
198;184
198;185
198;186
198;187
198;188
198;189
198;190
198;191
198;192
198;193
198;194
198;195
198;462
198;463
198;464
198;465
198;466
198;467
198;468
198;469
198;470
198;471
198;472
198;473
198;474
198;475
198;476
198;477
198;478
198;479
198;480
198;481
198;482
198;483
198;484
198;485
198;486
198;487
198;488
198;489
198;490
198;491
198;492
198;493
198;494
198;495
198;496
198;497
198;498
198;499
198;500
198;501
198;502
198;503
198;504
198;505
198;506
198;507
198;508
198;509
198;510
198;511
198;512
198;513
198;514
198;515
198;516
198;517
198;518
198;519
198;520
198;521
198;522
198;523
198;524
198;525
198;526
198;527
198;528
198;529
198;530
198;531
198;532
198;533
198;534
198;535
198;536
198;537
198;538
198;539
198;540
198;541
198;542
198;543
198;544
198;545
198;546
198;547
198;548
198;549
198;550
198;551
198;552
198;553
198;554
198;555
198;556
198;557
198;558
198;559
198;560
198;561
198;562
198;563
198;564
198;565
198;566
198;567
198;568
198;569
198;570
198;571
198;572
198;573
198;574
198;575
198;576
198;577
198;578
198;579
198;580
198;581
198;582
198;583
198;584
198;585
198;586
198;587
198;588
198;589
198;590
198;591
198;592
198;593
198;594
198;595
198;596
198;597
198;598
198;599
198;600
198;601
198;602
198;603
198;604
198;605
198;606
198;607
198;608
198;609
198;610
198;611
198;612
198;613
198;614
198;615
198;616
198;617
198;618
198;619
198;620
198;621
198;622
198;623
198;624
198;625
198;626
198;636
198;637
198;638
198;639
198;640
198;641
198;642
198;643
198;644
198;645
198;646
198;647
198;648
198;649
198;650
198;651
198;652
198;653
198;654
198;655
198;656
198;657
198;658
198;659
198;660
198;661
198;662
198;663
198;664
199;15
199;16
199;17
199;18
199;19
199;20
199;21
199;22
199;23
199;24
199;25
199;26
199;27
199;28
199;29
199;30
199;31
199;32
199;33
199;34
199;35
199;36
199;37
199;38
199;39
199;40
199;41
199;42
199;43
199;44
199;45
199;46
199;47
199;48
199;49
199;50
199;51
199;52
199;53
199;54
199;55
199;56
199;57
199;58
199;59
199;60
199;61
199;62
199;63
199;64
199;65
199;66
199;67
199;68
199;69
199;70
199;71
199;72
199;73
199;74
199;75
199;76
199;77
199;78
199;79
199;80
199;81
199;82
199;83
199;84
199;85
199;86
199;87
199;88
199;89
199;90
199;91
199;92
199;93
199;94
199;95
199;96
199;97
199;98
199;99
199;100
199;101
199;102
199;103
199;104
199;105
199;106
199;107
199;108
199;109
199;110
199;111
199;112
199;113
199;114
199;115
199;116
199;117
199;118
199;119
199;120
199;121
199;122
199;123
199;124
199;125
199;126
199;127
199;128
199;129
199;130
199;131
199;132
199;133
199;134
199;135
199;136
199;137
199;138
199;139
199;140
199;141
199;142
199;143
199;144
199;145
199;146
199;147
199;148
199;149
199;150
199;151
199;152
199;153
199;154
199;155
199;156
199;157
199;158
199;159
199;160
199;161
199;162
199;163
199;164
199;165
199;166
199;167
199;168
199;169
199;170
199;171
199;172
199;173
199;174
199;175
199;176
199;177
199;178
199;179
199;180
199;181
199;182
199;183
199;184
199;185
199;186
199;187
199;188
199;189
199;190
199;191
199;192
199;193
199;194
199;195
199;462
199;463
199;464
199;465
199;466
199;467
199;468
199;469
199;470
199;471
199;472
199;473
199;474
199;475
199;476
199;477
199;478
199;479
199;480
199;481
199;482
199;483
199;484
199;485
199;486
199;487
199;488
199;489
199;490
199;491
199;492
199;493
199;494
199;495
199;496
199;497
199;498
199;499
199;500
199;501
199;502
199;503
199;504
199;505
199;506
199;507
199;508
199;509
199;510
199;511
199;512
199;513
199;514
199;515
199;516
199;517
199;518
199;519
199;520
199;521
199;522
199;523
199;524
199;525
199;526
199;527
199;528
199;529
199;530
199;531
199;532
199;533
199;534
199;535
199;536
199;537
199;538
199;539
199;540
199;541
199;542
199;543
199;544
199;545
199;546
199;547
199;548
199;549
199;550
199;551
199;552
199;553
199;554
199;555
199;556
199;557
199;558
199;559
199;560
199;561
199;562
199;563
199;564
199;565
199;566
199;567
199;568
199;569
199;570
199;571
199;572
199;573
199;574
199;575
199;576
199;577
199;578
199;579
199;580
199;581
199;582
199;583
199;584
199;585
199;586
199;587
199;588
199;589
199;590
199;591
199;592
199;593
199;594
199;595
199;596
199;597
199;598
199;599
199;600
199;601
199;602
199;603
199;604
199;605
199;606
199;607
199;608
199;609
199;610
199;611
199;612
199;613
199;614
199;615
199;616
199;617
199;618
199;619
199;620
199;621
199;622
199;623
199;624
199;625
199;626
199;642
199;644
199;646
199;647
199;648
199;649
199;650
199;651
199;652
199;653
199;654
199;656
199;658
199;660
200;15
200;16
200;17
200;18
200;19
200;20
200;21
200;22
200;23
200;24
200;25
200;26
200;27
200;28
200;29
200;30
200;31
200;32
200;33
200;34
200;35
200;36
200;37
200;38
200;39
200;40
200;41
200;42
200;43
200;44
200;45
200;46
200;47
200;48
200;49
200;50
200;51
200;52
200;53
200;54
200;55
200;56
200;57
200;58
200;59
200;60
200;61
200;62
200;63
200;64
200;65
200;66
200;67
200;68
200;69
200;70
200;71
200;72
200;73
200;74
200;75
200;76
200;77
200;78
200;79
200;80
200;81
200;82
200;83
200;84
200;85
200;86
200;87
200;88
200;89
200;90
200;91
200;92
200;93
200;94
200;95
200;96
200;97
200;98
200;99
200;100
200;101
200;102
200;103
200;104
200;105
200;106
200;107
200;108
200;109
200;110
200;111
200;112
200;113
200;114
200;115
200;116
200;117
200;118
200;119
200;120
200;121
200;122
200;123
200;124
200;125
200;126
200;127
200;128
200;129
200;130
200;131
200;132
200;133
200;134
200;135
200;136
200;137
200;138
200;139
200;140
200;141
200;142
200;143
200;144
200;145
200;146
200;147
200;148
200;149
200;150
200;151
200;152
200;153
200;154
200;155
200;156
200;157
200;158
200;159
200;160
200;161
200;162
200;163
200;164
200;165
200;166
200;167
200;168
200;169
200;170
200;171
200;172
200;173
200;174
200;175
200;176
200;177
200;178
200;179
200;180
200;181
200;182
200;183
200;184
200;185
200;186
200;187
200;188
200;189
200;190
200;191
200;192
200;193
200;194
200;195
200;196
200;462
200;463
200;464
200;465
200;466
200;467
200;468
200;469
200;470
200;471
200;472
200;473
200;474
200;475
200;476
200;477
200;478
200;479
200;480
200;481
200;482
200;483
200;484
200;485
200;486
200;487
200;488
200;489
200;490
200;491
200;492
200;493
200;494
200;495
200;496
200;497
200;498
200;499
200;500
200;501
200;502
200;503
200;504
200;505
200;506
200;507
200;508
200;509
200;510
200;511
200;512
200;513
200;514
200;515
200;516
200;517
200;518
200;519
200;520
200;521
200;522
200;523
200;524
200;525
200;526
200;527
200;528
200;529
200;530
200;531
200;532
200;533
200;534
200;535
200;536
200;537
200;538
200;539
200;540
200;541
200;542
200;543
200;544
200;545
200;546
200;547
200;548
200;549
200;550
200;551
200;552
200;553
200;554
200;555
200;556
200;557
200;558
200;559
200;560
200;561
200;562
200;563
200;564
200;565
200;566
200;567
200;568
200;569
200;570
200;571
200;572
200;573
200;574
200;575
200;576
200;577
200;578
200;579
200;580
200;581
200;582
200;583
200;584
200;585
200;586
200;587
200;588
200;589
200;590
200;591
200;592
200;593
200;594
200;595
200;596
200;597
200;598
200;599
200;600
200;601
200;602
200;603
200;604
200;605
200;606
200;607
200;608
200;609
200;610
200;611
200;612
200;613
200;614
200;615
200;616
200;617
200;618
200;619
200;620
200;621
200;622
200;623
200;624
200;625
200;626
200;627
201;14
201;15
201;16
201;17
201;18
201;19
201;20
201;21
201;22
201;23
201;24
201;25
201;26
201;27
201;28
201;29
201;30
201;31
201;32
201;33
201;34
201;35
201;36
201;37
201;38
201;39
201;40
201;41
201;42
201;43
201;44
201;45
201;46
201;47
201;48
201;49
201;50
201;51
201;52
201;53
201;54
201;55
201;56
201;57
201;58
201;59
201;60
201;61
201;62
201;63
201;64
201;65
201;66
201;67
201;68
201;69
201;70
201;71
201;72
201;73
201;74
201;75
201;76
201;77
201;78
201;79
201;80
201;81
201;82
201;83
201;84
201;85
201;86
201;87
201;88
201;89
201;90
201;91
201;92
201;93
201;94
201;95
201;96
201;97
201;98
201;99
201;100
201;101
201;102
201;103
201;104
201;105
201;106
201;107
201;108
201;109
201;110
201;111
201;112
201;113
201;114
201;115
201;116
201;117
201;118
201;119
201;120
201;121
201;122
201;123
201;124
201;125
201;126
201;127
201;128
201;129
201;130
201;131
201;132
201;133
201;134
201;135
201;136
201;137
201;138
201;139
201;140
201;141
201;142
201;143
201;144
201;145
201;146
201;147
201;148
201;149
201;150
201;151
201;152
201;153
201;154
201;155
201;156
201;157
201;158
201;159
201;160
201;161
201;162
201;163
201;164
201;165
201;166
201;167
201;168
201;169
201;170
201;171
201;172
201;173
201;174
201;175
201;176
201;177
201;178
201;179
201;180
201;181
201;182
201;183
201;184
201;185
201;186
201;187
201;188
201;189
201;190
201;191
201;192
201;193
201;194
201;195
201;196
201;197
201;462
201;463
201;464
201;465
201;466
201;467
201;468
201;469
201;470
201;471
201;472
201;473
201;474
201;475
201;476
201;477
201;478
201;479
201;480
201;481
201;482
201;483
201;484
201;485
201;486
201;487
201;488
201;489
201;490
201;491
201;492
201;493
201;494
201;495
201;496
201;497
201;498
201;499
201;500
201;501
201;502
201;503
201;504
201;505
201;506
201;507
201;508
201;509
201;510
201;511
201;512
201;513
201;514
201;515
201;516
201;517
201;518
201;519
201;520
201;521
201;522
201;523
201;524
201;525
201;526
201;527
201;528
201;529
201;530
201;531
201;532
201;533
201;534
201;535
201;536
201;537
201;538
201;539
201;540
201;541
201;542
201;543
201;544
201;545
201;546
201;547
201;548
201;549
201;550
201;551
201;552
201;553
201;554
201;555
201;556
201;557
201;558
201;559
201;560
201;561
201;562
201;563
201;564
201;565
201;566
201;567
201;568
201;569
201;570
201;571
201;572
201;573
201;574
201;575
201;576
201;577
201;578
201;579
201;580
201;581
201;582
201;583
201;584
201;585
201;586
201;587
201;588
201;589
201;590
201;591
201;592
201;593
201;594
201;595
201;596
201;597
201;598
201;599
201;600
201;601
201;602
201;603
201;604
201;605
201;606
201;607
201;608
201;609
201;610
201;611
201;612
201;613
201;614
201;615
201;616
201;617
201;618
201;619
201;620
201;621
201;622
201;623
201;624
201;625
201;626
201;627
202;14
202;15
202;16
202;17
202;18
202;19
202;20
202;21
202;22
202;23
202;24
202;25
202;26
202;27
202;28
202;29
202;30
202;31
202;32
202;33
202;34
202;35
202;36
202;37
202;38
202;39
202;40
202;41
202;42
202;43
202;44
202;45
202;46
202;47
202;48
202;49
202;50
202;51
202;52
202;53
202;54
202;55
202;56
202;57
202;58
202;59
202;60
202;61
202;62
202;63
202;64
202;65
202;66
202;67
202;68
202;69
202;70
202;71
202;72
202;73
202;74
202;75
202;76
202;77
202;78
202;79
202;80
202;81
202;82
202;83
202;84
202;85
202;86
202;87
202;88
202;89
202;90
202;91
202;92
202;93
202;94
202;95
202;96
202;97
202;98
202;99
202;100
202;101
202;102
202;103
202;104
202;105
202;106
202;107
202;108
202;109
202;110
202;111
202;112
202;113
202;114
202;115
202;116
202;117
202;118
202;119
202;120
202;121
202;122
202;123
202;124
202;125
202;126
202;127
202;128
202;129
202;130
202;131
202;132
202;133
202;134
202;135
202;136
202;137
202;138
202;139
202;140
202;141
202;142
202;143
202;144
202;145
202;146
202;147
202;148
202;149
202;150
202;151
202;152
202;153
202;154
202;155
202;156
202;157
202;158
202;159
202;160
202;161
202;162
202;163
202;164
202;165
202;166
202;167
202;168
202;169
202;170
202;171
202;172
202;173
202;174
202;175
202;176
202;177
202;178
202;179
202;180
202;181
202;182
202;183
202;184
202;185
202;186
202;187
202;188
202;189
202;190
202;191
202;192
202;193
202;194
202;195
202;196
202;197
202;462
202;463
202;464
202;465
202;466
202;467
202;468
202;469
202;470
202;471
202;472
202;473
202;474
202;475
202;476
202;477
202;478
202;479
202;480
202;481
202;482
202;483
202;484
202;485
202;486
202;487
202;488
202;489
202;490
202;491
202;492
202;493
202;494
202;495
202;496
202;497
202;498
202;499
202;500
202;501
202;502
202;503
202;504
202;505
202;506
202;507
202;508
202;509
202;510
202;511
202;512
202;513
202;514
202;515
202;516
202;517
202;518
202;519
202;520
202;521
202;522
202;523
202;524
202;525
202;526
202;527
202;528
202;529
202;530
202;531
202;532
202;533
202;534
202;535
202;536
202;537
202;538
202;539
202;540
202;541
202;542
202;543
202;544
202;545
202;546
202;547
202;548
202;549
202;550
202;551
202;552
202;553
202;554
202;555
202;556
202;557
202;558
202;559
202;560
202;561
202;562
202;563
202;564
202;565
202;566
202;567
202;568
202;569
202;570
202;571
202;572
202;573
202;574
202;575
202;576
202;577
202;578
202;579
202;580
202;581
202;582
202;583
202;584
202;585
202;586
202;587
202;588
202;589
202;590
202;591
202;592
202;593
202;594
202;595
202;596
202;597
202;598
202;599
202;600
202;601
202;602
202;603
202;604
202;605
202;606
202;607
202;608
202;609
202;610
202;611
202;612
202;613
202;614
202;615
202;616
202;617
202;618
202;619
202;620
202;621
202;622
202;623
202;624
202;625
202;626
202;627
203;13
203;14
203;15
203;16
203;17
203;18
203;19
203;20
203;21
203;22
203;23
203;24
203;25
203;26
203;27
203;28
203;29
203;30
203;31
203;32
203;33
203;34
203;35
203;36
203;37
203;38
203;39
203;40
203;41
203;42
203;43
203;44
203;45
203;46
203;47
203;48
203;49
203;50
203;51
203;52
203;53
203;54
203;55
203;56
203;57
203;58
203;59
203;60
203;61
203;62
203;63
203;64
203;65
203;66
203;67
203;68
203;69
203;70
203;71
203;72
203;73
203;74
203;75
203;76
203;77
203;78
203;79
203;80
203;81
203;82
203;83
203;84
203;85
203;86
203;87
203;88
203;89
203;90
203;91
203;92
203;93
203;94
203;95
203;96
203;97
203;98
203;99
203;100
203;101
203;102
203;103
203;104
203;105
203;106
203;107
203;108
203;109
203;110
203;111
203;112
203;113
203;114
203;115
203;116
203;117
203;118
203;119
203;120
203;121
203;122
203;123
203;124
203;125
203;126
203;127
203;128
203;129
203;130
203;131
203;132
203;133
203;134
203;135
203;136
203;137
203;138
203;139
203;140
203;141
203;142
203;143
203;144
203;145
203;146
203;147
203;148
203;149
203;150
203;151
203;152
203;153
203;154
203;155
203;156
203;157
203;158
203;159
203;160
203;161
203;162
203;163
203;164
203;165
203;166
203;167
203;168
203;169
203;170
203;171
203;172
203;173
203;174
203;175
203;176
203;177
203;178
203;179
203;180
203;181
203;182
203;183
203;184
203;185
203;186
203;187
203;188
203;189
203;190
203;191
203;192
203;193
203;194
203;195
203;196
203;197
203;198
203;463
203;464
203;465
203;466
203;467
203;468
203;469
203;470
203;471
203;472
203;473
203;474
203;475
203;476
203;477
203;478
203;479
203;480
203;481
203;482
203;483
203;484
203;485
203;486
203;487
203;488
203;489
203;490
203;491
203;492
203;493
203;494
203;495
203;496
203;497
203;498
203;499
203;500
203;501
203;502
203;503
203;504
203;505
203;506
203;507
203;508
203;509
203;510
203;511
203;512
203;513
203;514
203;515
203;516
203;517
203;518
203;519
203;520
203;521
203;522
203;523
203;524
203;525
203;526
203;527
203;528
203;529
203;530
203;531
203;532
203;533
203;534
203;535
203;536
203;537
203;538
203;539
203;540
203;541
203;542
203;543
203;544
203;545
203;546
203;547
203;548
203;549
203;550
203;551
203;552
203;553
203;554
203;555
203;556
203;557
203;558
203;559
203;560
203;561
203;562
203;563
203;564
203;565
203;566
203;567
203;568
203;569
203;570
203;571
203;572
203;573
203;574
203;575
203;576
203;577
203;578
203;579
203;580
203;581
203;582
203;583
203;584
203;585
203;586
203;587
203;588
203;589
203;590
203;591
203;592
203;593
203;594
203;595
203;596
203;597
203;598
203;599
203;600
203;601
203;602
203;603
203;604
203;605
203;606
203;607
203;608
203;609
203;610
203;611
203;612
203;613
203;614
203;615
203;616
203;617
203;618
203;619
203;620
203;621
203;622
203;623
203;624
203;625
203;626
203;627
204;13
204;14
204;15
204;16
204;17
204;18
204;19
204;20
204;21
204;22
204;23
204;24
204;25
204;26
204;27
204;28
204;29
204;30
204;31
204;32
204;33
204;34
204;35
204;36
204;37
204;38
204;39
204;40
204;41
204;42
204;43
204;44
204;45
204;46
204;47
204;48
204;49
204;50
204;51
204;52
204;53
204;54
204;55
204;56
204;57
204;58
204;59
204;60
204;61
204;62
204;63
204;64
204;65
204;66
204;67
204;68
204;69
204;70
204;71
204;72
204;73
204;74
204;75
204;76
204;77
204;78
204;79
204;80
204;81
204;82
204;83
204;84
204;85
204;86
204;87
204;88
204;89
204;90
204;91
204;92
204;93
204;94
204;95
204;96
204;97
204;98
204;99
204;100
204;101
204;102
204;103
204;104
204;105
204;106
204;107
204;108
204;109
204;110
204;111
204;112
204;113
204;114
204;115
204;116
204;117
204;118
204;119
204;120
204;121
204;122
204;123
204;124
204;125
204;126
204;127
204;128
204;129
204;130
204;131
204;132
204;133
204;134
204;135
204;136
204;137
204;138
204;139
204;140
204;141
204;142
204;143
204;144
204;145
204;146
204;147
204;148
204;149
204;150
204;151
204;152
204;153
204;154
204;155
204;156
204;157
204;158
204;159
204;160
204;161
204;162
204;163
204;164
204;165
204;166
204;167
204;168
204;169
204;170
204;171
204;172
204;173
204;174
204;175
204;176
204;177
204;178
204;179
204;180
204;181
204;182
204;183
204;184
204;185
204;186
204;187
204;188
204;189
204;190
204;191
204;192
204;193
204;194
204;195
204;196
204;197
204;198
204;199
204;463
204;464
204;465
204;466
204;467
204;468
204;469
204;470
204;471
204;472
204;473
204;474
204;475
204;476
204;477
204;478
204;479
204;480
204;481
204;482
204;483
204;484
204;485
204;486
204;487
204;488
204;489
204;490
204;491
204;492
204;493
204;494
204;495
204;496
204;497
204;498
204;499
204;500
204;501
204;502
204;503
204;504
204;505
204;506
204;507
204;508
204;509
204;510
204;511
204;512
204;513
204;514
204;515
204;516
204;517
204;518
204;519
204;520
204;521
204;522
204;523
204;524
204;525
204;526
204;527
204;528
204;529
204;530
204;531
204;532
204;533
204;534
204;535
204;536
204;537
204;538
204;539
204;540
204;541
204;542
204;543
204;544
204;545
204;546
204;547
204;548
204;549
204;550
204;551
204;552
204;553
204;554
204;555
204;556
204;557
204;558
204;559
204;560
204;561
204;562
204;563
204;564
204;565
204;566
204;567
204;568
204;569
204;570
204;571
204;572
204;573
204;574
204;575
204;576
204;577
204;578
204;579
204;580
204;581
204;582
204;583
204;584
204;585
204;586
204;587
204;588
204;589
204;590
204;591
204;592
204;593
204;594
204;595
204;596
204;597
204;598
204;599
204;600
204;601
204;602
204;603
204;604
204;605
204;606
204;607
204;608
204;609
204;610
204;611
204;612
204;613
204;614
204;615
204;616
204;617
204;618
204;619
204;620
204;621
204;622
204;623
204;624
204;625
204;626
204;627
204;628
205;12
205;13
205;14
205;15
205;16
205;17
205;18
205;19
205;20
205;21
205;22
205;23
205;24
205;25
205;26
205;27
205;28
205;29
205;30
205;31
205;32
205;33
205;34
205;35
205;36
205;37
205;38
205;39
205;40
205;41
205;42
205;43
205;44
205;45
205;46
205;47
205;48
205;49
205;50
205;51
205;52
205;53
205;54
205;55
205;56
205;57
205;58
205;59
205;60
205;61
205;62
205;63
205;64
205;65
205;66
205;67
205;68
205;69
205;70
205;71
205;72
205;73
205;74
205;75
205;76
205;77
205;78
205;79
205;80
205;81
205;82
205;83
205;84
205;85
205;86
205;87
205;88
205;89
205;90
205;91
205;92
205;93
205;94
205;95
205;96
205;97
205;98
205;99
205;100
205;101
205;102
205;103
205;104
205;105
205;106
205;107
205;108
205;109
205;110
205;111
205;112
205;113
205;114
205;115
205;116
205;117
205;118
205;119
205;120
205;121
205;122
205;123
205;124
205;125
205;126
205;127
205;128
205;129
205;130
205;131
205;132
205;133
205;134
205;135
205;136
205;137
205;138
205;139
205;140
205;141
205;142
205;143
205;144
205;145
205;146
205;147
205;148
205;149
205;150
205;151
205;152
205;153
205;154
205;155
205;156
205;157
205;158
205;159
205;160
205;161
205;162
205;163
205;164
205;165
205;166
205;167
205;168
205;169
205;170
205;171
205;172
205;173
205;174
205;175
205;176
205;177
205;178
205;179
205;180
205;181
205;182
205;183
205;184
205;185
205;186
205;187
205;188
205;189
205;190
205;191
205;192
205;193
205;194
205;195
205;196
205;197
205;198
205;199
205;463
205;464
205;465
205;466
205;467
205;468
205;469
205;470
205;471
205;472
205;473
205;474
205;475
205;476
205;477
205;478
205;479
205;480
205;481
205;482
205;483
205;484
205;485
205;486
205;487
205;488
205;489
205;490
205;491
205;492
205;493
205;494
205;495
205;496
205;497
205;498
205;499
205;500
205;501
205;502
205;503
205;504
205;505
205;506
205;507
205;508
205;509
205;510
205;511
205;512
205;513
205;514
205;515
205;516
205;517
205;518
205;519
205;520
205;521
205;522
205;523
205;524
205;525
205;526
205;527
205;528
205;529
205;530
205;531
205;532
205;533
205;534
205;535
205;536
205;537
205;538
205;539
205;540
205;541
205;542
205;543
205;544
205;545
205;546
205;547
205;548
205;549
205;550
205;551
205;552
205;553
205;554
205;555
205;556
205;557
205;558
205;559
205;560
205;561
205;562
205;563
205;564
205;565
205;566
205;567
205;568
205;569
205;570
205;571
205;572
205;573
205;574
205;575
205;576
205;577
205;578
205;579
205;580
205;581
205;582
205;583
205;584
205;585
205;586
205;587
205;588
205;589
205;590
205;591
205;592
205;593
205;594
205;595
205;596
205;597
205;598
205;599
205;600
205;601
205;602
205;603
205;604
205;605
205;606
205;607
205;608
205;609
205;610
205;611
205;612
205;613
205;614
205;615
205;616
205;617
205;618
205;619
205;620
205;621
205;622
205;623
205;624
205;625
205;626
205;627
205;628
206;11
206;12
206;13
206;14
206;15
206;16
206;17
206;18
206;19
206;20
206;21
206;22
206;23
206;24
206;25
206;26
206;27
206;28
206;29
206;30
206;31
206;32
206;33
206;34
206;35
206;36
206;37
206;38
206;39
206;40
206;41
206;42
206;43
206;44
206;45
206;46
206;47
206;48
206;49
206;50
206;51
206;52
206;53
206;54
206;55
206;56
206;57
206;58
206;59
206;60
206;61
206;62
206;63
206;64
206;65
206;66
206;67
206;68
206;69
206;70
206;71
206;72
206;73
206;74
206;75
206;76
206;77
206;78
206;79
206;80
206;81
206;82
206;83
206;84
206;85
206;86
206;87
206;88
206;89
206;90
206;91
206;92
206;93
206;94
206;95
206;96
206;97
206;98
206;99
206;100
206;101
206;102
206;103
206;104
206;105
206;106
206;107
206;108
206;109
206;110
206;111
206;112
206;113
206;114
206;115
206;116
206;117
206;118
206;119
206;120
206;121
206;122
206;123
206;124
206;125
206;126
206;127
206;128
206;129
206;130
206;131
206;132
206;133
206;134
206;135
206;136
206;137
206;138
206;139
206;140
206;141
206;142
206;143
206;144
206;145
206;146
206;147
206;148
206;149
206;150
206;151
206;152
206;153
206;154
206;155
206;156
206;157
206;158
206;159
206;160
206;161
206;162
206;163
206;164
206;165
206;166
206;167
206;168
206;169
206;170
206;171
206;172
206;173
206;174
206;175
206;176
206;177
206;178
206;179
206;180
206;181
206;182
206;183
206;184
206;185
206;186
206;187
206;188
206;189
206;190
206;191
206;192
206;193
206;194
206;195
206;196
206;197
206;198
206;199
206;464
206;465
206;466
206;467
206;468
206;469
206;470
206;471
206;472
206;473
206;474
206;475
206;476
206;477
206;478
206;479
206;480
206;481
206;482
206;483
206;484
206;485
206;486
206;487
206;488
206;489
206;490
206;491
206;492
206;493
206;494
206;495
206;496
206;497
206;498
206;499
206;500
206;501
206;502
206;503
206;504
206;505
206;506
206;507
206;508
206;509
206;510
206;511
206;512
206;513
206;514
206;515
206;516
206;517
206;518
206;519
206;520
206;521
206;522
206;523
206;524
206;525
206;526
206;527
206;528
206;529
206;530
206;531
206;532
206;533
206;534
206;535
206;536
206;537
206;538
206;539
206;540
206;541
206;542
206;543
206;544
206;545
206;546
206;547
206;548
206;549
206;550
206;551
206;552
206;553
206;554
206;555
206;556
206;557
206;558
206;559
206;560
206;561
206;562
206;563
206;564
206;565
206;566
206;567
206;568
206;569
206;570
206;571
206;572
206;573
206;574
206;575
206;576
206;577
206;578
206;579
206;580
206;581
206;582
206;583
206;584
206;585
206;586
206;587
206;588
206;589
206;590
206;591
206;592
206;593
206;594
206;595
206;596
206;597
206;598
206;599
206;600
206;601
206;602
206;603
206;604
206;605
206;606
206;607
206;608
206;609
206;610
206;611
206;612
206;613
206;614
206;615
206;616
206;617
206;618
206;619
206;620
206;621
206;622
206;623
206;624
206;625
206;626
206;627
206;628
207;11
207;12
207;13
207;14
207;15
207;16
207;17
207;18
207;19
207;20
207;21
207;22
207;23
207;24
207;25
207;26
207;27
207;28
207;29
207;30
207;31
207;32
207;33
207;34
207;35
207;36
207;37
207;38
207;39
207;40
207;41
207;42
207;43
207;44
207;45
207;46
207;47
207;48
207;49
207;50
207;51
207;52
207;53
207;54
207;55
207;56
207;57
207;58
207;59
207;60
207;61
207;62
207;63
207;64
207;65
207;66
207;67
207;68
207;69
207;70
207;71
207;72
207;73
207;74
207;75
207;76
207;77
207;78
207;79
207;80
207;81
207;82
207;83
207;84
207;85
207;86
207;87
207;88
207;89
207;90
207;91
207;92
207;93
207;94
207;95
207;96
207;97
207;98
207;99
207;100
207;101
207;102
207;103
207;104
207;105
207;106
207;107
207;108
207;109
207;110
207;111
207;112
207;113
207;114
207;115
207;116
207;117
207;118
207;119
207;120
207;121
207;122
207;123
207;124
207;125
207;126
207;127
207;128
207;129
207;130
207;131
207;132
207;133
207;134
207;135
207;136
207;137
207;138
207;139
207;140
207;141
207;142
207;143
207;144
207;145
207;146
207;147
207;148
207;149
207;150
207;151
207;152
207;153
207;154
207;155
207;156
207;157
207;158
207;159
207;160
207;161
207;162
207;163
207;164
207;165
207;166
207;167
207;168
207;169
207;170
207;171
207;172
207;173
207;174
207;175
207;176
207;177
207;178
207;179
207;180
207;181
207;182
207;183
207;184
207;185
207;186
207;187
207;188
207;189
207;190
207;191
207;192
207;193
207;194
207;195
207;196
207;197
207;198
207;199
207;200
207;464
207;465
207;466
207;467
207;468
207;469
207;470
207;471
207;472
207;473
207;474
207;475
207;476
207;477
207;478
207;479
207;480
207;481
207;482
207;483
207;484
207;485
207;486
207;487
207;488
207;489
207;490
207;491
207;492
207;493
207;494
207;495
207;496
207;497
207;498
207;499
207;500
207;501
207;502
207;503
207;504
207;505
207;506
207;507
207;508
207;509
207;510
207;511
207;512
207;513
207;514
207;515
207;516
207;517
207;518
207;519
207;520
207;521
207;522
207;523
207;524
207;525
207;526
207;527
207;528
207;529
207;530
207;531
207;532
207;533
207;534
207;535
207;536
207;537
207;538
207;539
207;540
207;541
207;542
207;543
207;544
207;545
207;546
207;547
207;548
207;549
207;550
207;551
207;552
207;553
207;554
207;555
207;556
207;557
207;558
207;559
207;560
207;561
207;562
207;563
207;564
207;565
207;566
207;567
207;568
207;569
207;570
207;571
207;572
207;573
207;574
207;575
207;576
207;577
207;578
207;579
207;580
207;581
207;582
207;583
207;584
207;585
207;586
207;587
207;588
207;589
207;590
207;591
207;592
207;593
207;594
207;595
207;596
207;597
207;598
207;599
207;600
207;601
207;602
207;603
207;604
207;605
207;606
207;607
207;608
207;609
207;610
207;611
207;612
207;613
207;614
207;615
207;616
207;617
207;618
207;619
207;620
207;621
207;622
207;623
207;624
207;625
207;626
207;627
207;628
207;629
208;11
208;12
208;13
208;14
208;15
208;16
208;17
208;18
208;19
208;20
208;21
208;22
208;23
208;24
208;25
208;26
208;27
208;28
208;29
208;30
208;31
208;32
208;33
208;34
208;35
208;36
208;37
208;38
208;39
208;40
208;41
208;42
208;43
208;44
208;45
208;46
208;47
208;48
208;49
208;50
208;51
208;52
208;53
208;54
208;55
208;56
208;57
208;58
208;59
208;60
208;61
208;62
208;63
208;64
208;65
208;66
208;67
208;68
208;69
208;70
208;71
208;72
208;73
208;74
208;75
208;76
208;77
208;78
208;79
208;80
208;81
208;82
208;83
208;84
208;85
208;86
208;87
208;88
208;89
208;90
208;91
208;92
208;93
208;94
208;95
208;96
208;97
208;98
208;99
208;100
208;101
208;102
208;103
208;104
208;105
208;106
208;107
208;108
208;109
208;110
208;111
208;112
208;113
208;114
208;115
208;116
208;117
208;118
208;119
208;120
208;121
208;122
208;123
208;124
208;125
208;126
208;127
208;128
208;129
208;130
208;131
208;132
208;133
208;134
208;135
208;136
208;137
208;138
208;139
208;140
208;141
208;142
208;143
208;144
208;145
208;146
208;147
208;148
208;149
208;150
208;151
208;152
208;153
208;154
208;155
208;156
208;157
208;158
208;159
208;160
208;161
208;162
208;163
208;164
208;165
208;166
208;167
208;168
208;169
208;170
208;171
208;172
208;173
208;174
208;175
208;176
208;177
208;178
208;179
208;180
208;181
208;182
208;183
208;184
208;185
208;186
208;187
208;188
208;189
208;190
208;191
208;192
208;193
208;194
208;195
208;196
208;197
208;198
208;199
208;200
208;201
208;464
208;465
208;466
208;467
208;468
208;469
208;470
208;471
208;472
208;473
208;474
208;475
208;476
208;477
208;478
208;479
208;480
208;481
208;482
208;483
208;484
208;485
208;486
208;487
208;488
208;489
208;490
208;491
208;492
208;493
208;494
208;495
208;496
208;497
208;498
208;499
208;500
208;501
208;502
208;503
208;504
208;505
208;506
208;507
208;508
208;509
208;510
208;511
208;512
208;513
208;514
208;515
208;516
208;517
208;518
208;519
208;520
208;521
208;522
208;523
208;524
208;525
208;526
208;527
208;528
208;529
208;530
208;531
208;532
208;533
208;534
208;535
208;536
208;537
208;538
208;539
208;540
208;541
208;542
208;543
208;544
208;545
208;546
208;547
208;548
208;549
208;550
208;551
208;552
208;553
208;554
208;555
208;556
208;557
208;558
208;559
208;560
208;561
208;562
208;563
208;564
208;565
208;566
208;567
208;568
208;569
208;570
208;571
208;572
208;573
208;574
208;575
208;576
208;577
208;578
208;579
208;580
208;581
208;582
208;583
208;584
208;585
208;586
208;587
208;588
208;589
208;590
208;591
208;592
208;593
208;594
208;595
208;596
208;597
208;598
208;599
208;600
208;601
208;602
208;603
208;604
208;605
208;606
208;607
208;608
208;609
208;610
208;611
208;612
208;613
208;614
208;615
208;616
208;617
208;618
208;619
208;620
208;621
208;622
208;623
208;624
208;625
208;626
208;627
208;628
208;629
209;10
209;11
209;12
209;13
209;14
209;15
209;16
209;17
209;18
209;19
209;20
209;21
209;22
209;23
209;24
209;25
209;26
209;27
209;28
209;29
209;30
209;31
209;32
209;33
209;34
209;35
209;36
209;37
209;38
209;39
209;40
209;41
209;42
209;43
209;44
209;45
209;46
209;47
209;48
209;49
209;50
209;51
209;52
209;53
209;54
209;55
209;56
209;57
209;58
209;59
209;60
209;61
209;62
209;63
209;64
209;65
209;66
209;67
209;68
209;69
209;70
209;71
209;72
209;73
209;74
209;75
209;76
209;77
209;78
209;79
209;80
209;81
209;82
209;83
209;84
209;85
209;86
209;87
209;88
209;89
209;90
209;91
209;92
209;93
209;94
209;95
209;96
209;97
209;98
209;99
209;100
209;101
209;102
209;103
209;104
209;105
209;106
209;107
209;108
209;109
209;110
209;111
209;112
209;113
209;114
209;115
209;116
209;117
209;118
209;119
209;120
209;121
209;122
209;123
209;124
209;125
209;126
209;127
209;128
209;129
209;130
209;131
209;132
209;133
209;134
209;135
209;136
209;137
209;138
209;139
209;140
209;141
209;142
209;143
209;144
209;145
209;146
209;147
209;148
209;149
209;150
209;151
209;152
209;153
209;154
209;155
209;156
209;157
209;158
209;159
209;160
209;161
209;162
209;163
209;164
209;165
209;166
209;167
209;168
209;169
209;170
209;171
209;172
209;173
209;174
209;175
209;176
209;177
209;178
209;179
209;180
209;181
209;182
209;183
209;184
209;185
209;186
209;187
209;188
209;189
209;190
209;191
209;192
209;193
209;194
209;195
209;196
209;197
209;198
209;199
209;200
209;201
209;464
209;465
209;466
209;467
209;468
209;469
209;470
209;471
209;472
209;473
209;474
209;475
209;476
209;477
209;478
209;479
209;480
209;481
209;482
209;483
209;484
209;485
209;486
209;487
209;488
209;489
209;490
209;491
209;492
209;493
209;494
209;495
209;496
209;497
209;498
209;499
209;500
209;501
209;502
209;503
209;504
209;505
209;506
209;507
209;508
209;509
209;510
209;511
209;512
209;513
209;514
209;515
209;516
209;517
209;518
209;519
209;520
209;521
209;522
209;523
209;524
209;525
209;526
209;527
209;528
209;529
209;530
209;531
209;532
209;533
209;534
209;535
209;536
209;537
209;538
209;539
209;540
209;541
209;542
209;543
209;544
209;545
209;546
209;547
209;548
209;549
209;550
209;551
209;552
209;553
209;554
209;555
209;556
209;557
209;558
209;559
209;560
209;561
209;562
209;563
209;564
209;565
209;566
209;567
209;568
209;569
209;570
209;571
209;572
209;573
209;574
209;575
209;576
209;577
209;578
209;579
209;580
209;581
209;582
209;583
209;584
209;585
209;586
209;587
209;588
209;589
209;590
209;591
209;592
209;593
209;594
209;595
209;596
209;597
209;598
209;599
209;600
209;601
209;602
209;603
209;604
209;605
209;606
209;607
209;608
209;609
209;610
209;611
209;612
209;613
209;614
209;615
209;616
209;617
209;618
209;619
209;620
209;621
209;622
209;623
209;624
209;625
209;626
209;627
209;628
209;629
210;9
210;10
210;11
210;12
210;13
210;14
210;15
210;16
210;17
210;18
210;19
210;20
210;21
210;22
210;23
210;24
210;25
210;26
210;27
210;28
210;29
210;30
210;31
210;32
210;33
210;34
210;35
210;36
210;37
210;38
210;39
210;40
210;41
210;42
210;43
210;44
210;45
210;46
210;47
210;48
210;49
210;50
210;51
210;52
210;53
210;54
210;55
210;56
210;57
210;58
210;59
210;60
210;61
210;62
210;63
210;64
210;65
210;66
210;67
210;68
210;69
210;70
210;71
210;72
210;73
210;74
210;75
210;76
210;77
210;78
210;79
210;80
210;81
210;82
210;83
210;84
210;85
210;86
210;87
210;88
210;89
210;90
210;91
210;92
210;93
210;94
210;95
210;96
210;97
210;98
210;99
210;100
210;101
210;102
210;103
210;104
210;105
210;106
210;107
210;108
210;109
210;110
210;111
210;112
210;113
210;114
210;115
210;116
210;117
210;118
210;119
210;120
210;121
210;122
210;123
210;124
210;125
210;126
210;127
210;128
210;129
210;130
210;131
210;132
210;133
210;134
210;135
210;136
210;137
210;138
210;139
210;140
210;141
210;142
210;143
210;144
210;145
210;146
210;147
210;148
210;149
210;150
210;151
210;152
210;153
210;154
210;155
210;156
210;157
210;158
210;159
210;160
210;161
210;162
210;163
210;164
210;165
210;166
210;167
210;168
210;169
210;170
210;171
210;172
210;173
210;174
210;175
210;176
210;177
210;178
210;179
210;180
210;181
210;182
210;183
210;184
210;185
210;186
210;187
210;188
210;189
210;190
210;191
210;192
210;193
210;194
210;195
210;196
210;197
210;198
210;199
210;200
210;201
210;465
210;466
210;467
210;468
210;469
210;470
210;471
210;472
210;473
210;474
210;475
210;476
210;477
210;478
210;479
210;480
210;481
210;482
210;483
210;484
210;485
210;486
210;487
210;488
210;489
210;490
210;491
210;492
210;493
210;494
210;495
210;496
210;497
210;498
210;499
210;500
210;501
210;502
210;503
210;504
210;505
210;506
210;507
210;508
210;509
210;510
210;511
210;512
210;513
210;514
210;515
210;516
210;517
210;518
210;519
210;520
210;521
210;522
210;523
210;524
210;525
210;526
210;527
210;528
210;529
210;530
210;531
210;532
210;533
210;534
210;535
210;536
210;537
210;538
210;539
210;540
210;541
210;542
210;543
210;544
210;545
210;546
210;547
210;548
210;549
210;550
210;551
210;552
210;553
210;554
210;555
210;556
210;557
210;558
210;559
210;560
210;561
210;562
210;563
210;564
210;565
210;566
210;567
210;568
210;569
210;570
210;571
210;572
210;573
210;574
210;575
210;576
210;577
210;578
210;579
210;580
210;581
210;582
210;583
210;584
210;585
210;586
210;587
210;588
210;589
210;590
210;591
210;592
210;593
210;594
210;595
210;596
210;597
210;598
210;599
210;600
210;601
210;602
210;603
210;604
210;605
210;606
210;607
210;608
210;609
210;610
210;611
210;612
210;613
210;614
210;615
210;616
210;617
210;618
210;619
210;620
210;621
210;622
210;623
210;624
210;625
210;626
210;627
210;628
210;629
211;9
211;10
211;11
211;12
211;13
211;14
211;15
211;16
211;17
211;18
211;19
211;20
211;21
211;22
211;23
211;24
211;25
211;26
211;27
211;28
211;29
211;30
211;31
211;32
211;33
211;34
211;35
211;36
211;37
211;38
211;39
211;40
211;41
211;42
211;43
211;44
211;45
211;46
211;47
211;48
211;49
211;50
211;51
211;52
211;53
211;54
211;55
211;56
211;57
211;58
211;59
211;60
211;61
211;62
211;63
211;64
211;65
211;66
211;67
211;68
211;69
211;70
211;71
211;72
211;73
211;74
211;75
211;76
211;77
211;78
211;79
211;80
211;81
211;82
211;83
211;84
211;85
211;86
211;87
211;88
211;89
211;90
211;91
211;92
211;93
211;94
211;95
211;96
211;97
211;98
211;99
211;100
211;101
211;102
211;103
211;104
211;105
211;106
211;107
211;108
211;109
211;110
211;111
211;112
211;113
211;114
211;115
211;116
211;117
211;118
211;119
211;120
211;121
211;122
211;123
211;124
211;125
211;126
211;127
211;128
211;129
211;130
211;131
211;132
211;133
211;134
211;135
211;136
211;137
211;138
211;139
211;140
211;141
211;142
211;143
211;144
211;145
211;146
211;147
211;148
211;149
211;150
211;151
211;152
211;153
211;154
211;155
211;156
211;157
211;158
211;159
211;160
211;161
211;162
211;163
211;164
211;165
211;166
211;167
211;168
211;169
211;170
211;171
211;172
211;173
211;174
211;175
211;176
211;177
211;178
211;179
211;180
211;181
211;182
211;183
211;184
211;185
211;186
211;187
211;188
211;189
211;190
211;191
211;192
211;193
211;194
211;195
211;196
211;197
211;198
211;199
211;200
211;201
211;202
211;465
211;466
211;467
211;468
211;469
211;470
211;471
211;472
211;473
211;474
211;475
211;476
211;477
211;478
211;479
211;480
211;481
211;482
211;483
211;484
211;485
211;486
211;487
211;488
211;489
211;490
211;491
211;492
211;493
211;494
211;495
211;496
211;497
211;498
211;499
211;500
211;501
211;502
211;503
211;504
211;505
211;506
211;507
211;508
211;509
211;510
211;511
211;512
211;513
211;514
211;515
211;516
211;517
211;518
211;519
211;520
211;521
211;522
211;523
211;524
211;525
211;526
211;527
211;528
211;529
211;530
211;531
211;532
211;533
211;534
211;535
211;536
211;537
211;538
211;539
211;540
211;541
211;542
211;543
211;544
211;545
211;546
211;547
211;548
211;549
211;550
211;551
211;552
211;553
211;554
211;555
211;556
211;557
211;558
211;559
211;560
211;561
211;562
211;563
211;564
211;565
211;566
211;567
211;568
211;569
211;570
211;571
211;572
211;573
211;574
211;575
211;576
211;577
211;578
211;579
211;580
211;581
211;582
211;583
211;584
211;585
211;586
211;587
211;588
211;589
211;590
211;591
211;592
211;593
211;594
211;595
211;596
211;597
211;598
211;599
211;600
211;601
211;602
211;603
211;604
211;605
211;606
211;607
211;608
211;609
211;610
211;611
211;612
211;613
211;614
211;615
211;616
211;617
211;618
211;619
211;620
211;621
211;622
211;623
211;624
211;625
211;626
211;627
211;628
211;630
212;9
212;10
212;11
212;12
212;13
212;14
212;15
212;16
212;17
212;18
212;19
212;20
212;21
212;22
212;23
212;24
212;25
212;26
212;27
212;28
212;29
212;30
212;31
212;32
212;33
212;34
212;35
212;36
212;37
212;38
212;39
212;40
212;41
212;42
212;43
212;44
212;45
212;46
212;47
212;48
212;49
212;50
212;51
212;52
212;53
212;54
212;55
212;56
212;57
212;58
212;59
212;60
212;61
212;62
212;63
212;64
212;65
212;66
212;67
212;68
212;69
212;70
212;71
212;72
212;73
212;74
212;75
212;76
212;77
212;78
212;79
212;80
212;81
212;82
212;83
212;84
212;85
212;86
212;87
212;88
212;89
212;90
212;91
212;92
212;93
212;94
212;95
212;96
212;97
212;98
212;99
212;100
212;101
212;102
212;103
212;104
212;105
212;106
212;107
212;108
212;109
212;110
212;111
212;112
212;113
212;114
212;115
212;116
212;117
212;118
212;119
212;120
212;121
212;122
212;123
212;124
212;125
212;126
212;127
212;128
212;129
212;130
212;131
212;132
212;133
212;134
212;135
212;136
212;137
212;138
212;139
212;140
212;141
212;142
212;143
212;144
212;145
212;146
212;147
212;148
212;149
212;150
212;151
212;152
212;153
212;154
212;155
212;156
212;157
212;158
212;159
212;160
212;161
212;162
212;163
212;164
212;165
212;166
212;167
212;168
212;169
212;170
212;171
212;172
212;173
212;174
212;175
212;176
212;177
212;178
212;179
212;180
212;181
212;182
212;183
212;184
212;185
212;186
212;187
212;188
212;189
212;190
212;191
212;192
212;193
212;194
212;195
212;196
212;197
212;198
212;199
212;200
212;201
212;202
212;203
212;465
212;466
212;467
212;468
212;469
212;470
212;471
212;472
212;473
212;474
212;475
212;476
212;477
212;478
212;479
212;480
212;481
212;482
212;483
212;484
212;485
212;486
212;487
212;488
212;489
212;490
212;491
212;492
212;493
212;494
212;495
212;496
212;497
212;498
212;499
212;500
212;501
212;502
212;503
212;504
212;505
212;506
212;507
212;508
212;509
212;510
212;511
212;512
212;513
212;514
212;515
212;516
212;517
212;518
212;519
212;520
212;521
212;522
212;523
212;524
212;525
212;526
212;527
212;528
212;529
212;530
212;531
212;532
212;533
212;534
212;535
212;536
212;537
212;538
212;539
212;540
212;541
212;542
212;543
212;544
212;545
212;546
212;547
212;548
212;549
212;550
212;551
212;552
212;553
212;554
212;555
212;556
212;557
212;558
212;559
212;560
212;561
212;562
212;563
212;564
212;565
212;566
212;567
212;568
212;569
212;570
212;571
212;572
212;573
212;574
212;575
212;576
212;577
212;578
212;579
212;580
212;581
212;582
212;583
212;584
212;585
212;586
212;587
212;588
212;589
212;590
212;591
212;592
212;593
212;594
212;595
212;596
212;597
212;598
212;599
212;600
212;601
212;602
212;603
212;604
212;605
212;606
212;607
212;608
212;609
212;610
212;611
212;612
212;613
212;614
212;615
212;616
212;617
212;618
212;619
212;620
212;621
212;622
212;623
212;624
212;626
213;8
213;9
213;10
213;11
213;12
213;13
213;14
213;15
213;16
213;17
213;18
213;19
213;20
213;21
213;22
213;23
213;24
213;25
213;26
213;27
213;28
213;29
213;30
213;31
213;32
213;33
213;34
213;35
213;36
213;37
213;38
213;39
213;40
213;41
213;42
213;43
213;44
213;45
213;46
213;47
213;48
213;49
213;50
213;51
213;52
213;53
213;54
213;55
213;56
213;57
213;58
213;59
213;60
213;61
213;62
213;63
213;64
213;65
213;66
213;67
213;68
213;69
213;70
213;71
213;72
213;73
213;74
213;75
213;76
213;77
213;78
213;79
213;80
213;81
213;82
213;83
213;84
213;85
213;86
213;87
213;88
213;89
213;90
213;91
213;92
213;93
213;94
213;95
213;96
213;97
213;98
213;99
213;100
213;101
213;102
213;103
213;104
213;105
213;106
213;107
213;108
213;109
213;110
213;111
213;112
213;113
213;114
213;115
213;116
213;117
213;118
213;119
213;120
213;121
213;122
213;123
213;124
213;125
213;126
213;127
213;128
213;129
213;130
213;131
213;132
213;133
213;134
213;135
213;136
213;137
213;138
213;139
213;140
213;141
213;142
213;143
213;144
213;145
213;146
213;147
213;148
213;149
213;150
213;151
213;152
213;153
213;154
213;155
213;156
213;157
213;158
213;159
213;160
213;161
213;162
213;163
213;164
213;165
213;166
213;167
213;168
213;169
213;170
213;171
213;172
213;173
213;174
213;175
213;176
213;177
213;178
213;179
213;180
213;181
213;182
213;183
213;184
213;185
213;186
213;187
213;188
213;189
213;190
213;191
213;192
213;193
213;194
213;195
213;196
213;197
213;198
213;199
213;200
213;201
213;202
213;203
213;466
213;467
213;468
213;469
213;470
213;471
213;472
213;473
213;474
213;475
213;476
213;477
213;478
213;479
213;480
213;481
213;482
213;483
213;484
213;485
213;486
213;487
213;488
213;489
213;490
213;491
213;492
213;493
213;494
213;495
213;496
213;497
213;498
213;499
213;500
213;501
213;502
213;503
213;504
213;505
213;506
213;507
213;508
213;509
213;510
213;511
213;512
213;513
213;514
213;515
213;516
213;517
213;518
213;519
213;520
213;521
213;522
213;523
213;524
213;525
213;526
213;527
213;528
213;529
213;530
213;531
213;532
213;533
213;534
213;535
213;536
213;537
213;538
213;539
213;540
213;541
213;542
213;543
213;544
213;545
213;546
213;547
213;548
213;549
213;550
213;551
213;552
213;553
213;554
213;555
213;556
213;557
213;558
213;559
213;560
213;561
213;562
213;563
213;564
213;565
213;566
213;567
213;568
213;569
213;570
213;571
213;572
213;573
213;574
213;575
213;576
213;577
213;578
213;579
213;580
213;581
213;582
213;583
213;584
213;585
213;586
213;587
213;588
213;589
213;590
213;591
213;592
213;593
213;594
213;595
213;596
213;597
213;598
213;599
213;600
213;601
213;602
213;603
213;604
213;605
213;606
213;607
213;608
213;609
213;610
213;611
213;612
213;613
213;614
213;615
213;616
213;617
213;618
213;620
214;8
214;9
214;10
214;11
214;12
214;13
214;14
214;15
214;16
214;17
214;18
214;19
214;20
214;21
214;22
214;23
214;24
214;25
214;26
214;27
214;28
214;29
214;30
214;31
214;32
214;33
214;34
214;35
214;36
214;37
214;38
214;39
214;40
214;41
214;42
214;43
214;44
214;45
214;46
214;47
214;48
214;49
214;50
214;51
214;52
214;53
214;54
214;55
214;56
214;57
214;58
214;59
214;60
214;61
214;62
214;63
214;64
214;65
214;66
214;67
214;68
214;69
214;70
214;71
214;72
214;73
214;74
214;75
214;76
214;77
214;78
214;79
214;80
214;81
214;82
214;83
214;84
214;85
214;86
214;87
214;88
214;89
214;90
214;91
214;92
214;93
214;94
214;95
214;96
214;97
214;98
214;99
214;100
214;101
214;102
214;103
214;104
214;105
214;106
214;107
214;108
214;109
214;110
214;111
214;112
214;113
214;114
214;115
214;116
214;117
214;118
214;119
214;120
214;121
214;122
214;123
214;124
214;125
214;126
214;127
214;128
214;129
214;130
214;131
214;132
214;133
214;134
214;135
214;136
214;137
214;138
214;139
214;140
214;141
214;142
214;143
214;144
214;145
214;146
214;147
214;148
214;149
214;150
214;151
214;152
214;153
214;154
214;155
214;156
214;157
214;158
214;159
214;160
214;161
214;162
214;163
214;164
214;165
214;166
214;167
214;168
214;169
214;170
214;171
214;172
214;173
214;174
214;175
214;176
214;177
214;178
214;179
214;180
214;181
214;182
214;183
214;184
214;185
214;186
214;187
214;188
214;189
214;190
214;191
214;192
214;193
214;194
214;195
214;196
214;197
214;198
214;199
214;200
214;201
214;202
214;203
214;466
214;467
214;468
214;469
214;470
214;471
214;472
214;473
214;474
214;475
214;476
214;477
214;478
214;479
214;480
214;481
214;482
214;483
214;484
214;485
214;486
214;487
214;488
214;489
214;490
214;491
214;492
214;493
214;494
214;495
214;496
214;497
214;498
214;499
214;500
214;501
214;502
214;503
214;504
214;505
214;506
214;507
214;508
214;509
214;510
214;511
214;512
214;513
214;514
214;515
214;516
214;517
214;518
214;519
214;520
214;521
214;522
214;523
214;524
214;525
214;526
214;527
214;528
214;529
214;530
214;531
214;532
214;533
214;534
214;535
214;536
214;537
214;538
214;539
214;540
214;541
214;542
214;543
214;544
214;545
214;546
214;547
214;548
214;549
214;550
214;551
214;552
214;553
214;554
214;555
214;556
214;557
214;558
214;559
214;560
214;561
214;562
214;563
214;564
214;565
214;566
214;567
214;568
214;569
214;570
214;571
214;572
214;573
214;574
214;575
214;576
214;577
214;578
214;579
214;580
214;581
214;582
214;583
214;584
214;585
214;586
214;587
214;588
214;589
214;590
214;591
214;592
214;593
214;594
214;595
214;596
214;597
214;598
214;599
214;600
214;601
214;602
214;603
214;604
214;605
214;606
214;607
214;608
214;609
214;610
214;611
214;612
214;613
214;614
214;616
215;7
215;8
215;9
215;10
215;11
215;12
215;13
215;14
215;15
215;16
215;17
215;18
215;19
215;20
215;21
215;22
215;23
215;24
215;25
215;26
215;27
215;28
215;29
215;30
215;31
215;32
215;33
215;34
215;35
215;36
215;37
215;38
215;39
215;40
215;41
215;42
215;43
215;44
215;45
215;46
215;47
215;48
215;49
215;50
215;51
215;52
215;53
215;54
215;55
215;56
215;57
215;58
215;59
215;60
215;61
215;62
215;63
215;64
215;65
215;66
215;67
215;68
215;69
215;70
215;71
215;72
215;73
215;74
215;75
215;76
215;77
215;78
215;79
215;80
215;81
215;82
215;83
215;84
215;85
215;86
215;87
215;88
215;89
215;90
215;91
215;92
215;93
215;94
215;95
215;96
215;97
215;98
215;99
215;100
215;101
215;102
215;103
215;104
215;105
215;106
215;107
215;108
215;109
215;110
215;111
215;112
215;113
215;114
215;115
215;116
215;117
215;118
215;119
215;120
215;121
215;122
215;123
215;124
215;125
215;126
215;127
215;128
215;129
215;130
215;131
215;132
215;133
215;134
215;135
215;136
215;137
215;138
215;139
215;140
215;141
215;142
215;143
215;144
215;145
215;146
215;147
215;148
215;149
215;150
215;151
215;152
215;153
215;154
215;155
215;156
215;157
215;158
215;159
215;160
215;161
215;162
215;163
215;164
215;165
215;166
215;167
215;168
215;169
215;170
215;171
215;172
215;173
215;174
215;175
215;176
215;177
215;178
215;179
215;180
215;181
215;182
215;183
215;184
215;185
215;186
215;187
215;188
215;189
215;190
215;191
215;192
215;193
215;194
215;195
215;196
215;197
215;198
215;199
215;200
215;201
215;202
215;203
215;204
215;466
215;467
215;468
215;469
215;470
215;471
215;472
215;473
215;474
215;475
215;476
215;477
215;478
215;479
215;480
215;481
215;482
215;483
215;484
215;485
215;486
215;487
215;488
215;489
215;490
215;491
215;492
215;493
215;494
215;495
215;496
215;497
215;498
215;499
215;500
215;501
215;502
215;503
215;504
215;505
215;506
215;507
215;508
215;509
215;510
215;511
215;512
215;513
215;514
215;515
215;516
215;517
215;518
215;519
215;520
215;521
215;522
215;523
215;524
215;525
215;526
215;527
215;528
215;529
215;530
215;531
215;532
215;533
215;534
215;535
215;536
215;537
215;538
215;539
215;540
215;541
215;542
215;543
215;544
215;545
215;546
215;547
215;548
215;549
215;550
215;551
215;552
215;553
215;554
215;555
215;556
215;557
215;558
215;559
215;560
215;561
215;562
215;563
215;564
215;565
215;566
215;567
215;568
215;569
215;570
215;571
215;572
215;573
215;574
215;575
215;576
215;577
215;578
215;579
215;580
215;581
215;582
215;583
215;584
215;585
215;586
215;587
215;588
215;589
215;590
215;591
215;592
215;593
215;594
215;595
215;596
215;597
215;598
215;599
215;600
215;601
215;602
215;603
215;604
215;605
215;606
215;607
215;608
215;610
216;7
216;8
216;9
216;10
216;11
216;12
216;13
216;14
216;15
216;16
216;17
216;18
216;19
216;20
216;21
216;22
216;23
216;24
216;25
216;26
216;27
216;28
216;29
216;30
216;31
216;32
216;33
216;34
216;35
216;36
216;37
216;38
216;39
216;40
216;41
216;42
216;43
216;44
216;45
216;46
216;47
216;48
216;49
216;50
216;51
216;52
216;53
216;54
216;55
216;56
216;57
216;58
216;59
216;60
216;61
216;62
216;63
216;64
216;65
216;66
216;67
216;68
216;69
216;70
216;71
216;72
216;73
216;74
216;75
216;76
216;77
216;78
216;79
216;80
216;81
216;82
216;83
216;84
216;85
216;86
216;87
216;88
216;89
216;90
216;91
216;92
216;93
216;94
216;95
216;96
216;97
216;98
216;99
216;100
216;101
216;102
216;103
216;104
216;105
216;106
216;107
216;108
216;109
216;110
216;111
216;112
216;113
216;114
216;115
216;116
216;117
216;118
216;119
216;120
216;121
216;122
216;123
216;124
216;125
216;126
216;127
216;128
216;129
216;130
216;131
216;132
216;133
216;134
216;135
216;136
216;137
216;138
216;139
216;140
216;141
216;142
216;143
216;144
216;145
216;146
216;147
216;148
216;149
216;150
216;151
216;152
216;153
216;154
216;155
216;156
216;157
216;158
216;159
216;160
216;161
216;162
216;163
216;164
216;165
216;166
216;167
216;168
216;169
216;170
216;171
216;172
216;173
216;174
216;175
216;176
216;177
216;178
216;179
216;180
216;181
216;182
216;183
216;184
216;185
216;186
216;187
216;188
216;189
216;190
216;191
216;192
216;193
216;194
216;195
216;196
216;197
216;198
216;199
216;200
216;201
216;202
216;203
216;204
216;466
216;467
216;468
216;469
216;470
216;471
216;472
216;473
216;474
216;475
216;476
216;477
216;478
216;479
216;480
216;481
216;482
216;483
216;484
216;485
216;486
216;487
216;488
216;489
216;490
216;491
216;492
216;493
216;494
216;495
216;496
216;497
216;498
216;499
216;500
216;501
216;502
216;503
216;504
216;505
216;506
216;507
216;508
216;509
216;510
216;511
216;512
216;513
216;514
216;515
216;516
216;517
216;518
216;519
216;520
216;521
216;522
216;523
216;524
216;525
216;526
216;527
216;528
216;529
216;530
216;531
216;532
216;533
216;534
216;535
216;536
216;537
216;538
216;539
216;540
216;541
216;542
216;543
216;544
216;545
216;546
216;547
216;548
216;549
216;550
216;551
216;552
216;553
216;554
216;555
216;556
216;557
216;558
216;559
216;560
216;561
216;562
216;563
216;564
216;565
216;566
216;567
216;568
216;569
216;570
216;571
216;572
216;573
216;574
216;575
216;576
216;577
216;578
216;579
216;580
216;581
216;582
216;583
216;584
216;585
216;586
216;587
216;588
216;589
216;590
216;591
216;592
216;593
216;594
216;595
216;596
216;597
216;598
216;599
216;600
216;601
216;602
216;603
216;604
216;606
217;7
217;8
217;9
217;10
217;11
217;12
217;13
217;14
217;15
217;16
217;17
217;18
217;19
217;20
217;21
217;22
217;23
217;24
217;25
217;26
217;27
217;28
217;29
217;30
217;31
217;32
217;33
217;34
217;35
217;36
217;37
217;38
217;39
217;40
217;41
217;42
217;43
217;44
217;45
217;46
217;47
217;48
217;49
217;50
217;51
217;52
217;53
217;54
217;55
217;56
217;57
217;58
217;59
217;60
217;61
217;62
217;63
217;64
217;65
217;66
217;67
217;68
217;69
217;70
217;71
217;72
217;73
217;74
217;75
217;76
217;77
217;78
217;79
217;80
217;81
217;82
217;83
217;84
217;85
217;86
217;87
217;88
217;89
217;90
217;91
217;92
217;93
217;94
217;95
217;96
217;97
217;98
217;99
217;100
217;101
217;102
217;103
217;104
217;105
217;106
217;107
217;108
217;109
217;110
217;111
217;112
217;113
217;114
217;115
217;116
217;117
217;118
217;119
217;120
217;121
217;122
217;123
217;124
217;125
217;126
217;127
217;128
217;129
217;130
217;131
217;132
217;133
217;134
217;135
217;136
217;137
217;138
217;139
217;140
217;141
217;142
217;143
217;144
217;145
217;146
217;147
217;148
217;149
217;150
217;151
217;152
217;153
217;154
217;155
217;156
217;157
217;158
217;159
217;160
217;161
217;162
217;163
217;164
217;165
217;166
217;167
217;168
217;169
217;170
217;171
217;172
217;173
217;174
217;175
217;176
217;177
217;178
217;179
217;180
217;181
217;182
217;183
217;184
217;185
217;186
217;187
217;188
217;189
217;190
217;191
217;192
217;193
217;194
217;195
217;196
217;197
217;198
217;199
217;200
217;201
217;202
217;203
217;204
217;466
217;467
217;468
217;469
217;470
217;471
217;472
217;473
217;474
217;475
217;476
217;477
217;478
217;479
217;480
217;481
217;482
217;483
217;484
217;485
217;486
217;487
217;488
217;489
217;490
217;491
217;492
217;493
217;494
217;495
217;496
217;497
217;498
217;499
217;500
217;501
217;502
217;503
217;504
217;505
217;506
217;507
217;508
217;509
217;510
217;511
217;512
217;513
217;514
217;515
217;516
217;517
217;518
217;519
217;520
217;521
217;522
217;523
217;524
217;525
217;526
217;527
217;528
217;529
217;530
217;531
217;532
217;533
217;534
217;535
217;536
217;537
217;538
217;539
217;540
217;541
217;542
217;543
217;544
217;545
217;546
217;547
217;548
217;549
217;550
217;551
217;552
217;553
217;554
217;555
217;556
217;557
217;558
217;559
217;560
217;561
217;562
217;563
217;564
217;565
217;566
217;567
217;568
217;569
217;570
217;571
217;572
217;573
217;574
217;575
217;576
217;577
217;578
217;579
217;580
217;581
217;582
217;583
217;584
217;585
217;586
217;587
217;588
217;589
217;590
217;591
217;592
217;593
217;594
217;595
217;596
217;597
217;598
217;600
218;6
218;7
218;8
218;9
218;10
218;11
218;12
218;13
218;14
218;15
218;16
218;17
218;18
218;19
218;20
218;21
218;22
218;23
218;24
218;25
218;26
218;27
218;28
218;29
218;30
218;31
218;32
218;33
218;34
218;35
218;36
218;37
218;38
218;39
218;40
218;41
218;42
218;43
218;44
218;45
218;46
218;47
218;48
218;49
218;50
218;51
218;52
218;53
218;54
218;55
218;56
218;57
218;58
218;59
218;60
218;61
218;62
218;63
218;64
218;65
218;66
218;67
218;68
218;69
218;70
218;71
218;72
218;73
218;74
218;75
218;76
218;77
218;78
218;79
218;80
218;81
218;82
218;83
218;84
218;85
218;86
218;87
218;88
218;89
218;90
218;91
218;92
218;93
218;94
218;95
218;96
218;97
218;98
218;99
218;100
218;101
218;102
218;103
218;104
218;105
218;106
218;107
218;108
218;109
218;110
218;111
218;112
218;113
218;114
218;115
218;116
218;117
218;118
218;119
218;120
218;121
218;122
218;123
218;124
218;125
218;126
218;127
218;128
218;129
218;130
218;131
218;132
218;133
218;134
218;135
218;136
218;137
218;138
218;139
218;140
218;141
218;142
218;143
218;144
218;145
218;146
218;147
218;148
218;149
218;150
218;151
218;152
218;153
218;154
218;155
218;156
218;157
218;158
218;159
218;160
218;161
218;162
218;163
218;164
218;165
218;166
218;167
218;168
218;169
218;170
218;171
218;172
218;173
218;174
218;175
218;176
218;177
218;178
218;179
218;180
218;181
218;182
218;183
218;184
218;185
218;186
218;187
218;188
218;189
218;190
218;191
218;192
218;193
218;194
218;195
218;196
218;197
218;198
218;199
218;200
218;201
218;202
218;203
218;204
218;205
218;467
218;468
218;469
218;470
218;471
218;472
218;473
218;474
218;475
218;476
218;477
218;478
218;479
218;480
218;481
218;482
218;483
218;484
218;485
218;486
218;487
218;488
218;489
218;490
218;491
218;492
218;493
218;494
218;495
218;496
218;497
218;498
218;499
218;500
218;501
218;502
218;503
218;504
218;505
218;506
218;507
218;508
218;509
218;510
218;511
218;512
218;513
218;514
218;515
218;516
218;517
218;518
218;519
218;520
218;521
218;522
218;523
218;524
218;525
218;526
218;527
218;528
218;529
218;530
218;531
218;532
218;533
218;534
218;535
218;536
218;537
218;538
218;539
218;540
218;541
218;542
218;543
218;544
218;545
218;546
218;547
218;548
218;549
218;550
218;551
218;552
218;553
218;554
218;555
218;556
218;557
218;558
218;559
218;560
218;561
218;562
218;563
218;564
218;565
218;566
218;567
218;568
218;569
218;570
218;571
218;572
218;573
218;574
218;575
218;576
218;577
218;578
218;579
218;580
218;581
218;582
218;583
218;584
218;585
218;586
218;587
218;588
218;589
218;590
218;591
218;592
218;593
218;594
218;596
219;6
219;7
219;8
219;9
219;10
219;11
219;12
219;13
219;14
219;15
219;16
219;17
219;18
219;19
219;20
219;21
219;22
219;23
219;24
219;25
219;26
219;27
219;28
219;29
219;30
219;31
219;32
219;33
219;34
219;35
219;36
219;37
219;38
219;39
219;40
219;41
219;42
219;43
219;44
219;45
219;46
219;47
219;48
219;49
219;50
219;51
219;52
219;53
219;54
219;55
219;56
219;57
219;58
219;59
219;60
219;61
219;62
219;63
219;64
219;65
219;66
219;67
219;68
219;69
219;70
219;71
219;72
219;73
219;74
219;75
219;76
219;77
219;78
219;79
219;80
219;81
219;82
219;83
219;84
219;85
219;86
219;87
219;88
219;89
219;90
219;91
219;92
219;93
219;94
219;95
219;96
219;97
219;98
219;99
219;100
219;101
219;102
219;103
219;104
219;105
219;106
219;107
219;108
219;109
219;110
219;111
219;112
219;113
219;114
219;115
219;116
219;117
219;118
219;119
219;120
219;121
219;122
219;123
219;124
219;125
219;126
219;127
219;128
219;129
219;130
219;131
219;132
219;133
219;134
219;135
219;136
219;137
219;138
219;139
219;140
219;141
219;142
219;143
219;144
219;145
219;146
219;147
219;148
219;149
219;150
219;151
219;152
219;153
219;154
219;155
219;156
219;157
219;158
219;159
219;160
219;161
219;162
219;163
219;164
219;165
219;166
219;167
219;168
219;169
219;170
219;171
219;172
219;173
219;174
219;175
219;176
219;177
219;178
219;179
219;180
219;181
219;182
219;183
219;184
219;185
219;186
219;187
219;188
219;189
219;190
219;191
219;192
219;193
219;194
219;195
219;196
219;197
219;198
219;199
219;200
219;201
219;202
219;203
219;204
219;205
219;467
219;468
219;469
219;470
219;471
219;472
219;473
219;474
219;475
219;476
219;477
219;478
219;479
219;480
219;481
219;482
219;483
219;484
219;485
219;486
219;487
219;488
219;489
219;490
219;491
219;492
219;493
219;494
219;495
219;496
219;497
219;498
219;499
219;500
219;501
219;502
219;503
219;504
219;505
219;506
219;507
219;508
219;509
219;510
219;511
219;512
219;513
219;514
219;515
219;516
219;517
219;518
219;519
219;520
219;521
219;522
219;523
219;524
219;525
219;526
219;527
219;528
219;529
219;530
219;531
219;532
219;533
219;534
219;535
219;536
219;537
219;538
219;539
219;540
219;541
219;542
219;543
219;544
219;545
219;546
219;547
219;548
219;549
219;550
219;551
219;552
219;553
219;554
219;555
219;556
219;557
219;558
219;559
219;560
219;561
219;562
219;563
219;564
219;565
219;566
219;567
219;568
219;569
219;570
219;571
219;572
219;573
219;574
219;575
219;576
219;577
219;578
219;579
219;580
219;581
219;582
219;583
219;584
219;585
219;586
219;587
219;588
219;590
220;6
220;7
220;8
220;9
220;10
220;11
220;12
220;13
220;14
220;15
220;16
220;17
220;18
220;19
220;20
220;21
220;22
220;23
220;24
220;25
220;26
220;27
220;28
220;29
220;30
220;31
220;32
220;33
220;34
220;35
220;36
220;37
220;38
220;39
220;40
220;41
220;42
220;43
220;44
220;45
220;46
220;47
220;48
220;49
220;50
220;51
220;52
220;53
220;54
220;55
220;56
220;57
220;58
220;59
220;60
220;61
220;62
220;63
220;64
220;65
220;66
220;67
220;68
220;69
220;70
220;71
220;72
220;73
220;74
220;75
220;76
220;77
220;78
220;79
220;80
220;81
220;82
220;83
220;84
220;85
220;86
220;87
220;88
220;89
220;90
220;91
220;92
220;93
220;94
220;95
220;96
220;97
220;98
220;99
220;100
220;101
220;102
220;103
220;104
220;105
220;106
220;107
220;108
220;109
220;110
220;111
220;112
220;113
220;114
220;115
220;116
220;117
220;118
220;119
220;120
220;121
220;122
220;123
220;124
220;125
220;126
220;127
220;128
220;129
220;130
220;131
220;132
220;133
220;134
220;135
220;136
220;137
220;138
220;139
220;140
220;141
220;142
220;143
220;144
220;145
220;146
220;147
220;148
220;149
220;150
220;151
220;152
220;153
220;154
220;155
220;156
220;157
220;158
220;159
220;160
220;161
220;162
220;163
220;164
220;165
220;166
220;167
220;168
220;169
220;170
220;171
220;172
220;173
220;174
220;175
220;176
220;177
220;178
220;179
220;180
220;181
220;182
220;183
220;184
220;185
220;186
220;187
220;188
220;189
220;190
220;191
220;192
220;193
220;194
220;195
220;196
220;197
220;198
220;199
220;200
220;201
220;202
220;203
220;204
220;205
220;467
220;468
220;469
220;470
220;471
220;472
220;473
220;474
220;475
220;476
220;477
220;478
220;479
220;480
220;481
220;482
220;483
220;484
220;485
220;486
220;487
220;488
220;489
220;490
220;491
220;492
220;493
220;494
220;495
220;496
220;497
220;498
220;499
220;500
220;501
220;502
220;503
220;504
220;505
220;506
220;507
220;508
220;509
220;510
220;511
220;512
220;513
220;514
220;515
220;516
220;517
220;518
220;519
220;520
220;521
220;522
220;523
220;524
220;525
220;526
220;527
220;528
220;529
220;530
220;531
220;532
220;533
220;534
220;535
220;536
220;537
220;538
220;539
220;540
220;541
220;542
220;543
220;544
220;545
220;546
220;547
220;548
220;549
220;550
220;551
220;552
220;553
220;554
220;555
220;556
220;557
220;558
220;559
220;560
220;561
220;562
220;563
220;564
220;565
220;566
220;567
220;568
220;569
220;570
220;571
220;572
220;573
220;574
220;575
220;576
220;577
220;578
220;579
220;580
220;581
220;582
220;583
220;584
220;586
221;5
221;6
221;7
221;8
221;9
221;10
221;11
221;12
221;13
221;14
221;15
221;16
221;17
221;18
221;19
221;20
221;21
221;22
221;23
221;24
221;25
221;26
221;27
221;28
221;29
221;30
221;31
221;32
221;33
221;34
221;35
221;36
221;37
221;38
221;39
221;40
221;41
221;42
221;43
221;44
221;45
221;46
221;47
221;48
221;49
221;50
221;51
221;52
221;53
221;54
221;55
221;56
221;57
221;58
221;59
221;60
221;61
221;62
221;63
221;64
221;65
221;66
221;67
221;68
221;69
221;70
221;71
221;72
221;73
221;74
221;75
221;76
221;77
221;78
221;79
221;80
221;81
221;82
221;83
221;84
221;85
221;86
221;87
221;88
221;89
221;90
221;91
221;92
221;93
221;94
221;95
221;96
221;97
221;98
221;99
221;100
221;101
221;102
221;103
221;104
221;105
221;106
221;107
221;108
221;109
221;110
221;111
221;112
221;113
221;114
221;115
221;116
221;117
221;118
221;119
221;120
221;121
221;122
221;123
221;124
221;125
221;126
221;127
221;128
221;129
221;130
221;131
221;132
221;133
221;134
221;135
221;136
221;137
221;138
221;139
221;140
221;141
221;142
221;143
221;144
221;145
221;146
221;147
221;148
221;149
221;150
221;151
221;152
221;153
221;154
221;155
221;156
221;157
221;158
221;159
221;160
221;161
221;162
221;163
221;164
221;165
221;166
221;167
221;168
221;169
221;170
221;171
221;172
221;173
221;174
221;175
221;176
221;177
221;178
221;179
221;180
221;181
221;182
221;183
221;184
221;185
221;186
221;187
221;188
221;189
221;190
221;191
221;192
221;193
221;194
221;195
221;196
221;197
221;198
221;199
221;200
221;201
221;202
221;203
221;204
221;205
221;206
221;468
221;469
221;470
221;471
221;472
221;473
221;474
221;475
221;476
221;477
221;478
221;479
221;480
221;481
221;482
221;483
221;484
221;485
221;486
221;487
221;488
221;489
221;490
221;491
221;492
221;493
221;494
221;495
221;496
221;497
221;498
221;499
221;500
221;501
221;502
221;503
221;504
221;505
221;506
221;507
221;508
221;509
221;510
221;511
221;512
221;513
221;514
221;515
221;516
221;517
221;518
221;519
221;520
221;521
221;522
221;523
221;524
221;525
221;526
221;527
221;528
221;529
221;530
221;531
221;532
221;533
221;534
221;535
221;536
221;537
221;538
221;539
221;540
221;541
221;542
221;543
221;544
221;545
221;546
221;547
221;548
221;549
221;550
221;551
221;552
221;553
221;554
221;555
221;556
221;557
221;558
221;559
221;560
221;561
221;562
221;563
221;564
221;565
221;566
221;567
221;568
221;569
221;570
221;571
221;572
221;573
221;574
221;575
221;576
221;577
221;578
221;579
221;580
222;5
222;6
222;7
222;8
222;9
222;10
222;11
222;12
222;13
222;14
222;15
222;16
222;17
222;18
222;19
222;20
222;21
222;22
222;23
222;24
222;25
222;26
222;27
222;28
222;29
222;30
222;31
222;32
222;33
222;34
222;35
222;36
222;37
222;38
222;39
222;40
222;41
222;42
222;43
222;44
222;45
222;46
222;47
222;48
222;49
222;50
222;51
222;52
222;53
222;54
222;55
222;56
222;57
222;58
222;59
222;60
222;61
222;62
222;63
222;64
222;65
222;66
222;67
222;68
222;69
222;70
222;71
222;72
222;73
222;74
222;75
222;76
222;77
222;78
222;79
222;80
222;81
222;82
222;83
222;84
222;85
222;86
222;87
222;88
222;89
222;90
222;91
222;92
222;93
222;94
222;95
222;96
222;97
222;98
222;99
222;100
222;101
222;102
222;103
222;104
222;105
222;106
222;107
222;108
222;109
222;110
222;111
222;112
222;113
222;114
222;115
222;116
222;117
222;118
222;119
222;120
222;121
222;122
222;123
222;124
222;125
222;126
222;127
222;128
222;129
222;130
222;131
222;132
222;133
222;134
222;135
222;136
222;137
222;138
222;139
222;140
222;141
222;142
222;143
222;144
222;145
222;146
222;147
222;148
222;149
222;150
222;151
222;152
222;153
222;154
222;155
222;156
222;157
222;158
222;159
222;160
222;161
222;162
222;163
222;164
222;165
222;166
222;167
222;168
222;169
222;170
222;171
222;172
222;173
222;174
222;175
222;176
222;177
222;178
222;179
222;180
222;181
222;182
222;183
222;184
222;185
222;186
222;187
222;188
222;189
222;190
222;191
222;192
222;193
222;194
222;195
222;196
222;197
222;198
222;199
222;200
222;201
222;202
222;203
222;204
222;205
222;206
222;468
222;469
222;470
222;471
222;472
222;473
222;474
222;475
222;476
222;477
222;478
222;479
222;480
222;481
222;482
222;483
222;484
222;485
222;486
222;487
222;488
222;489
222;490
222;491
222;492
222;493
222;494
222;495
222;496
222;497
222;498
222;499
222;500
222;501
222;502
222;503
222;504
222;505
222;506
222;507
222;508
222;509
222;510
222;511
222;512
222;513
222;514
222;515
222;516
222;517
222;518
222;519
222;520
222;521
222;522
222;523
222;524
222;525
222;526
222;527
222;528
222;529
222;530
222;531
222;532
222;533
222;534
222;535
222;536
222;537
222;538
222;539
222;540
222;541
222;542
222;543
222;544
222;545
222;546
222;547
222;548
222;549
222;550
222;551
222;552
222;553
222;554
222;555
222;556
222;557
222;558
222;559
222;560
222;561
222;562
222;563
222;564
222;565
222;566
222;567
222;568
222;569
222;570
222;571
222;572
222;573
222;574
222;576
223;5
223;6
223;7
223;8
223;9
223;10
223;11
223;12
223;13
223;14
223;15
223;16
223;17
223;18
223;19
223;20
223;21
223;22
223;23
223;24
223;25
223;26
223;27
223;28
223;29
223;30
223;31
223;32
223;33
223;34
223;35
223;36
223;37
223;38
223;39
223;40
223;41
223;42
223;43
223;44
223;45
223;46
223;47
223;48
223;49
223;50
223;51
223;52
223;53
223;54
223;55
223;56
223;57
223;58
223;59
223;60
223;61
223;62
223;63
223;64
223;65
223;66
223;67
223;68
223;69
223;70
223;71
223;72
223;73
223;74
223;75
223;76
223;77
223;78
223;79
223;80
223;81
223;82
223;83
223;84
223;85
223;86
223;87
223;88
223;89
223;90
223;91
223;92
223;93
223;94
223;95
223;96
223;97
223;98
223;99
223;100
223;101
223;102
223;103
223;104
223;105
223;106
223;107
223;108
223;109
223;110
223;111
223;112
223;113
223;114
223;115
223;116
223;117
223;118
223;119
223;120
223;121
223;122
223;123
223;124
223;125
223;126
223;127
223;128
223;129
223;130
223;131
223;132
223;133
223;134
223;135
223;136
223;137
223;138
223;139
223;140
223;141
223;142
223;143
223;144
223;145
223;146
223;147
223;148
223;149
223;150
223;151
223;152
223;153
223;154
223;155
223;156
223;157
223;158
223;159
223;160
223;161
223;162
223;163
223;164
223;165
223;166
223;167
223;168
223;169
223;170
223;171
223;172
223;173
223;174
223;175
223;176
223;177
223;178
223;179
223;180
223;181
223;182
223;183
223;184
223;185
223;186
223;187
223;188
223;189
223;190
223;191
223;192
223;193
223;194
223;195
223;196
223;197
223;198
223;199
223;200
223;201
223;202
223;203
223;204
223;205
223;206
223;468
223;469
223;470
223;471
223;472
223;473
223;474
223;475
223;476
223;477
223;478
223;479
223;480
223;481
223;482
223;483
223;484
223;485
223;486
223;487
223;488
223;489
223;490
223;491
223;492
223;493
223;494
223;495
223;496
223;497
223;498
223;499
223;500
223;501
223;502
223;503
223;504
223;505
223;506
223;507
223;508
223;509
223;510
223;511
223;512
223;513
223;514
223;515
223;516
223;517
223;518
223;519
223;520
223;521
223;522
223;523
223;524
223;525
223;526
223;527
223;528
223;529
223;530
223;531
223;532
223;533
223;534
223;535
223;536
223;537
223;538
223;539
223;540
223;541
223;542
223;543
223;544
223;545
223;546
223;547
223;548
223;549
223;550
223;551
223;552
223;553
223;554
223;555
223;556
223;557
223;558
223;559
223;560
223;561
223;562
223;563
223;564
223;565
223;566
223;567
223;568
223;569
223;570
224;5
224;6
224;7
224;8
224;9
224;10
224;11
224;12
224;13
224;14
224;15
224;16
224;17
224;18
224;19
224;20
224;21
224;22
224;23
224;24
224;25
224;26
224;27
224;28
224;29
224;30
224;31
224;32
224;33
224;34
224;35
224;36
224;37
224;38
224;39
224;40
224;41
224;42
224;43
224;44
224;45
224;46
224;47
224;48
224;49
224;50
224;51
224;52
224;53
224;54
224;55
224;56
224;57
224;58
224;59
224;60
224;61
224;62
224;63
224;64
224;65
224;66
224;67
224;68
224;69
224;70
224;71
224;72
224;73
224;74
224;75
224;76
224;77
224;78
224;79
224;80
224;81
224;82
224;83
224;84
224;85
224;86
224;87
224;88
224;89
224;90
224;91
224;92
224;93
224;94
224;95
224;96
224;97
224;98
224;99
224;100
224;101
224;102
224;103
224;104
224;105
224;106
224;107
224;108
224;109
224;110
224;111
224;112
224;113
224;114
224;115
224;116
224;117
224;118
224;119
224;120
224;121
224;122
224;123
224;124
224;125
224;126
224;127
224;128
224;129
224;130
224;131
224;132
224;133
224;134
224;135
224;136
224;137
224;138
224;139
224;140
224;141
224;142
224;143
224;144
224;145
224;146
224;147
224;148
224;149
224;150
224;151
224;152
224;153
224;154
224;155
224;156
224;157
224;158
224;159
224;160
224;161
224;162
224;163
224;164
224;165
224;166
224;167
224;168
224;169
224;170
224;171
224;172
224;173
224;174
224;175
224;176
224;177
224;178
224;179
224;180
224;181
224;182
224;183
224;184
224;185
224;186
224;187
224;188
224;189
224;190
224;191
224;192
224;193
224;194
224;195
224;196
224;197
224;198
224;199
224;200
224;201
224;202
224;203
224;204
224;205
224;206
224;207
224;468
224;469
224;470
224;471
224;472
224;473
224;474
224;475
224;476
224;477
224;478
224;479
224;480
224;481
224;482
224;483
224;484
224;485
224;486
224;487
224;488
224;489
224;490
224;491
224;492
224;493
224;494
224;495
224;496
224;497
224;498
224;499
224;500
224;501
224;502
224;503
224;504
224;505
224;506
224;507
224;508
224;509
224;510
224;511
224;512
224;513
224;514
224;515
224;516
224;517
224;518
224;519
224;520
224;521
224;522
224;523
224;524
224;525
224;526
224;527
224;528
224;529
224;530
224;531
224;532
224;533
224;534
224;535
224;536
224;537
224;538
224;539
224;540
224;541
224;542
224;543
224;544
224;545
224;546
224;547
224;548
224;549
224;550
224;551
224;552
224;553
224;554
224;555
224;556
224;557
224;558
224;559
224;560
224;561
224;562
224;563
224;564
224;566
225;4
225;5
225;6
225;7
225;8
225;9
225;10
225;11
225;12
225;13
225;14
225;15
225;16
225;17
225;18
225;19
225;20
225;21
225;22
225;23
225;24
225;25
225;26
225;27
225;28
225;29
225;30
225;31
225;32
225;33
225;34
225;35
225;36
225;37
225;38
225;39
225;40
225;41
225;42
225;43
225;44
225;45
225;46
225;47
225;48
225;49
225;50
225;51
225;52
225;53
225;54
225;55
225;56
225;57
225;58
225;59
225;60
225;61
225;62
225;63
225;64
225;65
225;66
225;67
225;68
225;69
225;70
225;71
225;72
225;73
225;74
225;75
225;76
225;77
225;78
225;79
225;80
225;81
225;82
225;83
225;84
225;85
225;86
225;87
225;88
225;89
225;90
225;91
225;92
225;93
225;94
225;95
225;96
225;97
225;98
225;99
225;100
225;101
225;102
225;103
225;104
225;105
225;106
225;107
225;108
225;109
225;110
225;111
225;112
225;113
225;114
225;115
225;116
225;117
225;118
225;119
225;120
225;121
225;122
225;123
225;124
225;125
225;126
225;127
225;128
225;129
225;130
225;131
225;132
225;133
225;134
225;135
225;136
225;137
225;138
225;139
225;140
225;141
225;142
225;143
225;144
225;145
225;146
225;147
225;148
225;149
225;150
225;151
225;152
225;153
225;154
225;155
225;156
225;157
225;158
225;159
225;160
225;161
225;162
225;163
225;164
225;165
225;166
225;167
225;168
225;169
225;170
225;171
225;172
225;173
225;174
225;175
225;176
225;177
225;178
225;179
225;180
225;181
225;182
225;183
225;184
225;185
225;186
225;187
225;188
225;189
225;190
225;191
225;192
225;193
225;194
225;195
225;196
225;197
225;198
225;199
225;200
225;201
225;202
225;203
225;204
225;205
225;206
225;207
225;469
225;470
225;471
225;472
225;473
225;474
225;475
225;476
225;477
225;478
225;479
225;480
225;481
225;482
225;483
225;484
225;485
225;486
225;487
225;488
225;489
225;490
225;491
225;492
225;493
225;494
225;495
225;496
225;497
225;498
225;499
225;500
225;501
225;502
225;503
225;504
225;505
225;506
225;507
225;508
225;509
225;510
225;511
225;512
225;513
225;514
225;515
225;516
225;517
225;518
225;519
225;520
225;521
225;522
225;523
225;524
225;525
225;526
225;527
225;528
225;529
225;530
225;531
225;532
225;533
225;534
225;535
225;536
225;537
225;538
225;539
225;540
225;541
225;542
225;543
225;544
225;545
225;546
225;547
225;548
225;549
225;550
225;551
225;552
225;553
225;554
225;555
225;556
225;557
225;558
225;559
225;560
226;4
226;5
226;6
226;7
226;8
226;9
226;10
226;11
226;12
226;13
226;14
226;15
226;16
226;17
226;18
226;19
226;20
226;21
226;22
226;23
226;24
226;25
226;26
226;27
226;28
226;29
226;30
226;31
226;32
226;33
226;34
226;35
226;36
226;37
226;38
226;39
226;40
226;41
226;42
226;43
226;44
226;45
226;46
226;47
226;48
226;49
226;50
226;51
226;52
226;53
226;54
226;55
226;56
226;57
226;58
226;59
226;60
226;61
226;62
226;63
226;64
226;65
226;66
226;67
226;68
226;69
226;70
226;71
226;72
226;73
226;74
226;75
226;76
226;77
226;78
226;79
226;80
226;81
226;82
226;83
226;84
226;85
226;86
226;87
226;88
226;89
226;90
226;91
226;92
226;93
226;94
226;95
226;96
226;97
226;98
226;99
226;100
226;101
226;102
226;103
226;104
226;105
226;106
226;107
226;108
226;109
226;110
226;111
226;112
226;113
226;114
226;115
226;116
226;117
226;118
226;119
226;120
226;121
226;122
226;123
226;124
226;125
226;126
226;127
226;128
226;129
226;130
226;131
226;132
226;133
226;134
226;135
226;136
226;137
226;138
226;139
226;140
226;141
226;142
226;143
226;144
226;145
226;146
226;147
226;148
226;149
226;150
226;151
226;152
226;153
226;154
226;155
226;156
226;157
226;158
226;159
226;160
226;161
226;162
226;163
226;164
226;165
226;166
226;167
226;168
226;169
226;170
226;171
226;172
226;173
226;174
226;175
226;176
226;177
226;178
226;179
226;180
226;181
226;182
226;183
226;184
226;185
226;186
226;187
226;188
226;189
226;190
226;191
226;192
226;193
226;194
226;195
226;196
226;197
226;198
226;199
226;200
226;201
226;202
226;203
226;204
226;205
226;206
226;207
226;469
226;470
226;471
226;472
226;473
226;474
226;475
226;476
226;477
226;478
226;479
226;480
226;481
226;482
226;483
226;484
226;485
226;486
226;487
226;488
226;489
226;490
226;491
226;492
226;493
226;494
226;495
226;496
226;497
226;498
226;499
226;500
226;501
226;502
226;503
226;504
226;505
226;506
226;507
226;508
226;509
226;510
226;511
226;512
226;513
226;514
226;515
226;516
226;517
226;518
226;519
226;520
226;521
226;522
226;523
226;524
226;525
226;526
226;527
226;528
226;529
226;530
226;531
226;532
226;533
226;534
226;535
226;536
226;537
226;538
226;539
226;540
226;541
226;542
226;543
226;544
226;545
226;546
226;547
226;548
226;549
226;550
226;551
226;552
226;553
226;554
226;556
227;4
227;5
227;6
227;7
227;8
227;9
227;10
227;11
227;12
227;13
227;14
227;15
227;16
227;17
227;18
227;19
227;20
227;21
227;22
227;23
227;24
227;25
227;26
227;27
227;28
227;29
227;30
227;31
227;32
227;33
227;34
227;35
227;36
227;37
227;38
227;39
227;40
227;41
227;42
227;43
227;44
227;45
227;46
227;47
227;48
227;49
227;50
227;51
227;52
227;53
227;54
227;55
227;56
227;57
227;58
227;59
227;60
227;61
227;62
227;63
227;64
227;65
227;66
227;67
227;68
227;69
227;70
227;71
227;72
227;73
227;74
227;75
227;76
227;77
227;78
227;79
227;80
227;81
227;82
227;83
227;84
227;85
227;86
227;87
227;88
227;89
227;90
227;91
227;92
227;93
227;94
227;95
227;96
227;97
227;98
227;99
227;100
227;101
227;102
227;103
227;104
227;105
227;106
227;107
227;108
227;109
227;110
227;111
227;112
227;113
227;114
227;115
227;116
227;117
227;118
227;119
227;120
227;121
227;122
227;123
227;124
227;125
227;126
227;127
227;128
227;129
227;130
227;131
227;132
227;133
227;134
227;135
227;136
227;137
227;138
227;139
227;140
227;141
227;142
227;143
227;144
227;145
227;146
227;147
227;148
227;149
227;150
227;151
227;152
227;153
227;154
227;155
227;156
227;157
227;158
227;159
227;160
227;161
227;162
227;163
227;164
227;165
227;166
227;167
227;168
227;169
227;170
227;171
227;172
227;173
227;174
227;175
227;176
227;177
227;178
227;179
227;180
227;181
227;182
227;183
227;184
227;185
227;186
227;187
227;188
227;189
227;190
227;191
227;192
227;193
227;194
227;195
227;196
227;197
227;198
227;199
227;200
227;201
227;202
227;203
227;204
227;205
227;206
227;207
227;469
227;470
227;471
227;472
227;473
227;474
227;475
227;476
227;477
227;478
227;479
227;480
227;481
227;482
227;483
227;484
227;485
227;486
227;487
227;488
227;489
227;490
227;491
227;492
227;493
227;494
227;495
227;496
227;497
227;498
227;499
227;500
227;501
227;502
227;503
227;504
227;505
227;506
227;507
227;508
227;509
227;510
227;511
227;512
227;513
227;514
227;515
227;516
227;517
227;518
227;519
227;520
227;521
227;522
227;523
227;524
227;525
227;526
227;527
227;528
227;529
227;530
227;531
227;532
227;533
227;534
227;535
227;536
227;537
227;538
227;539
227;540
227;541
227;542
227;543
227;544
227;545
227;546
227;547
227;548
227;549
227;550
228;4
228;5
228;6
228;7
228;8
228;9
228;10
228;11
228;12
228;13
228;14
228;15
228;16
228;17
228;18
228;19
228;20
228;21
228;22
228;23
228;24
228;25
228;26
228;27
228;28
228;29
228;30
228;31
228;32
228;33
228;34
228;35
228;36
228;37
228;38
228;39
228;40
228;41
228;42
228;43
228;44
228;45
228;46
228;47
228;48
228;49
228;50
228;51
228;52
228;53
228;54
228;55
228;56
228;57
228;58
228;59
228;60
228;61
228;62
228;63
228;64
228;65
228;66
228;67
228;68
228;69
228;70
228;71
228;72
228;73
228;74
228;75
228;76
228;77
228;78
228;79
228;80
228;81
228;82
228;83
228;84
228;85
228;86
228;87
228;88
228;89
228;90
228;91
228;92
228;93
228;94
228;95
228;96
228;97
228;98
228;99
228;100
228;101
228;102
228;103
228;104
228;105
228;106
228;107
228;108
228;109
228;110
228;111
228;112
228;113
228;114
228;115
228;116
228;117
228;118
228;119
228;120
228;121
228;122
228;123
228;124
228;125
228;126
228;127
228;128
228;129
228;130
228;131
228;132
228;133
228;134
228;135
228;136
228;137
228;138
228;139
228;140
228;141
228;142
228;143
228;144
228;145
228;146
228;147
228;148
228;149
228;150
228;151
228;152
228;153
228;154
228;155
228;156
228;157
228;158
228;159
228;160
228;161
228;162
228;163
228;164
228;165
228;166
228;167
228;168
228;169
228;170
228;171
228;172
228;173
228;174
228;175
228;176
228;177
228;178
228;179
228;180
228;181
228;182
228;183
228;184
228;185
228;186
228;187
228;188
228;189
228;190
228;191
228;192
228;193
228;194
228;195
228;196
228;197
228;198
228;199
228;200
228;201
228;202
228;203
228;204
228;205
228;206
228;207
228;470
228;471
228;472
228;473
228;474
228;475
228;476
228;477
228;478
228;479
228;480
228;481
228;482
228;483
228;484
228;485
228;486
228;487
228;488
228;489
228;490
228;491
228;492
228;493
228;494
228;495
228;496
228;497
228;498
228;499
228;500
228;501
228;502
228;503
228;504
228;505
228;506
228;507
228;508
228;509
228;510
228;511
228;512
228;513
228;514
228;515
228;516
228;517
228;518
228;519
228;520
228;521
228;522
228;523
228;524
228;525
228;526
228;527
228;528
228;529
228;530
228;531
228;532
228;533
228;534
228;535
228;536
228;537
228;538
228;539
228;540
228;541
228;542
228;543
228;544
228;546
229;3
229;4
229;5
229;6
229;7
229;8
229;9
229;10
229;11
229;12
229;13
229;14
229;15
229;16
229;17
229;18
229;19
229;20
229;21
229;22
229;23
229;24
229;25
229;26
229;27
229;28
229;29
229;30
229;31
229;32
229;33
229;34
229;35
229;36
229;37
229;38
229;39
229;40
229;41
229;42
229;43
229;44
229;45
229;46
229;47
229;48
229;49
229;50
229;51
229;52
229;53
229;54
229;55
229;56
229;57
229;58
229;59
229;60
229;61
229;62
229;63
229;64
229;65
229;66
229;67
229;68
229;69
229;70
229;71
229;72
229;73
229;74
229;75
229;76
229;77
229;78
229;79
229;80
229;81
229;82
229;83
229;84
229;85
229;86
229;87
229;88
229;89
229;90
229;91
229;92
229;93
229;94
229;95
229;96
229;97
229;98
229;99
229;100
229;101
229;102
229;103
229;104
229;105
229;106
229;107
229;108
229;109
229;110
229;111
229;112
229;113
229;114
229;115
229;116
229;117
229;118
229;119
229;120
229;121
229;122
229;123
229;124
229;125
229;126
229;127
229;128
229;129
229;130
229;131
229;132
229;133
229;134
229;135
229;136
229;137
229;138
229;139
229;140
229;141
229;142
229;143
229;144
229;145
229;146
229;147
229;148
229;149
229;150
229;151
229;152
229;153
229;154
229;155
229;156
229;157
229;158
229;159
229;160
229;161
229;162
229;163
229;164
229;165
229;166
229;167
229;168
229;169
229;170
229;171
229;172
229;173
229;174
229;175
229;176
229;177
229;178
229;179
229;180
229;181
229;182
229;183
229;184
229;185
229;186
229;187
229;188
229;189
229;190
229;191
229;192
229;193
229;194
229;195
229;196
229;197
229;198
229;199
229;200
229;201
229;202
229;203
229;204
229;205
229;206
229;207
229;208
229;470
229;471
229;472
229;473
229;474
229;475
229;476
229;477
229;478
229;479
229;480
229;481
229;482
229;483
229;484
229;485
229;486
229;487
229;488
229;489
229;490
229;491
229;492
229;493
229;494
229;495
229;496
229;497
229;498
229;499
229;500
229;501
229;502
229;503
229;504
229;505
229;506
229;507
229;508
229;509
229;510
229;511
229;512
229;513
229;514
229;515
229;516
229;517
229;518
229;519
229;520
229;521
229;522
229;523
229;524
229;525
229;526
229;527
229;528
229;529
229;530
229;531
229;532
229;533
229;534
229;535
229;536
229;537
229;538
229;539
229;540
230;3
230;4
230;5
230;6
230;7
230;8
230;9
230;10
230;11
230;12
230;13
230;14
230;15
230;16
230;17
230;18
230;19
230;20
230;21
230;22
230;23
230;24
230;25
230;26
230;27
230;28
230;29
230;30
230;31
230;32
230;33
230;34
230;35
230;36
230;37
230;38
230;39
230;40
230;41
230;42
230;43
230;44
230;45
230;46
230;47
230;48
230;49
230;50
230;51
230;52
230;53
230;54
230;55
230;56
230;57
230;58
230;59
230;60
230;61
230;62
230;63
230;64
230;65
230;66
230;67
230;68
230;69
230;70
230;71
230;72
230;73
230;74
230;75
230;76
230;77
230;78
230;79
230;80
230;81
230;82
230;83
230;84
230;85
230;86
230;87
230;88
230;89
230;90
230;91
230;92
230;93
230;94
230;95
230;96
230;97
230;98
230;99
230;100
230;101
230;102
230;103
230;104
230;105
230;106
230;107
230;108
230;109
230;110
230;111
230;112
230;113
230;114
230;115
230;116
230;117
230;118
230;119
230;120
230;121
230;122
230;123
230;124
230;125
230;126
230;127
230;128
230;129
230;130
230;131
230;132
230;133
230;134
230;135
230;136
230;137
230;138
230;139
230;140
230;141
230;142
230;143
230;144
230;145
230;146
230;147
230;148
230;149
230;150
230;151
230;152
230;153
230;154
230;155
230;156
230;157
230;158
230;159
230;160
230;161
230;162
230;163
230;164
230;165
230;166
230;167
230;168
230;169
230;170
230;171
230;172
230;173
230;174
230;175
230;176
230;177
230;178
230;179
230;180
230;181
230;182
230;183
230;184
230;185
230;186
230;187
230;188
230;189
230;190
230;191
230;192
230;193
230;194
230;195
230;196
230;197
230;198
230;199
230;200
230;201
230;202
230;203
230;204
230;205
230;206
230;207
230;208
230;470
230;471
230;472
230;473
230;474
230;475
230;476
230;477
230;478
230;479
230;480
230;481
230;482
230;483
230;484
230;485
230;486
230;487
230;488
230;489
230;490
230;491
230;492
230;493
230;494
230;495
230;496
230;497
230;498
230;499
230;500
230;501
230;502
230;503
230;504
230;505
230;506
230;507
230;508
230;509
230;510
230;511
230;512
230;513
230;514
230;515
230;516
230;517
230;518
230;519
230;520
230;521
230;522
230;523
230;524
230;525
230;526
230;527
230;528
230;529
230;530
230;531
230;532
230;533
230;534
230;536
231;3
231;4
231;5
231;6
231;7
231;8
231;9
231;10
231;11
231;12
231;13
231;14
231;15
231;16
231;17
231;18
231;19
231;20
231;21
231;22
231;23
231;24
231;25
231;26
231;27
231;28
231;29
231;30
231;31
231;32
231;33
231;34
231;35
231;36
231;37
231;38
231;39
231;40
231;41
231;42
231;43
231;44
231;45
231;46
231;47
231;48
231;49
231;50
231;51
231;52
231;53
231;54
231;55
231;56
231;57
231;58
231;59
231;60
231;61
231;62
231;63
231;64
231;65
231;66
231;67
231;68
231;69
231;70
231;71
231;72
231;73
231;74
231;75
231;76
231;77
231;78
231;79
231;80
231;81
231;82
231;83
231;84
231;85
231;86
231;87
231;88
231;89
231;90
231;91
231;92
231;93
231;94
231;95
231;96
231;97
231;98
231;99
231;100
231;101
231;102
231;103
231;104
231;105
231;106
231;107
231;108
231;109
231;110
231;111
231;112
231;113
231;114
231;115
231;116
231;117
231;118
231;119
231;120
231;121
231;122
231;123
231;124
231;125
231;126
231;127
231;128
231;129
231;130
231;131
231;132
231;133
231;134
231;135
231;136
231;137
231;138
231;139
231;140
231;141
231;142
231;143
231;144
231;145
231;146
231;147
231;148
231;149
231;150
231;151
231;152
231;153
231;154
231;155
231;156
231;157
231;158
231;159
231;160
231;161
231;162
231;163
231;164
231;165
231;166
231;167
231;168
231;169
231;170
231;171
231;172
231;173
231;174
231;175
231;176
231;177
231;178
231;179
231;180
231;181
231;182
231;183
231;184
231;185
231;186
231;187
231;188
231;189
231;190
231;191
231;192
231;193
231;194
231;195
231;196
231;197
231;198
231;199
231;200
231;201
231;202
231;203
231;204
231;205
231;206
231;207
231;208
231;470
231;471
231;472
231;473
231;474
231;475
231;476
231;477
231;478
231;479
231;480
231;481
231;482
231;483
231;484
231;485
231;486
231;487
231;488
231;489
231;490
231;491
231;492
231;493
231;494
231;495
231;496
231;497
231;498
231;499
231;500
231;501
231;502
231;503
231;504
231;505
231;506
231;507
231;508
231;509
231;510
231;511
231;512
231;513
231;514
231;515
231;516
231;517
231;518
231;519
231;520
231;521
231;522
231;523
231;524
231;525
231;526
231;527
231;528
231;529
231;530
232;3
232;4
232;5
232;6
232;7
232;8
232;9
232;10
232;11
232;12
232;13
232;14
232;15
232;16
232;17
232;18
232;19
232;20
232;21
232;22
232;23
232;24
232;25
232;26
232;27
232;28
232;29
232;30
232;31
232;32
232;33
232;34
232;35
232;36
232;37
232;38
232;39
232;40
232;41
232;42
232;43
232;44
232;45
232;46
232;47
232;48
232;49
232;50
232;51
232;52
232;53
232;54
232;55
232;56
232;57
232;58
232;59
232;60
232;61
232;62
232;63
232;64
232;65
232;66
232;67
232;68
232;69
232;70
232;71
232;72
232;73
232;74
232;75
232;76
232;77
232;78
232;79
232;80
232;81
232;82
232;83
232;84
232;85
232;86
232;87
232;88
232;89
232;90
232;91
232;92
232;93
232;94
232;95
232;96
232;97
232;98
232;99
232;100
232;101
232;102
232;103
232;104
232;105
232;106
232;107
232;108
232;109
232;110
232;111
232;112
232;113
232;114
232;115
232;116
232;117
232;118
232;119
232;120
232;121
232;122
232;123
232;124
232;125
232;126
232;127
232;128
232;129
232;130
232;131
232;132
232;133
232;134
232;135
232;136
232;137
232;138
232;139
232;140
232;141
232;142
232;143
232;144
232;145
232;146
232;147
232;148
232;149
232;150
232;151
232;152
232;153
232;154
232;155
232;156
232;157
232;158
232;159
232;160
232;161
232;162
232;163
232;164
232;165
232;166
232;167
232;168
232;169
232;170
232;171
232;172
232;173
232;174
232;175
232;176
232;177
232;178
232;179
232;180
232;181
232;182
232;183
232;184
232;185
232;186
232;187
232;188
232;189
232;190
232;191
232;192
232;193
232;194
232;195
232;196
232;197
232;198
232;199
232;200
232;201
232;202
232;203
232;204
232;205
232;206
232;207
232;208
232;470
232;471
232;472
232;473
232;474
232;475
232;476
232;477
232;478
232;479
232;480
232;481
232;482
232;483
232;484
232;485
232;486
232;487
232;488
232;489
232;490
232;491
232;492
232;493
232;494
232;495
232;496
232;497
232;498
232;499
232;500
232;501
232;502
232;503
232;504
232;505
232;506
232;507
232;508
232;509
232;510
232;511
232;512
232;513
232;514
232;515
232;516
232;517
232;518
232;519
232;520
232;521
232;522
232;523
232;524
232;526
233;3
233;4
233;5
233;6
233;7
233;8
233;9
233;10
233;11
233;12
233;13
233;14
233;15
233;16
233;17
233;18
233;19
233;20
233;21
233;22
233;23
233;24
233;25
233;26
233;27
233;28
233;29
233;30
233;31
233;32
233;33
233;34
233;35
233;36
233;37
233;38
233;39
233;40
233;41
233;42
233;43
233;44
233;45
233;46
233;47
233;48
233;49
233;50
233;51
233;52
233;53
233;54
233;55
233;56
233;57
233;58
233;59
233;60
233;61
233;62
233;63
233;64
233;65
233;66
233;67
233;68
233;69
233;70
233;71
233;72
233;73
233;74
233;75
233;76
233;77
233;78
233;79
233;80
233;81
233;82
233;83
233;84
233;85
233;86
233;87
233;88
233;89
233;90
233;91
233;92
233;93
233;94
233;95
233;96
233;97
233;98
233;99
233;100
233;101
233;102
233;103
233;104
233;105
233;106
233;107
233;108
233;109
233;110
233;111
233;112
233;113
233;114
233;115
233;116
233;117
233;118
233;119
233;120
233;121
233;122
233;123
233;124
233;125
233;126
233;127
233;128
233;129
233;130
233;131
233;132
233;133
233;134
233;135
233;136
233;137
233;138
233;139
233;140
233;141
233;142
233;143
233;144
233;145
233;146
233;147
233;148
233;149
233;150
233;151
233;152
233;153
233;154
233;155
233;156
233;157
233;158
233;159
233;160
233;161
233;162
233;163
233;164
233;165
233;166
233;167
233;168
233;169
233;170
233;171
233;172
233;173
233;174
233;175
233;176
233;177
233;178
233;179
233;180
233;181
233;182
233;183
233;184
233;185
233;186
233;187
233;188
233;189
233;190
233;191
233;192
233;193
233;194
233;195
233;196
233;197
233;198
233;199
233;200
233;201
233;202
233;203
233;204
233;205
233;206
233;207
233;208
233;471
233;472
233;473
233;474
233;475
233;476
233;477
233;478
233;479
233;480
233;481
233;482
233;483
233;484
233;485
233;486
233;487
233;488
233;489
233;490
233;491
233;492
233;493
233;494
233;495
233;496
233;497
233;498
233;499
233;500
233;501
233;502
233;503
233;504
233;505
233;506
233;507
233;508
233;509
233;510
233;511
233;512
233;513
233;514
233;515
233;516
233;517
233;518
233;519
233;520
234;3
234;4
234;5
234;6
234;7
234;8
234;9
234;10
234;11
234;12
234;13
234;14
234;15
234;16
234;17
234;18
234;19
234;20
234;21
234;22
234;23
234;24
234;25
234;26
234;27
234;28
234;29
234;30
234;31
234;32
234;33
234;34
234;35
234;36
234;37
234;38
234;39
234;40
234;41
234;42
234;43
234;44
234;45
234;46
234;47
234;48
234;49
234;50
234;51
234;52
234;53
234;54
234;55
234;56
234;57
234;58
234;59
234;60
234;61
234;62
234;63
234;64
234;65
234;66
234;67
234;68
234;69
234;70
234;71
234;72
234;73
234;74
234;75
234;76
234;77
234;78
234;79
234;80
234;81
234;82
234;83
234;84
234;85
234;86
234;87
234;88
234;89
234;90
234;91
234;92
234;93
234;94
234;95
234;96
234;97
234;98
234;99
234;100
234;101
234;102
234;103
234;104
234;105
234;106
234;107
234;108
234;109
234;110
234;111
234;112
234;113
234;114
234;115
234;116
234;117
234;118
234;119
234;120
234;121
234;122
234;123
234;124
234;125
234;126
234;127
234;128
234;129
234;130
234;131
234;132
234;133
234;134
234;135
234;136
234;137
234;138
234;139
234;140
234;141
234;142
234;143
234;144
234;145
234;146
234;147
234;148
234;149
234;150
234;151
234;152
234;153
234;154
234;155
234;156
234;157
234;158
234;159
234;160
234;161
234;162
234;163
234;164
234;165
234;166
234;167
234;168
234;169
234;170
234;171
234;172
234;173
234;174
234;175
234;176
234;177
234;178
234;179
234;180
234;181
234;182
234;183
234;184
234;185
234;186
234;187
234;188
234;189
234;190
234;191
234;192
234;193
234;194
234;195
234;196
234;197
234;198
234;199
234;200
234;201
234;202
234;203
234;204
234;205
234;206
234;207
234;208
234;471
234;472
234;473
234;474
234;475
234;476
234;477
234;478
234;479
234;480
234;481
234;482
234;483
234;484
234;485
234;486
234;487
234;488
234;489
234;490
234;491
234;492
234;493
234;494
234;495
234;496
234;497
234;498
234;499
234;500
234;501
234;502
234;503
234;504
234;505
234;506
234;507
234;508
234;509
234;510
234;511
234;512
234;513
234;514
234;516
235;3
235;4
235;5
235;6
235;7
235;8
235;9
235;10
235;11
235;12
235;13
235;14
235;15
235;16
235;17
235;18
235;19
235;20
235;21
235;22
235;23
235;24
235;25
235;26
235;27
235;28
235;29
235;30
235;31
235;32
235;33
235;34
235;35
235;36
235;37
235;38
235;39
235;40
235;41
235;42
235;43
235;44
235;45
235;46
235;47
235;48
235;49
235;50
235;51
235;52
235;53
235;54
235;55
235;56
235;57
235;58
235;59
235;60
235;61
235;62
235;63
235;64
235;65
235;66
235;67
235;68
235;69
235;70
235;71
235;72
235;73
235;74
235;75
235;76
235;77
235;78
235;79
235;80
235;81
235;82
235;83
235;84
235;85
235;86
235;87
235;88
235;89
235;90
235;91
235;92
235;93
235;94
235;95
235;96
235;97
235;98
235;99
235;100
235;101
235;102
235;103
235;104
235;105
235;106
235;107
235;108
235;109
235;110
235;111
235;112
235;113
235;114
235;115
235;116
235;117
235;118
235;119
235;120
235;121
235;122
235;123
235;124
235;125
235;126
235;127
235;128
235;129
235;130
235;131
235;132
235;133
235;134
235;135
235;136
235;137
235;138
235;139
235;140
235;141
235;142
235;143
235;144
235;145
235;146
235;147
235;148
235;149
235;150
235;151
235;152
235;153
235;154
235;155
235;156
235;157
235;158
235;159
235;160
235;161
235;162
235;163
235;164
235;165
235;166
235;167
235;168
235;169
235;170
235;171
235;172
235;173
235;174
235;175
235;176
235;177
235;178
235;179
235;180
235;181
235;182
235;183
235;184
235;185
235;186
235;187
235;188
235;189
235;190
235;191
235;192
235;193
235;194
235;195
235;196
235;197
235;198
235;199
235;200
235;201
235;202
235;203
235;204
235;205
235;206
235;207
235;208
235;471
235;472
235;473
235;474
235;475
235;476
235;477
235;478
235;479
235;480
235;481
235;482
235;483
235;484
235;485
235;486
235;487
235;488
235;489
235;490
235;491
235;492
235;493
235;494
235;495
235;496
235;497
235;498
235;499
235;500
235;501
235;502
235;503
235;504
235;505
235;506
235;507
235;508
235;509
235;510
236;3
236;4
236;5
236;6
236;7
236;8
236;9
236;10
236;11
236;12
236;13
236;14
236;15
236;16
236;17
236;18
236;19
236;20
236;21
236;22
236;23
236;24
236;25
236;26
236;27
236;28
236;29
236;30
236;31
236;32
236;33
236;34
236;35
236;36
236;37
236;38
236;39
236;40
236;41
236;42
236;43
236;44
236;45
236;46
236;47
236;48
236;49
236;50
236;51
236;52
236;53
236;54
236;55
236;56
236;57
236;58
236;59
236;60
236;61
236;62
236;63
236;64
236;65
236;66
236;67
236;68
236;69
236;70
236;71
236;72
236;73
236;74
236;75
236;76
236;77
236;78
236;79
236;80
236;81
236;82
236;83
236;84
236;85
236;86
236;87
236;88
236;89
236;90
236;91
236;92
236;93
236;94
236;95
236;96
236;97
236;98
236;99
236;100
236;101
236;102
236;103
236;104
236;105
236;106
236;107
236;108
236;109
236;110
236;111
236;112
236;113
236;114
236;115
236;116
236;117
236;118
236;119
236;120
236;121
236;122
236;123
236;124
236;125
236;126
236;127
236;128
236;129
236;130
236;131
236;132
236;133
236;134
236;135
236;136
236;137
236;138
236;139
236;140
236;141
236;142
236;143
236;144
236;145
236;146
236;147
236;148
236;149
236;150
236;151
236;152
236;153
236;154
236;155
236;156
236;157
236;158
236;159
236;160
236;161
236;162
236;163
236;164
236;165
236;166
236;167
236;168
236;169
236;170
236;171
236;172
236;173
236;174
236;175
236;176
236;177
236;178
236;179
236;180
236;181
236;182
236;183
236;184
236;185
236;186
236;187
236;188
236;189
236;190
236;191
236;192
236;193
236;194
236;195
236;196
236;197
236;198
236;199
236;200
236;201
236;202
236;203
236;204
236;205
236;206
236;207
236;208
236;209
236;472
236;473
236;474
236;475
236;476
236;477
236;478
236;479
236;480
236;481
236;482
236;483
236;484
236;485
236;486
236;487
236;488
236;489
236;490
236;491
236;492
236;493
236;494
236;495
236;496
236;497
236;498
236;499
236;500
236;501
236;502
236;503
236;504
236;506
237;2
237;3
237;4
237;5
237;6
237;7
237;8
237;9
237;10
237;11
237;12
237;13
237;14
237;15
237;16
237;17
237;18
237;19
237;20
237;21
237;22
237;23
237;24
237;25
237;26
237;27
237;28
237;29
237;30
237;31
237;32
237;33
237;34
237;35
237;36
237;37
237;38
237;39
237;40
237;41
237;42
237;43
237;44
237;45
237;46
237;47
237;48
237;49
237;50
237;51
237;52
237;53
237;54
237;55
237;56
237;57
237;58
237;59
237;60
237;61
237;62
237;63
237;64
237;65
237;66
237;67
237;68
237;69
237;70
237;71
237;72
237;73
237;74
237;75
237;76
237;77
237;78
237;79
237;80
237;81
237;82
237;83
237;84
237;85
237;86
237;87
237;88
237;89
237;90
237;91
237;92
237;93
237;94
237;95
237;96
237;97
237;98
237;99
237;100
237;101
237;102
237;103
237;104
237;105
237;106
237;107
237;108
237;109
237;110
237;111
237;112
237;113
237;114
237;115
237;116
237;117
237;118
237;119
237;120
237;121
237;122
237;123
237;124
237;125
237;126
237;127
237;128
237;129
237;130
237;131
237;132
237;133
237;134
237;135
237;136
237;137
237;138
237;139
237;140
237;141
237;142
237;143
237;144
237;145
237;146
237;147
237;148
237;149
237;150
237;151
237;152
237;153
237;154
237;155
237;156
237;157
237;158
237;159
237;160
237;161
237;162
237;163
237;164
237;165
237;166
237;167
237;168
237;169
237;170
237;171
237;172
237;173
237;174
237;175
237;176
237;177
237;178
237;179
237;180
237;181
237;182
237;183
237;184
237;185
237;186
237;187
237;188
237;189
237;190
237;191
237;192
237;193
237;194
237;195
237;196
237;197
237;198
237;199
237;200
237;201
237;202
237;203
237;204
237;205
237;206
237;207
237;208
237;209
237;472
237;473
237;474
237;475
237;476
237;477
237;478
237;479
237;480
237;481
237;482
237;483
237;484
237;485
237;486
237;487
237;488
237;489
237;490
237;491
237;492
237;493
237;494
237;495
237;496
237;497
237;498
237;499
237;500
238;2
238;3
238;4
238;5
238;6
238;7
238;8
238;9
238;10
238;11
238;12
238;13
238;14
238;15
238;16
238;17
238;18
238;19
238;20
238;21
238;22
238;23
238;24
238;25
238;26
238;27
238;28
238;29
238;30
238;31
238;32
238;33
238;34
238;35
238;36
238;37
238;38
238;39
238;40
238;41
238;42
238;43
238;44
238;45
238;46
238;47
238;48
238;49
238;50
238;51
238;52
238;53
238;54
238;55
238;56
238;57
238;58
238;59
238;60
238;61
238;62
238;63
238;64
238;65
238;66
238;67
238;68
238;69
238;70
238;71
238;72
238;73
238;74
238;75
238;76
238;77
238;78
238;79
238;80
238;81
238;82
238;83
238;84
238;85
238;86
238;87
238;88
238;89
238;90
238;91
238;92
238;93
238;94
238;95
238;96
238;97
238;98
238;99
238;100
238;101
238;102
238;103
238;104
238;105
238;106
238;107
238;108
238;109
238;110
238;111
238;112
238;113
238;114
238;115
238;116
238;117
238;118
238;119
238;120
238;121
238;122
238;123
238;124
238;125
238;126
238;127
238;128
238;129
238;130
238;131
238;132
238;133
238;134
238;135
238;136
238;137
238;138
238;139
238;140
238;141
238;142
238;143
238;144
238;145
238;146
238;147
238;148
238;149
238;150
238;151
238;152
238;153
238;154
238;155
238;156
238;157
238;158
238;159
238;160
238;161
238;162
238;163
238;164
238;165
238;166
238;167
238;168
238;169
238;170
238;171
238;172
238;173
238;174
238;175
238;176
238;177
238;178
238;179
238;180
238;181
238;182
238;183
238;184
238;185
238;186
238;187
238;188
238;189
238;190
238;191
238;192
238;193
238;194
238;195
238;196
238;197
238;198
238;199
238;200
238;201
238;202
238;203
238;204
238;205
238;206
238;207
238;208
238;209
238;472
238;473
238;474
238;475
238;476
238;477
238;478
238;479
238;480
238;481
238;482
238;483
238;484
238;485
238;486
238;487
238;488
238;489
238;490
238;491
238;492
238;493
238;494
238;496
239;2
239;3
239;4
239;5
239;6
239;7
239;8
239;9
239;10
239;11
239;12
239;13
239;14
239;15
239;16
239;17
239;18
239;19
239;20
239;21
239;22
239;23
239;24
239;25
239;26
239;27
239;28
239;29
239;30
239;31
239;32
239;33
239;34
239;35
239;36
239;37
239;38
239;39
239;40
239;41
239;42
239;43
239;44
239;45
239;46
239;47
239;48
239;49
239;50
239;51
239;52
239;53
239;54
239;55
239;56
239;57
239;58
239;59
239;60
239;61
239;62
239;63
239;64
239;65
239;66
239;67
239;68
239;69
239;70
239;71
239;72
239;73
239;74
239;75
239;76
239;77
239;78
239;79
239;80
239;81
239;82
239;83
239;84
239;85
239;86
239;87
239;88
239;89
239;90
239;91
239;92
239;93
239;94
239;95
239;96
239;97
239;98
239;99
239;100
239;101
239;102
239;103
239;104
239;105
239;106
239;107
239;108
239;109
239;110
239;111
239;112
239;113
239;114
239;115
239;116
239;117
239;118
239;119
239;120
239;121
239;122
239;123
239;124
239;125
239;126
239;127
239;128
239;129
239;130
239;131
239;132
239;133
239;134
239;135
239;136
239;137
239;138
239;139
239;140
239;141
239;142
239;143
239;144
239;145
239;146
239;147
239;148
239;149
239;150
239;151
239;152
239;153
239;154
239;155
239;156
239;157
239;158
239;159
239;160
239;161
239;162
239;163
239;164
239;165
239;166
239;167
239;168
239;169
239;170
239;171
239;172
239;173
239;174
239;175
239;176
239;177
239;178
239;179
239;180
239;181
239;182
239;183
239;184
239;185
239;186
239;187
239;188
239;189
239;190
239;191
239;192
239;193
239;194
239;195
239;196
239;197
239;198
239;199
239;200
239;201
239;202
239;203
239;204
239;205
239;206
239;207
239;208
239;209
239;472
239;473
239;474
239;475
239;476
239;477
239;478
239;479
239;480
239;481
239;482
239;483
239;484
239;485
239;486
239;487
239;488
239;489
239;490
240;2
240;3
240;4
240;5
240;6
240;7
240;8
240;9
240;10
240;11
240;12
240;13
240;14
240;15
240;16
240;17
240;18
240;19
240;20
240;21
240;22
240;23
240;24
240;25
240;26
240;27
240;28
240;29
240;30
240;31
240;32
240;33
240;34
240;35
240;36
240;37
240;38
240;39
240;40
240;41
240;42
240;43
240;44
240;45
240;46
240;47
240;48
240;49
240;50
240;51
240;52
240;53
240;54
240;55
240;56
240;57
240;58
240;59
240;60
240;61
240;62
240;63
240;64
240;65
240;66
240;67
240;68
240;69
240;70
240;71
240;72
240;73
240;74
240;75
240;76
240;77
240;78
240;79
240;80
240;81
240;82
240;83
240;84
240;85
240;86
240;87
240;88
240;89
240;90
240;91
240;92
240;93
240;94
240;95
240;96
240;97
240;98
240;99
240;100
240;101
240;102
240;103
240;104
240;105
240;106
240;107
240;108
240;109
240;110
240;111
240;112
240;113
240;114
240;115
240;116
240;117
240;118
240;119
240;120
240;121
240;122
240;123
240;124
240;125
240;126
240;127
240;128
240;129
240;130
240;131
240;132
240;133
240;134
240;135
240;136
240;137
240;138
240;139
240;140
240;141
240;142
240;143
240;144
240;145
240;146
240;147
240;148
240;149
240;150
240;151
240;152
240;153
240;154
240;155
240;156
240;157
240;158
240;159
240;160
240;161
240;162
240;163
240;164
240;165
240;166
240;167
240;168
240;169
240;170
240;171
240;172
240;173
240;174
240;175
240;176
240;177
240;178
240;179
240;180
240;181
240;182
240;183
240;184
240;185
240;186
240;187
240;188
240;189
240;190
240;191
240;192
240;193
240;194
240;195
240;196
240;197
240;198
240;199
240;200
240;201
240;202
240;203
240;204
240;205
240;206
240;207
240;208
240;209
240;473
240;474
240;475
240;476
240;477
240;478
240;479
240;480
240;481
240;482
240;483
240;484
240;486
241;2
241;3
241;4
241;5
241;6
241;7
241;8
241;9
241;10
241;11
241;12
241;13
241;14
241;15
241;16
241;17
241;18
241;19
241;20
241;21
241;22
241;23
241;24
241;25
241;26
241;27
241;28
241;29
241;30
241;31
241;32
241;33
241;34
241;35
241;36
241;37
241;38
241;39
241;40
241;41
241;42
241;43
241;44
241;45
241;46
241;47
241;48
241;49
241;50
241;51
241;52
241;53
241;54
241;55
241;56
241;57
241;58
241;59
241;60
241;61
241;62
241;63
241;64
241;65
241;66
241;67
241;68
241;69
241;70
241;71
241;72
241;73
241;74
241;75
241;76
241;77
241;78
241;79
241;80
241;81
241;82
241;83
241;84
241;85
241;86
241;87
241;88
241;89
241;90
241;91
241;92
241;93
241;94
241;95
241;96
241;97
241;98
241;99
241;100
241;101
241;102
241;103
241;104
241;105
241;106
241;107
241;108
241;109
241;110
241;111
241;112
241;113
241;114
241;115
241;116
241;117
241;118
241;119
241;120
241;121
241;122
241;123
241;124
241;125
241;126
241;127
241;128
241;129
241;130
241;131
241;132
241;133
241;134
241;135
241;136
241;137
241;138
241;139
241;140
241;141
241;142
241;143
241;144
241;145
241;146
241;147
241;148
241;149
241;150
241;151
241;152
241;153
241;154
241;155
241;156
241;157
241;158
241;159
241;160
241;161
241;162
241;163
241;164
241;165
241;166
241;167
241;168
241;169
241;170
241;171
241;172
241;173
241;174
241;175
241;176
241;177
241;178
241;179
241;180
241;181
241;182
241;183
241;184
241;185
241;186
241;187
241;188
241;189
241;190
241;191
241;192
241;193
241;194
241;195
241;196
241;197
241;198
241;199
241;200
241;201
241;202
241;203
241;204
241;205
241;206
241;207
241;208
241;209
241;473
241;474
241;475
241;476
241;477
241;478
241;479
241;480
242;2
242;3
242;4
242;5
242;6
242;7
242;8
242;9
242;10
242;11
242;12
242;13
242;14
242;15
242;16
242;17
242;18
242;19
242;20
242;21
242;22
242;23
242;24
242;25
242;26
242;27
242;28
242;29
242;30
242;31
242;32
242;33
242;34
242;35
242;36
242;37
242;38
242;39
242;40
242;41
242;42
242;43
242;44
242;45
242;46
242;47
242;48
242;49
242;50
242;51
242;52
242;53
242;54
242;55
242;56
242;57
242;58
242;59
242;60
242;61
242;62
242;63
242;64
242;65
242;66
242;67
242;68
242;69
242;70
242;71
242;72
242;73
242;74
242;75
242;76
242;77
242;78
242;79
242;80
242;81
242;82
242;83
242;84
242;85
242;86
242;87
242;88
242;89
242;90
242;91
242;92
242;93
242;94
242;95
242;96
242;97
242;98
242;99
242;100
242;101
242;102
242;103
242;104
242;105
242;106
242;107
242;108
242;109
242;110
242;111
242;112
242;113
242;114
242;115
242;116
242;117
242;118
242;119
242;120
242;121
242;122
242;123
242;124
242;125
242;126
242;127
242;128
242;129
242;130
242;131
242;132
242;133
242;134
242;135
242;136
242;137
242;138
242;139
242;140
242;141
242;142
242;143
242;144
242;145
242;146
242;147
242;148
242;149
242;150
242;151
242;152
242;153
242;154
242;155
242;156
242;157
242;158
242;159
242;160
242;161
242;162
242;163
242;164
242;165
242;166
242;167
242;168
242;169
242;170
242;171
242;172
242;173
242;174
242;175
242;176
242;177
242;178
242;179
242;180
242;181
242;182
242;183
242;184
242;185
242;186
242;187
242;188
242;189
242;190
242;191
242;192
242;193
242;194
242;195
242;196
242;197
242;198
242;199
242;200
242;201
242;202
242;203
242;204
242;205
242;206
242;207
242;208
242;209
242;473
242;474
242;476
243;2
243;3
243;4
243;5
243;6
243;7
243;8
243;9
243;10
243;11
243;12
243;13
243;14
243;15
243;16
243;17
243;18
243;19
243;20
243;21
243;22
243;23
243;24
243;25
243;26
243;27
243;28
243;29
243;30
243;31
243;32
243;33
243;34
243;35
243;36
243;37
243;38
243;39
243;40
243;41
243;42
243;43
243;44
243;45
243;46
243;47
243;48
243;49
243;50
243;51
243;52
243;53
243;54
243;55
243;56
243;57
243;58
243;59
243;60
243;61
243;62
243;63
243;64
243;65
243;66
243;67
243;68
243;69
243;70
243;71
243;72
243;73
243;74
243;75
243;76
243;77
243;78
243;79
243;80
243;81
243;82
243;83
243;84
243;85
243;86
243;87
243;88
243;89
243;90
243;91
243;92
243;93
243;94
243;95
243;96
243;97
243;98
243;99
243;100
243;101
243;102
243;103
243;104
243;105
243;106
243;107
243;108
243;109
243;110
243;111
243;112
243;113
243;114
243;115
243;116
243;117
243;118
243;119
243;120
243;121
243;122
243;123
243;124
243;125
243;126
243;127
243;128
243;129
243;130
243;131
243;132
243;133
243;134
243;135
243;136
243;137
243;138
243;139
243;140
243;141
243;142
243;143
243;144
243;145
243;146
243;147
243;148
243;149
243;150
243;151
243;152
243;153
243;154
243;155
243;156
243;157
243;158
243;159
243;160
243;161
243;162
243;163
243;164
243;165
243;166
243;167
243;168
243;169
243;170
243;171
243;172
243;173
243;174
243;175
243;176
243;177
243;178
243;179
243;180
243;181
243;182
243;183
243;184
243;185
243;186
243;187
243;188
243;189
243;190
243;191
243;192
243;193
243;194
243;195
243;196
243;197
243;198
243;199
243;200
243;201
243;202
243;203
243;204
243;205
243;206
243;207
243;208
243;209
244;2
244;3
244;4
244;5
244;6
244;7
244;8
244;9
244;10
244;11
244;12
244;13
244;14
244;15
244;16
244;17
244;18
244;19
244;20
244;21
244;22
244;23
244;24
244;25
244;26
244;27
244;28
244;29
244;30
244;31
244;32
244;33
244;34
244;35
244;36
244;37
244;38
244;39
244;40
244;41
244;42
244;43
244;44
244;45
244;46
244;47
244;48
244;49
244;50
244;51
244;52
244;53
244;54
244;55
244;56
244;57
244;58
244;59
244;60
244;61
244;62
244;63
244;64
244;65
244;66
244;67
244;68
244;69
244;70
244;71
244;72
244;73
244;74
244;75
244;76
244;77
244;78
244;79
244;80
244;81
244;82
244;83
244;84
244;85
244;86
244;87
244;88
244;89
244;90
244;91
244;92
244;93
244;94
244;95
244;96
244;97
244;98
244;99
244;100
244;101
244;102
244;103
244;104
244;105
244;106
244;107
244;108
244;109
244;110
244;111
244;112
244;113
244;114
244;115
244;116
244;117
244;118
244;119
244;120
244;121
244;122
244;123
244;124
244;125
244;126
244;127
244;128
244;129
244;130
244;131
244;132
244;133
244;134
244;135
244;136
244;137
244;138
244;139
244;140
244;141
244;142
244;143
244;144
244;145
244;146
244;147
244;148
244;149
244;150
244;151
244;152
244;153
244;154
244;155
244;156
244;157
244;158
244;159
244;160
244;161
244;162
244;163
244;164
244;165
244;166
244;167
244;168
244;169
244;170
244;171
244;172
244;173
244;174
244;175
244;176
244;177
244;178
244;179
244;180
244;181
244;182
244;183
244;184
244;185
244;186
244;187
244;188
244;189
244;190
244;191
244;192
244;193
244;194
244;195
244;196
244;197
244;198
244;199
244;200
244;201
244;202
244;203
244;204
244;205
244;206
244;207
244;208
244;209
245;2
245;3
245;4
245;5
245;6
245;7
245;8
245;9
245;10
245;11
245;12
245;13
245;14
245;15
245;16
245;17
245;18
245;19
245;20
245;21
245;22
245;23
245;24
245;25
245;26
245;27
245;28
245;29
245;30
245;31
245;32
245;33
245;34
245;35
245;36
245;37
245;38
245;39
245;40
245;41
245;42
245;43
245;44
245;45
245;46
245;47
245;48
245;49
245;50
245;51
245;52
245;53
245;54
245;55
245;56
245;57
245;58
245;59
245;60
245;61
245;62
245;63
245;64
245;65
245;66
245;67
245;68
245;69
245;70
245;71
245;72
245;73
245;74
245;75
245;76
245;77
245;78
245;79
245;80
245;81
245;82
245;83
245;84
245;85
245;86
245;87
245;88
245;89
245;90
245;91
245;92
245;93
245;94
245;95
245;96
245;97
245;98
245;99
245;100
245;101
245;102
245;103
245;104
245;105
245;106
245;107
245;108
245;109
245;110
245;111
245;112
245;113
245;114
245;115
245;116
245;117
245;118
245;119
245;120
245;121
245;122
245;123
245;124
245;125
245;126
245;127
245;128
245;129
245;130
245;131
245;132
245;133
245;134
245;135
245;136
245;137
245;138
245;139
245;140
245;141
245;142
245;143
245;144
245;145
245;146
245;147
245;148
245;149
245;150
245;151
245;152
245;153
245;154
245;155
245;156
245;157
245;158
245;159
245;160
245;161
245;162
245;163
245;164
245;165
245;166
245;167
245;168
245;169
245;170
245;171
245;172
245;173
245;174
245;175
245;176
245;177
245;178
245;179
245;180
245;181
245;182
245;183
245;184
245;185
245;186
245;187
245;188
245;189
245;190
245;191
245;192
245;193
245;194
245;195
245;196
245;197
245;198
245;199
245;200
245;201
245;202
245;203
245;204
245;205
245;206
245;207
245;208
245;209
246;2
246;3
246;4
246;5
246;6
246;7
246;8
246;9
246;10
246;11
246;12
246;13
246;14
246;15
246;16
246;17
246;18
246;19
246;20
246;21
246;22
246;23
246;24
246;25
246;26
246;27
246;28
246;29
246;30
246;31
246;32
246;33
246;34
246;35
246;36
246;37
246;38
246;39
246;40
246;41
246;42
246;43
246;44
246;45
246;46
246;47
246;48
246;49
246;50
246;51
246;52
246;53
246;54
246;55
246;56
246;57
246;58
246;59
246;60
246;61
246;62
246;63
246;64
246;65
246;66
246;67
246;68
246;69
246;70
246;71
246;72
246;73
246;74
246;75
246;76
246;77
246;78
246;79
246;80
246;81
246;82
246;83
246;84
246;85
246;86
246;87
246;88
246;89
246;90
246;91
246;92
246;93
246;94
246;95
246;96
246;97
246;98
246;99
246;100
246;101
246;102
246;103
246;104
246;105
246;106
246;107
246;108
246;109
246;110
246;111
246;112
246;113
246;114
246;115
246;116
246;117
246;118
246;119
246;120
246;121
246;122
246;123
246;124
246;125
246;126
246;127
246;128
246;129
246;130
246;131
246;132
246;133
246;134
246;135
246;136
246;137
246;138
246;139
246;140
246;141
246;142
246;143
246;144
246;145
246;146
246;147
246;148
246;149
246;150
246;151
246;152
246;153
246;154
246;155
246;156
246;157
246;158
246;159
246;160
246;161
246;162
246;163
246;164
246;165
246;166
246;167
246;168
246;169
246;170
246;171
246;172
246;173
246;174
246;175
246;176
246;177
246;178
246;179
246;180
246;181
246;182
246;183
246;184
246;185
246;186
246;187
246;188
246;189
246;190
246;191
246;192
246;193
246;194
246;195
246;196
246;197
246;198
246;199
246;200
246;201
246;202
246;203
246;204
246;205
246;206
246;207
246;208
246;209
247;2
247;3
247;4
247;5
247;6
247;7
247;8
247;9
247;10
247;11
247;12
247;13
247;14
247;15
247;16
247;17
247;18
247;19
247;20
247;21
247;22
247;23
247;24
247;25
247;26
247;27
247;28
247;29
247;30
247;31
247;32
247;33
247;34
247;35
247;36
247;37
247;38
247;39
247;40
247;41
247;42
247;43
247;44
247;45
247;46
247;47
247;48
247;49
247;50
247;51
247;52
247;53
247;54
247;55
247;56
247;57
247;58
247;59
247;60
247;61
247;62
247;63
247;64
247;65
247;66
247;67
247;68
247;69
247;70
247;71
247;72
247;73
247;74
247;75
247;76
247;77
247;78
247;79
247;80
247;81
247;82
247;83
247;84
247;85
247;86
247;87
247;88
247;89
247;90
247;91
247;92
247;93
247;94
247;95
247;96
247;97
247;98
247;99
247;100
247;101
247;102
247;103
247;104
247;105
247;106
247;107
247;108
247;109
247;110
247;111
247;112
247;113
247;114
247;115
247;116
247;117
247;118
247;119
247;120
247;121
247;122
247;123
247;124
247;125
247;126
247;127
247;128
247;129
247;130
247;131
247;132
247;133
247;134
247;135
247;136
247;137
247;138
247;139
247;140
247;141
247;142
247;143
247;144
247;145
247;146
247;147
247;148
247;149
247;150
247;151
247;152
247;153
247;154
247;155
247;156
247;157
247;158
247;159
247;160
247;161
247;162
247;163
247;164
247;165
247;166
247;167
247;168
247;169
247;170
247;171
247;172
247;173
247;174
247;175
247;176
247;177
247;178
247;179
247;180
247;181
247;182
247;183
247;184
247;185
247;186
247;187
247;188
247;189
247;190
247;191
247;192
247;193
247;194
247;195
247;196
247;197
247;198
247;199
247;200
247;201
247;202
247;203
247;204
247;205
247;206
247;207
247;208
247;209
248;2
248;3
248;4
248;5
248;6
248;7
248;8
248;9
248;10
248;11
248;12
248;13
248;14
248;15
248;16
248;17
248;18
248;19
248;20
248;21
248;22
248;23
248;24
248;25
248;26
248;27
248;28
248;29
248;30
248;31
248;32
248;33
248;34
248;35
248;36
248;37
248;38
248;39
248;40
248;41
248;42
248;43
248;44
248;45
248;46
248;47
248;48
248;49
248;50
248;51
248;52
248;53
248;54
248;55
248;56
248;57
248;58
248;59
248;60
248;61
248;62
248;63
248;64
248;65
248;66
248;67
248;68
248;69
248;70
248;71
248;72
248;73
248;74
248;75
248;76
248;77
248;78
248;79
248;80
248;81
248;82
248;83
248;84
248;85
248;86
248;87
248;88
248;89
248;90
248;91
248;92
248;93
248;94
248;95
248;96
248;97
248;98
248;99
248;100
248;101
248;102
248;103
248;104
248;105
248;106
248;107
248;108
248;109
248;110
248;111
248;112
248;113
248;114
248;115
248;116
248;117
248;118
248;119
248;120
248;121
248;122
248;123
248;124
248;125
248;126
248;127
248;128
248;129
248;130
248;131
248;132
248;133
248;134
248;135
248;136
248;137
248;138
248;139
248;140
248;141
248;142
248;143
248;144
248;145
248;146
248;147
248;148
248;149
248;150
248;151
248;152
248;153
248;154
248;155
248;156
248;157
248;158
248;159
248;160
248;161
248;162
248;163
248;164
248;165
248;166
248;167
248;168
248;169
248;170
248;171
248;172
248;173
248;174
248;175
248;176
248;177
248;178
248;179
248;180
248;181
248;182
248;183
248;184
248;185
248;186
248;187
248;188
248;189
248;190
248;191
248;192
248;193
248;194
248;195
248;196
248;197
248;198
248;199
248;200
248;201
248;202
248;203
248;204
248;205
248;206
248;207
248;208
248;209
249;2
249;3
249;4
249;5
249;6
249;7
249;8
249;9
249;10
249;11
249;12
249;13
249;14
249;15
249;16
249;17
249;18
249;19
249;20
249;21
249;22
249;23
249;24
249;25
249;26
249;27
249;28
249;29
249;30
249;31
249;32
249;33
249;34
249;35
249;36
249;37
249;38
249;39
249;40
249;41
249;42
249;43
249;44
249;45
249;46
249;47
249;48
249;49
249;50
249;51
249;52
249;53
249;54
249;55
249;56
249;57
249;58
249;59
249;60
249;61
249;62
249;63
249;64
249;65
249;66
249;67
249;68
249;69
249;70
249;71
249;72
249;73
249;74
249;75
249;76
249;77
249;78
249;79
249;80
249;81
249;82
249;83
249;84
249;85
249;86
249;87
249;88
249;89
249;90
249;91
249;92
249;93
249;94
249;95
249;96
249;97
249;98
249;99
249;100
249;101
249;102
249;103
249;104
249;105
249;106
249;107
249;108
249;109
249;110
249;111
249;112
249;113
249;114
249;115
249;116
249;117
249;118
249;119
249;120
249;121
249;122
249;123
249;124
249;125
249;126
249;127
249;128
249;129
249;130
249;131
249;132
249;133
249;134
249;135
249;136
249;137
249;138
249;139
249;140
249;141
249;142
249;143
249;144
249;145
249;146
249;147
249;148
249;149
249;150
249;151
249;152
249;153
249;154
249;155
249;156
249;157
249;158
249;159
249;160
249;161
249;162
249;163
249;164
249;165
249;166
249;167
249;168
249;169
249;170
249;171
249;172
249;173
249;174
249;175
249;176
249;177
249;178
249;179
249;180
249;181
249;182
249;183
249;184
249;185
249;186
249;187
249;188
249;189
249;190
249;191
249;192
249;193
249;194
249;195
249;196
249;197
249;198
249;199
249;200
249;201
249;202
249;203
249;204
249;205
249;206
249;207
249;208
249;209
250;2
250;3
250;4
250;5
250;6
250;7
250;8
250;9
250;10
250;11
250;12
250;13
250;14
250;15
250;16
250;17
250;18
250;19
250;20
250;21
250;22
250;23
250;24
250;25
250;26
250;27
250;28
250;29
250;30
250;31
250;32
250;33
250;34
250;35
250;36
250;37
250;38
250;39
250;40
250;41
250;42
250;43
250;44
250;45
250;46
250;47
250;48
250;49
250;50
250;51
250;52
250;53
250;54
250;55
250;56
250;57
250;58
250;59
250;60
250;61
250;62
250;63
250;64
250;65
250;66
250;67
250;68
250;69
250;70
250;71
250;72
250;73
250;74
250;75
250;76
250;77
250;78
250;79
250;80
250;81
250;82
250;83
250;84
250;85
250;86
250;87
250;88
250;89
250;90
250;91
250;92
250;93
250;94
250;95
250;96
250;97
250;98
250;99
250;100
250;101
250;102
250;103
250;104
250;105
250;106
250;107
250;108
250;109
250;110
250;111
250;112
250;113
250;114
250;115
250;116
250;117
250;118
250;119
250;120
250;121
250;122
250;123
250;124
250;125
250;126
250;127
250;128
250;129
250;130
250;131
250;132
250;133
250;134
250;135
250;136
250;137
250;138
250;139
250;140
250;141
250;142
250;143
250;144
250;145
250;146
250;147
250;148
250;149
250;150
250;151
250;152
250;153
250;154
250;155
250;156
250;157
250;158
250;159
250;160
250;161
250;162
250;163
250;164
250;165
250;166
250;167
250;168
250;169
250;170
250;171
250;172
250;173
250;174
250;175
250;176
250;177
250;178
250;179
250;180
250;181
250;182
250;183
250;184
250;185
250;186
250;187
250;188
250;189
250;190
250;191
250;192
250;193
250;194
250;195
250;196
250;197
250;198
250;199
250;200
250;201
250;202
250;203
250;204
250;205
250;206
250;207
250;208
250;209
251;3
251;4
251;5
251;6
251;7
251;8
251;9
251;10
251;11
251;12
251;13
251;14
251;15
251;16
251;17
251;18
251;19
251;20
251;21
251;22
251;23
251;24
251;25
251;26
251;27
251;28
251;29
251;30
251;31
251;32
251;33
251;34
251;35
251;36
251;37
251;38
251;39
251;40
251;41
251;42
251;43
251;44
251;45
251;46
251;47
251;48
251;49
251;50
251;51
251;52
251;53
251;54
251;55
251;56
251;57
251;58
251;59
251;60
251;61
251;62
251;63
251;64
251;65
251;66
251;67
251;68
251;69
251;70
251;71
251;72
251;73
251;74
251;75
251;76
251;77
251;78
251;79
251;80
251;81
251;82
251;83
251;84
251;85
251;86
251;87
251;88
251;89
251;90
251;91
251;92
251;93
251;94
251;95
251;96
251;97
251;98
251;99
251;100
251;101
251;102
251;103
251;104
251;105
251;106
251;107
251;108
251;109
251;110
251;111
251;112
251;113
251;114
251;115
251;116
251;117
251;118
251;119
251;120
251;121
251;122
251;123
251;124
251;125
251;126
251;127
251;128
251;129
251;130
251;131
251;132
251;133
251;134
251;135
251;136
251;137
251;138
251;139
251;140
251;141
251;142
251;143
251;144
251;145
251;146
251;147
251;148
251;149
251;150
251;151
251;152
251;153
251;154
251;155
251;156
251;157
251;158
251;159
251;160
251;161
251;162
251;163
251;164
251;165
251;166
251;167
251;168
251;169
251;170
251;171
251;172
251;173
251;174
251;175
251;176
251;177
251;178
251;179
251;180
251;181
251;182
251;183
251;184
251;185
251;186
251;187
251;188
251;189
251;190
251;191
251;192
251;193
251;194
251;195
251;196
251;197
251;198
251;199
251;200
251;201
251;202
251;203
251;204
251;205
251;206
251;207
251;208
252;3
252;4
252;5
252;6
252;7
252;8
252;9
252;10
252;11
252;12
252;13
252;14
252;15
252;16
252;17
252;18
252;19
252;20
252;21
252;22
252;23
252;24
252;25
252;26
252;27
252;28
252;29
252;30
252;31
252;32
252;33
252;34
252;35
252;36
252;37
252;38
252;39
252;40
252;41
252;42
252;43
252;44
252;45
252;46
252;47
252;48
252;49
252;50
252;51
252;52
252;53
252;54
252;55
252;56
252;57
252;58
252;59
252;60
252;61
252;62
252;63
252;64
252;65
252;66
252;67
252;68
252;69
252;70
252;71
252;72
252;73
252;74
252;75
252;76
252;77
252;78
252;79
252;80
252;81
252;82
252;83
252;84
252;85
252;86
252;87
252;88
252;89
252;90
252;91
252;92
252;93
252;94
252;95
252;96
252;97
252;98
252;99
252;100
252;101
252;102
252;103
252;104
252;105
252;106
252;107
252;108
252;109
252;110
252;111
252;112
252;113
252;114
252;115
252;116
252;117
252;118
252;119
252;120
252;121
252;122
252;123
252;124
252;125
252;126
252;127
252;128
252;129
252;130
252;131
252;132
252;133
252;134
252;135
252;136
252;137
252;138
252;139
252;140
252;141
252;142
252;143
252;144
252;145
252;146
252;147
252;148
252;149
252;150
252;151
252;152
252;153
252;154
252;155
252;156
252;157
252;158
252;159
252;160
252;161
252;162
252;163
252;164
252;165
252;166
252;167
252;168
252;169
252;170
252;171
252;172
252;173
252;174
252;175
252;176
252;177
252;178
252;179
252;180
252;181
252;182
252;183
252;184
252;185
252;186
252;187
252;188
252;189
252;190
252;191
252;192
252;193
252;194
252;195
252;196
252;197
252;198
252;199
252;200
252;201
252;202
252;203
252;204
252;205
252;206
252;207
252;208
253;3
253;4
253;5
253;6
253;7
253;8
253;9
253;10
253;11
253;12
253;13
253;14
253;15
253;16
253;17
253;18
253;19
253;20
253;21
253;22
253;23
253;24
253;25
253;26
253;27
253;28
253;29
253;30
253;31
253;32
253;33
253;34
253;35
253;36
253;37
253;38
253;39
253;40
253;41
253;42
253;43
253;44
253;45
253;46
253;47
253;48
253;49
253;50
253;51
253;52
253;53
253;54
253;55
253;56
253;57
253;58
253;59
253;60
253;61
253;62
253;63
253;64
253;65
253;66
253;67
253;68
253;69
253;70
253;71
253;72
253;73
253;74
253;75
253;76
253;77
253;78
253;79
253;80
253;81
253;82
253;83
253;84
253;85
253;86
253;87
253;88
253;89
253;90
253;91
253;92
253;93
253;94
253;95
253;96
253;97
253;98
253;99
253;100
253;101
253;102
253;103
253;104
253;105
253;106
253;107
253;108
253;109
253;110
253;111
253;112
253;113
253;114
253;115
253;116
253;117
253;118
253;119
253;120
253;121
253;122
253;123
253;124
253;125
253;126
253;127
253;128
253;129
253;130
253;131
253;132
253;133
253;134
253;135
253;136
253;137
253;138
253;139
253;140
253;141
253;142
253;143
253;144
253;145
253;146
253;147
253;148
253;149
253;150
253;151
253;152
253;153
253;154
253;155
253;156
253;157
253;158
253;159
253;160
253;161
253;162
253;163
253;164
253;165
253;166
253;167
253;168
253;169
253;170
253;171
253;172
253;173
253;174
253;175
253;176
253;177
253;178
253;179
253;180
253;181
253;182
253;183
253;184
253;185
253;186
253;187
253;188
253;189
253;190
253;191
253;192
253;193
253;194
253;195
253;196
253;197
253;198
253;199
253;200
253;201
253;202
253;203
253;204
253;205
253;206
253;207
253;208
254;3
254;4
254;5
254;6
254;7
254;8
254;9
254;10
254;11
254;12
254;13
254;14
254;15
254;16
254;17
254;18
254;19
254;20
254;21
254;22
254;23
254;24
254;25
254;26
254;27
254;28
254;29
254;30
254;31
254;32
254;33
254;34
254;35
254;36
254;37
254;38
254;39
254;40
254;41
254;42
254;43
254;44
254;45
254;46
254;47
254;48
254;49
254;50
254;51
254;52
254;53
254;54
254;55
254;56
254;57
254;58
254;59
254;60
254;61
254;62
254;63
254;64
254;65
254;66
254;67
254;68
254;69
254;70
254;71
254;72
254;73
254;74
254;75
254;76
254;77
254;78
254;79
254;80
254;81
254;82
254;83
254;84
254;85
254;86
254;87
254;88
254;89
254;90
254;91
254;92
254;93
254;94
254;95
254;96
254;97
254;98
254;99
254;100
254;101
254;102
254;103
254;104
254;105
254;106
254;107
254;108
254;109
254;110
254;111
254;112
254;113
254;114
254;115
254;116
254;117
254;118
254;119
254;120
254;121
254;122
254;123
254;124
254;125
254;126
254;127
254;128
254;129
254;130
254;131
254;132
254;133
254;134
254;135
254;136
254;137
254;138
254;139
254;140
254;141
254;142
254;143
254;144
254;145
254;146
254;147
254;148
254;149
254;150
254;151
254;152
254;153
254;154
254;155
254;156
254;157
254;158
254;159
254;160
254;161
254;162
254;163
254;164
254;165
254;166
254;167
254;168
254;169
254;170
254;171
254;172
254;173
254;174
254;175
254;176
254;177
254;178
254;179
254;180
254;181
254;182
254;183
254;184
254;185
254;186
254;187
254;188
254;189
254;190
254;191
254;192
254;193
254;194
254;195
254;196
254;197
254;198
254;199
254;200
254;201
254;202
254;203
254;204
254;205
254;206
254;207
254;208
255;3
255;4
255;5
255;6
255;7
255;8
255;9
255;10
255;11
255;12
255;13
255;14
255;15
255;16
255;17
255;18
255;19
255;20
255;21
255;22
255;23
255;24
255;25
255;26
255;27
255;28
255;29
255;30
255;31
255;32
255;33
255;34
255;35
255;36
255;37
255;38
255;39
255;40
255;41
255;42
255;43
255;44
255;45
255;46
255;47
255;48
255;49
255;50
255;51
255;52
255;53
255;54
255;55
255;56
255;57
255;58
255;59
255;60
255;61
255;62
255;63
255;64
255;65
255;66
255;67
255;68
255;69
255;70
255;71
255;72
255;73
255;74
255;75
255;76
255;77
255;78
255;79
255;80
255;81
255;82
255;83
255;84
255;85
255;86
255;87
255;88
255;89
255;90
255;91
255;92
255;93
255;94
255;95
255;96
255;97
255;98
255;99
255;100
255;101
255;102
255;103
255;104
255;105
255;106
255;107
255;108
255;109
255;110
255;111
255;112
255;113
255;114
255;115
255;116
255;117
255;118
255;119
255;120
255;121
255;122
255;123
255;124
255;125
255;126
255;127
255;128
255;129
255;130
255;131
255;132
255;133
255;134
255;135
255;136
255;137
255;138
255;139
255;140
255;141
255;142
255;143
255;144
255;145
255;146
255;147
255;148
255;149
255;150
255;151
255;152
255;153
255;154
255;155
255;156
255;157
255;158
255;159
255;160
255;161
255;162
255;163
255;164
255;165
255;166
255;167
255;168
255;169
255;170
255;171
255;172
255;173
255;174
255;175
255;176
255;177
255;178
255;179
255;180
255;181
255;182
255;183
255;184
255;185
255;186
255;187
255;188
255;189
255;190
255;191
255;192
255;193
255;194
255;195
255;196
255;197
255;198
255;199
255;200
255;201
255;202
255;203
255;204
255;205
255;206
255;207
255;208
256;3
256;4
256;5
256;6
256;7
256;8
256;9
256;10
256;11
256;12
256;13
256;14
256;15
256;16
256;17
256;18
256;19
256;20
256;21
256;22
256;23
256;24
256;25
256;26
256;27
256;28
256;29
256;30
256;31
256;32
256;33
256;34
256;35
256;36
256;37
256;38
256;39
256;40
256;41
256;42
256;43
256;44
256;45
256;46
256;47
256;48
256;49
256;50
256;51
256;52
256;53
256;54
256;55
256;56
256;57
256;58
256;59
256;60
256;61
256;62
256;63
256;64
256;65
256;66
256;67
256;68
256;69
256;70
256;71
256;72
256;73
256;74
256;75
256;76
256;77
256;78
256;79
256;80
256;81
256;82
256;83
256;84
256;85
256;86
256;87
256;88
256;89
256;90
256;91
256;92
256;93
256;94
256;95
256;96
256;97
256;98
256;99
256;100
256;101
256;102
256;103
256;104
256;105
256;106
256;107
256;108
256;109
256;110
256;111
256;112
256;113
256;114
256;115
256;116
256;117
256;118
256;119
256;120
256;121
256;122
256;123
256;124
256;125
256;126
256;127
256;128
256;129
256;130
256;131
256;132
256;133
256;134
256;135
256;136
256;137
256;138
256;139
256;140
256;141
256;142
256;143
256;144
256;145
256;146
256;147
256;148
256;149
256;150
256;151
256;152
256;153
256;154
256;155
256;156
256;157
256;158
256;159
256;160
256;161
256;162
256;163
256;164
256;165
256;166
256;167
256;168
256;169
256;170
256;171
256;172
256;173
256;174
256;175
256;176
256;177
256;178
256;179
256;180
256;181
256;182
256;183
256;184
256;185
256;186
256;187
256;188
256;189
256;190
256;191
256;192
256;193
256;194
256;195
256;196
256;197
256;198
256;199
256;200
256;201
256;202
256;203
256;204
256;205
256;206
256;207
256;208
257;3
257;4
257;5
257;6
257;7
257;8
257;9
257;10
257;11
257;12
257;13
257;14
257;15
257;16
257;17
257;18
257;19
257;20
257;21
257;22
257;23
257;24
257;25
257;26
257;27
257;28
257;29
257;30
257;31
257;32
257;33
257;34
257;35
257;36
257;37
257;38
257;39
257;40
257;41
257;42
257;43
257;44
257;45
257;46
257;47
257;48
257;49
257;50
257;51
257;52
257;53
257;54
257;55
257;56
257;57
257;58
257;59
257;60
257;61
257;62
257;63
257;64
257;65
257;66
257;67
257;68
257;69
257;70
257;71
257;72
257;73
257;74
257;75
257;76
257;77
257;78
257;79
257;80
257;81
257;82
257;83
257;84
257;85
257;86
257;87
257;88
257;89
257;90
257;91
257;92
257;93
257;94
257;95
257;96
257;97
257;98
257;99
257;100
257;101
257;102
257;103
257;104
257;105
257;106
257;107
257;108
257;109
257;110
257;111
257;112
257;113
257;114
257;115
257;116
257;117
257;118
257;119
257;120
257;121
257;122
257;123
257;124
257;125
257;126
257;127
257;128
257;129
257;130
257;131
257;132
257;133
257;134
257;135
257;136
257;137
257;138
257;139
257;140
257;141
257;142
257;143
257;144
257;145
257;146
257;147
257;148
257;149
257;150
257;151
257;152
257;153
257;154
257;155
257;156
257;157
257;158
257;159
257;160
257;161
257;162
257;163
257;164
257;165
257;166
257;167
257;168
257;169
257;170
257;171
257;172
257;173
257;174
257;175
257;176
257;177
257;178
257;179
257;180
257;181
257;182
257;183
257;184
257;185
257;186
257;187
257;188
257;189
257;190
257;191
257;192
257;193
257;194
257;195
257;196
257;197
257;198
257;199
257;200
257;201
257;202
257;203
257;204
257;205
257;206
257;207
257;208
258;4
258;5
258;6
258;7
258;8
258;9
258;10
258;11
258;12
258;13
258;14
258;15
258;16
258;17
258;18
258;19
258;20
258;21
258;22
258;23
258;24
258;25
258;26
258;27
258;28
258;29
258;30
258;31
258;32
258;33
258;34
258;35
258;36
258;37
258;38
258;39
258;40
258;41
258;42
258;43
258;44
258;45
258;46
258;47
258;48
258;49
258;50
258;51
258;52
258;53
258;54
258;55
258;56
258;57
258;58
258;59
258;60
258;61
258;62
258;63
258;64
258;65
258;66
258;67
258;68
258;69
258;70
258;71
258;72
258;73
258;74
258;75
258;76
258;77
258;78
258;79
258;80
258;81
258;82
258;83
258;84
258;85
258;86
258;87
258;88
258;89
258;90
258;91
258;92
258;93
258;94
258;95
258;96
258;97
258;98
258;99
258;100
258;101
258;102
258;103
258;104
258;105
258;106
258;107
258;108
258;109
258;110
258;111
258;112
258;113
258;114
258;115
258;116
258;117
258;118
258;119
258;120
258;121
258;122
258;123
258;124
258;125
258;126
258;127
258;128
258;129
258;130
258;131
258;132
258;133
258;134
258;135
258;136
258;137
258;138
258;139
258;140
258;141
258;142
258;143
258;144
258;145
258;146
258;147
258;148
258;149
258;150
258;151
258;152
258;153
258;154
258;155
258;156
258;157
258;158
258;159
258;160
258;161
258;162
258;163
258;164
258;165
258;166
258;167
258;168
258;169
258;170
258;171
258;172
258;173
258;174
258;175
258;176
258;177
258;178
258;179
258;180
258;181
258;182
258;183
258;184
258;185
258;186
258;187
258;188
258;189
258;190
258;191
258;192
258;193
258;194
258;195
258;196
258;197
258;198
258;199
258;200
258;201
258;202
258;203
258;204
258;205
258;206
258;207
258;311
258;313
258;315
258;317
258;319
258;321
258;323
258;325
258;327
258;329
259;4
259;5
259;6
259;7
259;8
259;9
259;10
259;11
259;12
259;13
259;14
259;15
259;16
259;17
259;18
259;19
259;20
259;21
259;22
259;23
259;24
259;25
259;26
259;27
259;28
259;29
259;30
259;31
259;32
259;33
259;34
259;35
259;36
259;37
259;38
259;39
259;40
259;41
259;42
259;43
259;44
259;45
259;46
259;47
259;48
259;49
259;50
259;51
259;52
259;53
259;54
259;55
259;56
259;57
259;58
259;59
259;60
259;61
259;62
259;63
259;64
259;65
259;66
259;67
259;68
259;69
259;70
259;71
259;72
259;73
259;74
259;75
259;76
259;77
259;78
259;79
259;80
259;81
259;82
259;83
259;84
259;85
259;86
259;87
259;88
259;89
259;90
259;91
259;92
259;93
259;94
259;95
259;96
259;97
259;98
259;99
259;100
259;101
259;102
259;103
259;104
259;105
259;106
259;107
259;108
259;109
259;110
259;111
259;112
259;113
259;114
259;115
259;116
259;117
259;118
259;119
259;120
259;121
259;122
259;123
259;124
259;125
259;126
259;127
259;128
259;129
259;130
259;131
259;132
259;133
259;134
259;135
259;136
259;137
259;138
259;139
259;140
259;141
259;142
259;143
259;144
259;145
259;146
259;147
259;148
259;149
259;150
259;151
259;152
259;153
259;154
259;155
259;156
259;157
259;158
259;159
259;160
259;161
259;162
259;163
259;164
259;165
259;166
259;167
259;168
259;169
259;170
259;171
259;172
259;173
259;174
259;175
259;176
259;177
259;178
259;179
259;180
259;181
259;182
259;183
259;184
259;185
259;186
259;187
259;188
259;189
259;190
259;191
259;192
259;193
259;194
259;195
259;196
259;197
259;198
259;199
259;200
259;201
259;202
259;203
259;204
259;205
259;206
259;207
259;303
259;305
259;306
259;307
259;308
259;309
259;310
259;311
259;312
259;313
259;314
259;315
259;316
259;317
259;318
259;319
259;320
259;321
259;322
259;323
259;324
259;325
259;326
259;327
259;328
259;329
259;330
259;331
259;332
259;333
259;334
259;335
259;337
260;4
260;5
260;6
260;7
260;8
260;9
260;10
260;11
260;12
260;13
260;14
260;15
260;16
260;17
260;18
260;19
260;20
260;21
260;22
260;23
260;24
260;25
260;26
260;27
260;28
260;29
260;30
260;31
260;32
260;33
260;34
260;35
260;36
260;37
260;38
260;39
260;40
260;41
260;42
260;43
260;44
260;45
260;46
260;47
260;48
260;49
260;50
260;51
260;52
260;53
260;54
260;55
260;56
260;57
260;58
260;59
260;60
260;61
260;62
260;63
260;64
260;65
260;66
260;67
260;68
260;69
260;70
260;71
260;72
260;73
260;74
260;75
260;76
260;77
260;78
260;79
260;80
260;81
260;82
260;83
260;84
260;85
260;86
260;87
260;88
260;89
260;90
260;91
260;92
260;93
260;94
260;95
260;96
260;97
260;98
260;99
260;100
260;101
260;102
260;103
260;104
260;105
260;106
260;107
260;108
260;109
260;110
260;111
260;112
260;113
260;114
260;115
260;116
260;117
260;118
260;119
260;120
260;121
260;122
260;123
260;124
260;125
260;126
260;127
260;128
260;129
260;130
260;131
260;132
260;133
260;134
260;135
260;136
260;137
260;138
260;139
260;140
260;141
260;142
260;143
260;144
260;145
260;146
260;147
260;148
260;149
260;150
260;151
260;152
260;153
260;154
260;155
260;156
260;157
260;158
260;159
260;160
260;161
260;162
260;163
260;164
260;165
260;166
260;167
260;168
260;169
260;170
260;171
260;172
260;173
260;174
260;175
260;176
260;177
260;178
260;179
260;180
260;181
260;182
260;183
260;184
260;185
260;186
260;187
260;188
260;189
260;190
260;191
260;192
260;193
260;194
260;195
260;196
260;197
260;198
260;199
260;200
260;201
260;202
260;203
260;204
260;205
260;206
260;207
260;297
260;299
260;300
260;301
260;302
260;303
260;304
260;305
260;306
260;307
260;308
260;309
260;310
260;311
260;312
260;313
260;314
260;315
260;316
260;317
260;318
260;319
260;320
260;321
260;322
260;323
260;324
260;325
260;326
260;327
260;328
260;329
260;330
260;331
260;332
260;333
260;334
260;335
260;336
260;337
260;338
260;339
260;340
260;341
260;343
261;4
261;5
261;6
261;7
261;8
261;9
261;10
261;11
261;12
261;13
261;14
261;15
261;16
261;17
261;18
261;19
261;20
261;21
261;22
261;23
261;24
261;25
261;26
261;27
261;28
261;29
261;30
261;31
261;32
261;33
261;34
261;35
261;36
261;37
261;38
261;39
261;40
261;41
261;42
261;43
261;44
261;45
261;46
261;47
261;48
261;49
261;50
261;51
261;52
261;53
261;54
261;55
261;56
261;57
261;58
261;59
261;60
261;61
261;62
261;63
261;64
261;65
261;66
261;67
261;68
261;69
261;70
261;71
261;72
261;73
261;74
261;75
261;76
261;77
261;78
261;79
261;80
261;81
261;82
261;83
261;84
261;85
261;86
261;87
261;88
261;89
261;90
261;91
261;92
261;93
261;94
261;95
261;96
261;97
261;98
261;99
261;100
261;101
261;102
261;103
261;104
261;105
261;106
261;107
261;108
261;109
261;110
261;111
261;112
261;113
261;114
261;115
261;116
261;117
261;118
261;119
261;120
261;121
261;122
261;123
261;124
261;125
261;126
261;127
261;128
261;129
261;130
261;131
261;132
261;133
261;134
261;135
261;136
261;137
261;138
261;139
261;140
261;141
261;142
261;143
261;144
261;145
261;146
261;147
261;148
261;149
261;150
261;151
261;152
261;153
261;154
261;155
261;156
261;157
261;158
261;159
261;160
261;161
261;162
261;163
261;164
261;165
261;166
261;167
261;168
261;169
261;170
261;171
261;172
261;173
261;174
261;175
261;176
261;177
261;178
261;179
261;180
261;181
261;182
261;183
261;184
261;185
261;186
261;187
261;188
261;189
261;190
261;191
261;192
261;193
261;194
261;195
261;196
261;197
261;198
261;199
261;200
261;201
261;202
261;203
261;204
261;205
261;206
261;207
261;293
261;294
261;295
261;296
261;297
261;298
261;299
261;300
261;301
261;302
261;303
261;304
261;305
261;306
261;307
261;308
261;309
261;310
261;311
261;312
261;313
261;314
261;315
261;316
261;317
261;318
261;319
261;320
261;321
261;322
261;323
261;324
261;325
261;326
261;327
261;328
261;329
261;330
261;331
261;332
261;333
261;334
261;335
261;336
261;337
261;338
261;339
261;340
261;341
261;342
261;343
261;344
261;345
261;347
262;4
262;5
262;6
262;7
262;8
262;9
262;10
262;11
262;12
262;13
262;14
262;15
262;16
262;17
262;18
262;19
262;20
262;21
262;22
262;23
262;24
262;25
262;26
262;27
262;28
262;29
262;30
262;31
262;32
262;33
262;34
262;35
262;36
262;37
262;38
262;39
262;40
262;41
262;42
262;43
262;44
262;45
262;46
262;47
262;48
262;49
262;50
262;51
262;52
262;53
262;54
262;55
262;56
262;57
262;58
262;59
262;60
262;61
262;62
262;63
262;64
262;65
262;66
262;67
262;68
262;69
262;70
262;71
262;72
262;73
262;74
262;75
262;76
262;77
262;78
262;79
262;80
262;81
262;82
262;83
262;84
262;85
262;86
262;87
262;88
262;89
262;90
262;91
262;92
262;93
262;94
262;95
262;96
262;97
262;98
262;99
262;100
262;101
262;102
262;103
262;104
262;105
262;106
262;107
262;108
262;109
262;110
262;111
262;112
262;113
262;114
262;115
262;116
262;117
262;118
262;119
262;120
262;121
262;122
262;123
262;124
262;125
262;126
262;127
262;128
262;129
262;130
262;131
262;132
262;133
262;134
262;135
262;136
262;137
262;138
262;139
262;140
262;141
262;142
262;143
262;144
262;145
262;146
262;147
262;148
262;149
262;150
262;151
262;152
262;153
262;154
262;155
262;156
262;157
262;158
262;159
262;160
262;161
262;162
262;163
262;164
262;165
262;166
262;167
262;168
262;169
262;170
262;171
262;172
262;173
262;174
262;175
262;176
262;177
262;178
262;179
262;180
262;181
262;182
262;183
262;184
262;185
262;186
262;187
262;188
262;189
262;190
262;191
262;192
262;193
262;194
262;195
262;196
262;197
262;198
262;199
262;200
262;201
262;202
262;203
262;204
262;205
262;206
262;289
262;290
262;291
262;292
262;293
262;294
262;295
262;296
262;297
262;298
262;299
262;300
262;301
262;302
262;303
262;304
262;305
262;306
262;307
262;308
262;309
262;310
262;311
262;312
262;313
262;314
262;315
262;316
262;317
262;318
262;319
262;320
262;321
262;322
262;323
262;324
262;325
262;326
262;327
262;328
262;329
262;330
262;331
262;332
262;333
262;334
262;335
262;336
262;337
262;338
262;339
262;340
262;341
262;342
262;343
262;344
262;345
262;346
262;347
262;348
262;349
262;351
263;5
263;6
263;7
263;8
263;9
263;10
263;11
263;12
263;13
263;14
263;15
263;16
263;17
263;18
263;19
263;20
263;21
263;22
263;23
263;24
263;25
263;26
263;27
263;28
263;29
263;30
263;31
263;32
263;33
263;34
263;35
263;36
263;37
263;38
263;39
263;40
263;41
263;42
263;43
263;44
263;45
263;46
263;47
263;48
263;49
263;50
263;51
263;52
263;53
263;54
263;55
263;56
263;57
263;58
263;59
263;60
263;61
263;62
263;63
263;64
263;65
263;66
263;67
263;68
263;69
263;70
263;71
263;72
263;73
263;74
263;75
263;76
263;77
263;78
263;79
263;80
263;81
263;82
263;83
263;84
263;85
263;86
263;87
263;88
263;89
263;90
263;91
263;92
263;93
263;94
263;95
263;96
263;97
263;98
263;99
263;100
263;101
263;102
263;103
263;104
263;105
263;106
263;107
263;108
263;109
263;110
263;111
263;112
263;113
263;114
263;115
263;116
263;117
263;118
263;119
263;120
263;121
263;122
263;123
263;124
263;125
263;126
263;127
263;128
263;129
263;130
263;131
263;132
263;133
263;134
263;135
263;136
263;137
263;138
263;139
263;140
263;141
263;142
263;143
263;144
263;145
263;146
263;147
263;148
263;149
263;150
263;151
263;152
263;153
263;154
263;155
263;156
263;157
263;158
263;159
263;160
263;161
263;162
263;163
263;164
263;165
263;166
263;167
263;168
263;169
263;170
263;171
263;172
263;173
263;174
263;175
263;176
263;177
263;178
263;179
263;180
263;181
263;182
263;183
263;184
263;185
263;186
263;187
263;188
263;189
263;190
263;191
263;192
263;193
263;194
263;195
263;196
263;197
263;198
263;199
263;200
263;201
263;202
263;203
263;204
263;205
263;206
263;285
263;286
263;287
263;288
263;289
263;290
263;291
263;292
263;293
263;294
263;295
263;296
263;297
263;298
263;299
263;300
263;301
263;302
263;303
263;304
263;305
263;306
263;307
263;308
263;309
263;310
263;311
263;312
263;313
263;314
263;315
263;316
263;317
263;318
263;319
263;320
263;321
263;322
263;323
263;324
263;325
263;326
263;327
263;328
263;329
263;330
263;331
263;332
263;333
263;334
263;335
263;336
263;337
263;338
263;339
263;340
263;341
263;342
263;343
263;344
263;345
263;346
263;347
263;348
263;349
263;350
263;351
263;352
263;353
264;5
264;6
264;7
264;8
264;9
264;10
264;11
264;12
264;13
264;14
264;15
264;16
264;17
264;18
264;19
264;20
264;21
264;22
264;23
264;24
264;25
264;26
264;27
264;28
264;29
264;30
264;31
264;32
264;33
264;34
264;35
264;36
264;37
264;38
264;39
264;40
264;41
264;42
264;43
264;44
264;45
264;46
264;47
264;48
264;49
264;50
264;51
264;52
264;53
264;54
264;55
264;56
264;57
264;58
264;59
264;60
264;61
264;62
264;63
264;64
264;65
264;66
264;67
264;68
264;69
264;70
264;71
264;72
264;73
264;74
264;75
264;76
264;77
264;78
264;79
264;80
264;81
264;82
264;83
264;84
264;85
264;86
264;87
264;88
264;89
264;90
264;91
264;92
264;93
264;94
264;95
264;96
264;97
264;98
264;99
264;100
264;101
264;102
264;103
264;104
264;105
264;106
264;107
264;108
264;109
264;110
264;111
264;112
264;113
264;114
264;115
264;116
264;117
264;118
264;119
264;120
264;121
264;122
264;123
264;124
264;125
264;126
264;127
264;128
264;129
264;130
264;131
264;132
264;133
264;134
264;135
264;136
264;137
264;138
264;139
264;140
264;141
264;142
264;143
264;144
264;145
264;146
264;147
264;148
264;149
264;150
264;151
264;152
264;153
264;154
264;155
264;156
264;157
264;158
264;159
264;160
264;161
264;162
264;163
264;164
264;165
264;166
264;167
264;168
264;169
264;170
264;171
264;172
264;173
264;174
264;175
264;176
264;177
264;178
264;179
264;180
264;181
264;182
264;183
264;184
264;185
264;186
264;187
264;188
264;189
264;190
264;191
264;192
264;193
264;194
264;195
264;196
264;197
264;198
264;199
264;200
264;201
264;202
264;203
264;204
264;205
264;206
264;283
264;284
264;285
264;286
264;287
264;288
264;289
264;290
264;291
264;292
264;293
264;294
264;295
264;296
264;297
264;298
264;299
264;300
264;301
264;302
264;303
264;304
264;305
264;306
264;307
264;308
264;309
264;310
264;311
264;312
264;313
264;314
264;315
264;316
264;317
264;318
264;319
264;320
264;321
264;322
264;323
264;324
264;325
264;326
264;327
264;328
264;329
264;330
264;331
264;332
264;333
264;334
264;335
264;336
264;337
264;338
264;339
264;340
264;341
264;342
264;343
264;344
264;345
264;346
264;347
264;348
264;349
264;350
264;351
264;352
264;353
264;354
264;355
264;356
264;357
265;5
265;6
265;7
265;8
265;9
265;10
265;11
265;12
265;13
265;14
265;15
265;16
265;17
265;18
265;19
265;20
265;21
265;22
265;23
265;24
265;25
265;26
265;27
265;28
265;29
265;30
265;31
265;32
265;33
265;34
265;35
265;36
265;37
265;38
265;39
265;40
265;41
265;42
265;43
265;44
265;45
265;46
265;47
265;48
265;49
265;50
265;51
265;52
265;53
265;54
265;55
265;56
265;57
265;58
265;59
265;60
265;61
265;62
265;63
265;64
265;65
265;66
265;67
265;68
265;69
265;70
265;71
265;72
265;73
265;74
265;75
265;76
265;77
265;78
265;79
265;80
265;81
265;82
265;83
265;84
265;85
265;86
265;87
265;88
265;89
265;90
265;91
265;92
265;93
265;94
265;95
265;96
265;97
265;98
265;99
265;100
265;101
265;102
265;103
265;104
265;105
265;106
265;107
265;108
265;109
265;110
265;111
265;112
265;113
265;114
265;115
265;116
265;117
265;118
265;119
265;120
265;121
265;122
265;123
265;124
265;125
265;126
265;127
265;128
265;129
265;130
265;131
265;132
265;133
265;134
265;135
265;136
265;137
265;138
265;139
265;140
265;141
265;142
265;143
265;144
265;145
265;146
265;147
265;148
265;149
265;150
265;151
265;152
265;153
265;154
265;155
265;156
265;157
265;158
265;159
265;160
265;161
265;162
265;163
265;164
265;165
265;166
265;167
265;168
265;169
265;170
265;171
265;172
265;173
265;174
265;175
265;176
265;177
265;178
265;179
265;180
265;181
265;182
265;183
265;184
265;185
265;186
265;187
265;188
265;189
265;190
265;191
265;192
265;193
265;194
265;195
265;196
265;197
265;198
265;199
265;200
265;201
265;202
265;203
265;204
265;205
265;206
265;279
265;280
265;281
265;282
265;283
265;284
265;285
265;286
265;287
265;288
265;289
265;290
265;291
265;292
265;293
265;294
265;295
265;296
265;297
265;298
265;299
265;300
265;301
265;302
265;303
265;304
265;305
265;306
265;307
265;308
265;309
265;310
265;311
265;312
265;313
265;314
265;315
265;316
265;317
265;318
265;319
265;320
265;321
265;322
265;323
265;324
265;325
265;326
265;327
265;328
265;329
265;330
265;331
265;332
265;333
265;334
265;335
265;336
265;337
265;338
265;339
265;340
265;341
265;342
265;343
265;344
265;345
265;346
265;347
265;348
265;349
265;350
265;351
265;352
265;353
265;354
265;355
265;356
265;357
265;358
265;359
266;6
266;7
266;8
266;9
266;10
266;11
266;12
266;13
266;14
266;15
266;16
266;17
266;18
266;19
266;20
266;21
266;22
266;23
266;24
266;25
266;26
266;27
266;28
266;29
266;30
266;31
266;32
266;33
266;34
266;35
266;36
266;37
266;38
266;39
266;40
266;41
266;42
266;43
266;44
266;45
266;46
266;47
266;48
266;49
266;50
266;51
266;52
266;53
266;54
266;55
266;56
266;57
266;58
266;59
266;60
266;61
266;62
266;63
266;64
266;65
266;66
266;67
266;68
266;69
266;70
266;71
266;72
266;73
266;74
266;75
266;76
266;77
266;78
266;79
266;80
266;81
266;82
266;83
266;84
266;85
266;86
266;87
266;88
266;89
266;90
266;91
266;92
266;93
266;94
266;95
266;96
266;97
266;98
266;99
266;100
266;101
266;102
266;103
266;104
266;105
266;106
266;107
266;108
266;109
266;110
266;111
266;112
266;113
266;114
266;115
266;116
266;117
266;118
266;119
266;120
266;121
266;122
266;123
266;124
266;125
266;126
266;127
266;128
266;129
266;130
266;131
266;132
266;133
266;134
266;135
266;136
266;137
266;138
266;139
266;140
266;141
266;142
266;143
266;144
266;145
266;146
266;147
266;148
266;149
266;150
266;151
266;152
266;153
266;154
266;155
266;156
266;157
266;158
266;159
266;160
266;161
266;162
266;163
266;164
266;165
266;166
266;167
266;168
266;169
266;170
266;171
266;172
266;173
266;174
266;175
266;176
266;177
266;178
266;179
266;180
266;181
266;182
266;183
266;184
266;185
266;186
266;187
266;188
266;189
266;190
266;191
266;192
266;193
266;194
266;195
266;196
266;197
266;198
266;199
266;200
266;201
266;202
266;203
266;204
266;205
266;206
266;277
266;278
266;279
266;280
266;281
266;282
266;283
266;284
266;285
266;286
266;287
266;288
266;289
266;290
266;291
266;292
266;293
266;294
266;295
266;296
266;297
266;298
266;299
266;300
266;301
266;302
266;303
266;304
266;305
266;306
266;307
266;308
266;309
266;310
266;311
266;312
266;313
266;314
266;315
266;316
266;317
266;318
266;319
266;320
266;321
266;322
266;323
266;324
266;325
266;326
266;327
266;328
266;329
266;330
266;331
266;332
266;333
266;334
266;335
266;336
266;337
266;338
266;339
266;340
266;341
266;342
266;343
266;344
266;345
266;346
266;347
266;348
266;349
266;350
266;351
266;352
266;353
266;354
266;355
266;356
266;357
266;358
266;359
266;360
266;361
266;363
267;6
267;7
267;8
267;9
267;10
267;11
267;12
267;13
267;14
267;15
267;16
267;17
267;18
267;19
267;20
267;21
267;22
267;23
267;24
267;25
267;26
267;27
267;28
267;29
267;30
267;31
267;32
267;33
267;34
267;35
267;36
267;37
267;38
267;39
267;40
267;41
267;42
267;43
267;44
267;45
267;46
267;47
267;48
267;49
267;50
267;51
267;52
267;53
267;54
267;55
267;56
267;57
267;58
267;59
267;60
267;61
267;62
267;63
267;64
267;65
267;66
267;67
267;68
267;69
267;70
267;71
267;72
267;73
267;74
267;75
267;76
267;77
267;78
267;79
267;80
267;81
267;82
267;83
267;84
267;85
267;86
267;87
267;88
267;89
267;90
267;91
267;92
267;93
267;94
267;95
267;96
267;97
267;98
267;99
267;100
267;101
267;102
267;103
267;104
267;105
267;106
267;107
267;108
267;109
267;110
267;111
267;112
267;113
267;114
267;115
267;116
267;117
267;118
267;119
267;120
267;121
267;122
267;123
267;124
267;125
267;126
267;127
267;128
267;129
267;130
267;131
267;132
267;133
267;134
267;135
267;136
267;137
267;138
267;139
267;140
267;141
267;142
267;143
267;144
267;145
267;146
267;147
267;148
267;149
267;150
267;151
267;152
267;153
267;154
267;155
267;156
267;157
267;158
267;159
267;160
267;161
267;162
267;163
267;164
267;165
267;166
267;167
267;168
267;169
267;170
267;171
267;172
267;173
267;174
267;175
267;176
267;177
267;178
267;179
267;180
267;181
267;182
267;183
267;184
267;185
267;186
267;187
267;188
267;189
267;190
267;191
267;192
267;193
267;194
267;195
267;196
267;197
267;198
267;199
267;200
267;201
267;202
267;203
267;204
267;205
267;275
267;276
267;277
267;278
267;279
267;280
267;281
267;282
267;283
267;284
267;285
267;286
267;287
267;288
267;289
267;290
267;291
267;292
267;293
267;294
267;295
267;296
267;297
267;298
267;299
267;300
267;301
267;302
267;303
267;304
267;305
267;306
267;307
267;308
267;309
267;310
267;311
267;312
267;313
267;314
267;315
267;316
267;317
267;318
267;319
267;320
267;321
267;322
267;323
267;324
267;325
267;326
267;327
267;328
267;329
267;330
267;331
267;332
267;333
267;334
267;335
267;336
267;337
267;338
267;339
267;340
267;341
267;342
267;343
267;344
267;345
267;346
267;347
267;348
267;349
267;350
267;351
267;352
267;353
267;354
267;355
267;356
267;357
267;358
267;359
267;360
267;361
267;362
267;363
267;364
267;365
268;6
268;7
268;8
268;9
268;10
268;11
268;12
268;13
268;14
268;15
268;16
268;17
268;18
268;19
268;20
268;21
268;22
268;23
268;24
268;25
268;26
268;27
268;28
268;29
268;30
268;31
268;32
268;33
268;34
268;35
268;36
268;37
268;38
268;39
268;40
268;41
268;42
268;43
268;44
268;45
268;46
268;47
268;48
268;49
268;50
268;51
268;52
268;53
268;54
268;55
268;56
268;57
268;58
268;59
268;60
268;61
268;62
268;63
268;64
268;65
268;66
268;67
268;68
268;69
268;70
268;71
268;72
268;73
268;74
268;75
268;76
268;77
268;78
268;79
268;80
268;81
268;82
268;83
268;84
268;85
268;86
268;87
268;88
268;89
268;90
268;91
268;92
268;93
268;94
268;95
268;96
268;97
268;98
268;99
268;100
268;101
268;102
268;103
268;104
268;105
268;106
268;107
268;108
268;109
268;110
268;111
268;112
268;113
268;114
268;115
268;116
268;117
268;118
268;119
268;120
268;121
268;122
268;123
268;124
268;125
268;126
268;127
268;128
268;129
268;130
268;131
268;132
268;133
268;134
268;135
268;136
268;137
268;138
268;139
268;140
268;141
268;142
268;143
268;144
268;145
268;146
268;147
268;148
268;149
268;150
268;151
268;152
268;153
268;154
268;155
268;156
268;157
268;158
268;159
268;160
268;161
268;162
268;163
268;164
268;165
268;166
268;167
268;168
268;169
268;170
268;171
268;172
268;173
268;174
268;175
268;176
268;177
268;178
268;179
268;180
268;181
268;182
268;183
268;184
268;185
268;186
268;187
268;188
268;189
268;190
268;191
268;192
268;193
268;194
268;195
268;196
268;197
268;198
268;199
268;200
268;201
268;202
268;203
268;204
268;205
268;273
268;274
268;275
268;276
268;277
268;278
268;279
268;280
268;281
268;282
268;283
268;284
268;285
268;286
268;287
268;288
268;289
268;290
268;291
268;292
268;293
268;294
268;295
268;296
268;297
268;298
268;299
268;300
268;301
268;302
268;303
268;304
268;305
268;306
268;307
268;308
268;309
268;310
268;311
268;312
268;313
268;314
268;315
268;316
268;317
268;318
268;319
268;320
268;321
268;322
268;323
268;324
268;325
268;326
268;327
268;328
268;329
268;330
268;331
268;332
268;333
268;334
268;335
268;336
268;337
268;338
268;339
268;340
268;341
268;342
268;343
268;344
268;345
268;346
268;347
268;348
268;349
268;350
268;351
268;352
268;353
268;354
268;355
268;356
268;357
268;358
268;359
268;360
268;361
268;362
268;363
268;364
268;365
268;366
268;367
269;7
269;8
269;9
269;10
269;11
269;12
269;13
269;14
269;15
269;16
269;17
269;18
269;19
269;20
269;21
269;22
269;23
269;24
269;25
269;26
269;27
269;28
269;29
269;30
269;31
269;32
269;33
269;34
269;35
269;36
269;37
269;38
269;39
269;40
269;41
269;42
269;43
269;44
269;45
269;46
269;47
269;48
269;49
269;50
269;51
269;52
269;53
269;54
269;55
269;56
269;57
269;58
269;59
269;60
269;61
269;62
269;63
269;64
269;65
269;66
269;67
269;68
269;69
269;70
269;71
269;72
269;73
269;74
269;75
269;76
269;77
269;78
269;79
269;80
269;81
269;82
269;83
269;84
269;85
269;86
269;87
269;88
269;89
269;90
269;91
269;92
269;93
269;94
269;95
269;96
269;97
269;98
269;99
269;100
269;101
269;102
269;103
269;104
269;105
269;106
269;107
269;108
269;109
269;110
269;111
269;112
269;113
269;114
269;115
269;116
269;117
269;118
269;119
269;120
269;121
269;122
269;123
269;124
269;125
269;126
269;127
269;128
269;129
269;130
269;131
269;132
269;133
269;134
269;135
269;136
269;137
269;138
269;139
269;140
269;141
269;142
269;143
269;144
269;145
269;146
269;147
269;148
269;149
269;150
269;151
269;152
269;153
269;154
269;155
269;156
269;157
269;158
269;159
269;160
269;161
269;162
269;163
269;164
269;165
269;166
269;167
269;168
269;169
269;170
269;171
269;172
269;173
269;174
269;175
269;176
269;177
269;178
269;179
269;180
269;181
269;182
269;183
269;184
269;185
269;186
269;187
269;188
269;189
269;190
269;191
269;192
269;193
269;194
269;195
269;196
269;197
269;198
269;199
269;200
269;201
269;202
269;203
269;204
269;271
269;272
269;273
269;274
269;275
269;276
269;277
269;278
269;279
269;280
269;281
269;282
269;283
269;284
269;285
269;286
269;287
269;288
269;289
269;290
269;291
269;292
269;293
269;294
269;295
269;296
269;297
269;298
269;299
269;300
269;301
269;302
269;303
269;304
269;305
269;306
269;307
269;308
269;309
269;310
269;311
269;312
269;313
269;314
269;315
269;316
269;317
269;318
269;319
269;320
269;321
269;322
269;323
269;324
269;325
269;326
269;327
269;328
269;329
269;330
269;331
269;332
269;333
269;334
269;335
269;336
269;337
269;338
269;339
269;340
269;341
269;342
269;343
269;344
269;345
269;346
269;347
269;348
269;349
269;350
269;351
269;352
269;353
269;354
269;355
269;356
269;357
269;358
269;359
269;360
269;361
269;362
269;363
269;364
269;365
269;366
269;367
269;368
269;369
270;7
270;8
270;9
270;10
270;11
270;12
270;13
270;14
270;15
270;16
270;17
270;18
270;19
270;20
270;21
270;22
270;23
270;24
270;25
270;26
270;27
270;28
270;29
270;30
270;31
270;32
270;33
270;34
270;35
270;36
270;37
270;38
270;39
270;40
270;41
270;42
270;43
270;44
270;45
270;46
270;47
270;48
270;49
270;50
270;51
270;52
270;53
270;54
270;55
270;56
270;57
270;58
270;59
270;60
270;61
270;62
270;63
270;64
270;65
270;66
270;67
270;68
270;69
270;70
270;71
270;72
270;73
270;74
270;75
270;76
270;77
270;78
270;79
270;80
270;81
270;82
270;83
270;84
270;85
270;86
270;87
270;88
270;89
270;90
270;91
270;92
270;93
270;94
270;95
270;96
270;97
270;98
270;99
270;100
270;101
270;102
270;103
270;104
270;105
270;106
270;107
270;108
270;109
270;110
270;111
270;112
270;113
270;114
270;115
270;116
270;117
270;118
270;119
270;120
270;121
270;122
270;123
270;124
270;125
270;126
270;127
270;128
270;129
270;130
270;131
270;132
270;133
270;134
270;135
270;136
270;137
270;138
270;139
270;140
270;141
270;142
270;143
270;144
270;145
270;146
270;147
270;148
270;149
270;150
270;151
270;152
270;153
270;154
270;155
270;156
270;157
270;158
270;159
270;160
270;161
270;162
270;163
270;164
270;165
270;166
270;167
270;168
270;169
270;170
270;171
270;172
270;173
270;174
270;175
270;176
270;177
270;178
270;179
270;180
270;181
270;182
270;183
270;184
270;185
270;186
270;187
270;188
270;189
270;190
270;191
270;192
270;193
270;194
270;195
270;196
270;197
270;198
270;199
270;200
270;201
270;202
270;203
270;204
270;269
270;270
270;271
270;272
270;273
270;274
270;275
270;276
270;277
270;278
270;279
270;280
270;281
270;282
270;283
270;284
270;285
270;286
270;287
270;288
270;289
270;290
270;291
270;292
270;293
270;294
270;295
270;296
270;297
270;298
270;299
270;300
270;301
270;302
270;303
270;304
270;305
270;306
270;307
270;308
270;309
270;310
270;311
270;312
270;313
270;314
270;315
270;316
270;317
270;318
270;319
270;320
270;321
270;322
270;323
270;324
270;325
270;326
270;327
270;328
270;329
270;330
270;331
270;332
270;333
270;334
270;335
270;336
270;337
270;338
270;339
270;340
270;341
270;342
270;343
270;344
270;345
270;346
270;347
270;348
270;349
270;350
270;351
270;352
270;353
270;354
270;355
270;356
270;357
270;358
270;359
270;360
270;361
270;362
270;363
270;364
270;365
270;366
270;367
270;368
270;369
270;370
270;371
271;7
271;8
271;9
271;10
271;11
271;12
271;13
271;14
271;15
271;16
271;17
271;18
271;19
271;20
271;21
271;22
271;23
271;24
271;25
271;26
271;27
271;28
271;29
271;30
271;31
271;32
271;33
271;34
271;35
271;36
271;37
271;38
271;39
271;40
271;41
271;42
271;43
271;44
271;45
271;46
271;47
271;48
271;49
271;50
271;51
271;52
271;53
271;54
271;55
271;56
271;57
271;58
271;59
271;60
271;61
271;62
271;63
271;64
271;65
271;66
271;67
271;68
271;69
271;70
271;71
271;72
271;73
271;74
271;75
271;76
271;77
271;78
271;79
271;80
271;81
271;82
271;83
271;84
271;85
271;86
271;87
271;88
271;89
271;90
271;91
271;92
271;93
271;94
271;95
271;96
271;97
271;98
271;99
271;100
271;101
271;102
271;103
271;104
271;105
271;106
271;107
271;108
271;109
271;110
271;111
271;112
271;113
271;114
271;115
271;116
271;117
271;118
271;119
271;120
271;121
271;122
271;123
271;124
271;125
271;126
271;127
271;128
271;129
271;130
271;131
271;132
271;133
271;134
271;135
271;136
271;137
271;138
271;139
271;140
271;141
271;142
271;143
271;144
271;145
271;146
271;147
271;148
271;149
271;150
271;151
271;152
271;153
271;154
271;155
271;156
271;157
271;158
271;159
271;160
271;161
271;162
271;163
271;164
271;165
271;166
271;167
271;168
271;169
271;170
271;171
271;172
271;173
271;174
271;175
271;176
271;177
271;178
271;179
271;180
271;181
271;182
271;183
271;184
271;185
271;186
271;187
271;188
271;189
271;190
271;191
271;192
271;193
271;194
271;195
271;196
271;197
271;198
271;199
271;200
271;201
271;202
271;203
271;204
271;267
271;268
271;269
271;270
271;271
271;272
271;273
271;274
271;275
271;276
271;277
271;278
271;279
271;280
271;281
271;282
271;283
271;284
271;285
271;286
271;287
271;288
271;289
271;290
271;291
271;292
271;293
271;294
271;295
271;296
271;297
271;298
271;299
271;300
271;301
271;302
271;303
271;304
271;305
271;306
271;307
271;308
271;309
271;310
271;311
271;312
271;313
271;314
271;315
271;316
271;317
271;318
271;319
271;320
271;321
271;322
271;323
271;324
271;325
271;326
271;327
271;328
271;329
271;330
271;331
271;332
271;333
271;334
271;335
271;336
271;337
271;338
271;339
271;340
271;341
271;342
271;343
271;344
271;345
271;346
271;347
271;348
271;349
271;350
271;351
271;352
271;353
271;354
271;355
271;356
271;357
271;358
271;359
271;360
271;361
271;362
271;363
271;364
271;365
271;366
271;367
271;368
271;369
271;370
271;371
271;372
271;373
272;8
272;9
272;10
272;11
272;12
272;13
272;14
272;15
272;16
272;17
272;18
272;19
272;20
272;21
272;22
272;23
272;24
272;25
272;26
272;27
272;28
272;29
272;30
272;31
272;32
272;33
272;34
272;35
272;36
272;37
272;38
272;39
272;40
272;41
272;42
272;43
272;44
272;45
272;46
272;47
272;48
272;49
272;50
272;51
272;52
272;53
272;54
272;55
272;56
272;57
272;58
272;59
272;60
272;61
272;62
272;63
272;64
272;65
272;66
272;67
272;68
272;69
272;70
272;71
272;72
272;73
272;74
272;75
272;76
272;77
272;78
272;79
272;80
272;81
272;82
272;83
272;84
272;85
272;86
272;87
272;88
272;89
272;90
272;91
272;92
272;93
272;94
272;95
272;96
272;97
272;98
272;99
272;100
272;101
272;102
272;103
272;104
272;105
272;106
272;107
272;108
272;109
272;110
272;111
272;112
272;113
272;114
272;115
272;116
272;117
272;118
272;119
272;120
272;121
272;122
272;123
272;124
272;125
272;126
272;127
272;128
272;129
272;130
272;131
272;132
272;133
272;134
272;135
272;136
272;137
272;138
272;139
272;140
272;141
272;142
272;143
272;144
272;145
272;146
272;147
272;148
272;149
272;150
272;151
272;152
272;153
272;154
272;155
272;156
272;157
272;158
272;159
272;160
272;161
272;162
272;163
272;164
272;165
272;166
272;167
272;168
272;169
272;170
272;171
272;172
272;173
272;174
272;175
272;176
272;177
272;178
272;179
272;180
272;181
272;182
272;183
272;184
272;185
272;186
272;187
272;188
272;189
272;190
272;191
272;192
272;193
272;194
272;195
272;196
272;197
272;198
272;199
272;200
272;201
272;202
272;203
272;265
272;266
272;267
272;268
272;269
272;270
272;271
272;272
272;273
272;274
272;275
272;276
272;277
272;278
272;279
272;280
272;281
272;282
272;283
272;284
272;285
272;286
272;287
272;288
272;289
272;290
272;291
272;292
272;293
272;294
272;295
272;296
272;297
272;298
272;299
272;300
272;301
272;302
272;303
272;304
272;305
272;306
272;307
272;308
272;309
272;310
272;311
272;312
272;313
272;314
272;315
272;316
272;317
272;318
272;319
272;320
272;321
272;322
272;323
272;324
272;325
272;326
272;327
272;328
272;329
272;330
272;331
272;332
272;333
272;334
272;335
272;336
272;337
272;338
272;339
272;340
272;341
272;342
272;343
272;344
272;345
272;346
272;347
272;348
272;349
272;350
272;351
272;352
272;353
272;354
272;355
272;356
272;357
272;358
272;359
272;360
272;361
272;362
272;363
272;364
272;365
272;366
272;367
272;368
272;369
272;370
272;371
272;372
272;373
272;374
272;375
273;8
273;9
273;10
273;11
273;12
273;13
273;14
273;15
273;16
273;17
273;18
273;19
273;20
273;21
273;22
273;23
273;24
273;25
273;26
273;27
273;28
273;29
273;30
273;31
273;32
273;33
273;34
273;35
273;36
273;37
273;38
273;39
273;40
273;41
273;42
273;43
273;44
273;45
273;46
273;47
273;48
273;49
273;50
273;51
273;52
273;53
273;54
273;55
273;56
273;57
273;58
273;59
273;60
273;61
273;62
273;63
273;64
273;65
273;66
273;67
273;68
273;69
273;70
273;71
273;72
273;73
273;74
273;75
273;76
273;77
273;78
273;79
273;80
273;81
273;82
273;83
273;84
273;85
273;86
273;87
273;88
273;89
273;90
273;91
273;92
273;93
273;94
273;95
273;96
273;97
273;98
273;99
273;100
273;101
273;102
273;103
273;104
273;105
273;106
273;107
273;108
273;109
273;110
273;111
273;112
273;113
273;114
273;115
273;116
273;117
273;118
273;119
273;120
273;121
273;122
273;123
273;124
273;125
273;126
273;127
273;128
273;129
273;130
273;131
273;132
273;133
273;134
273;135
273;136
273;137
273;138
273;139
273;140
273;141
273;142
273;143
273;144
273;145
273;146
273;147
273;148
273;149
273;150
273;151
273;152
273;153
273;154
273;155
273;156
273;157
273;158
273;159
273;160
273;161
273;162
273;163
273;164
273;165
273;166
273;167
273;168
273;169
273;170
273;171
273;172
273;173
273;174
273;175
273;176
273;177
273;178
273;179
273;180
273;181
273;182
273;183
273;184
273;185
273;186
273;187
273;188
273;189
273;190
273;191
273;192
273;193
273;194
273;195
273;196
273;197
273;198
273;199
273;200
273;201
273;202
273;203
273;263
273;264
273;265
273;266
273;267
273;268
273;269
273;270
273;271
273;272
273;273
273;274
273;275
273;276
273;277
273;278
273;279
273;280
273;281
273;282
273;283
273;284
273;285
273;286
273;287
273;288
273;289
273;290
273;291
273;292
273;293
273;294
273;295
273;296
273;297
273;298
273;299
273;300
273;301
273;302
273;303
273;304
273;305
273;306
273;307
273;308
273;309
273;310
273;311
273;312
273;313
273;314
273;315
273;316
273;317
273;318
273;319
273;320
273;321
273;322
273;323
273;324
273;325
273;326
273;327
273;328
273;329
273;330
273;331
273;332
273;333
273;334
273;335
273;336
273;337
273;338
273;339
273;340
273;341
273;342
273;343
273;344
273;345
273;346
273;347
273;348
273;349
273;350
273;351
273;352
273;353
273;354
273;355
273;356
273;357
273;358
273;359
273;360
273;361
273;362
273;363
273;364
273;365
273;366
273;367
273;368
273;369
273;370
273;371
273;372
273;373
273;374
273;375
273;376
273;377
274;8
274;9
274;10
274;11
274;12
274;13
274;14
274;15
274;16
274;17
274;18
274;19
274;20
274;21
274;22
274;23
274;24
274;25
274;26
274;27
274;28
274;29
274;30
274;31
274;32
274;33
274;34
274;35
274;36
274;37
274;38
274;39
274;40
274;41
274;42
274;43
274;44
274;45
274;46
274;47
274;48
274;49
274;50
274;51
274;52
274;53
274;54
274;55
274;56
274;57
274;58
274;59
274;60
274;61
274;62
274;63
274;64
274;65
274;66
274;67
274;68
274;69
274;70
274;71
274;72
274;73
274;74
274;75
274;76
274;77
274;78
274;79
274;80
274;81
274;82
274;83
274;84
274;85
274;86
274;87
274;88
274;89
274;90
274;91
274;92
274;93
274;94
274;95
274;96
274;97
274;98
274;99
274;100
274;101
274;102
274;103
274;104
274;105
274;106
274;107
274;108
274;109
274;110
274;111
274;112
274;113
274;114
274;115
274;116
274;117
274;118
274;119
274;120
274;121
274;122
274;123
274;124
274;125
274;126
274;127
274;128
274;129
274;130
274;131
274;132
274;133
274;134
274;135
274;136
274;137
274;138
274;139
274;140
274;141
274;142
274;143
274;144
274;145
274;146
274;147
274;148
274;149
274;150
274;151
274;152
274;153
274;154
274;155
274;156
274;157
274;158
274;159
274;160
274;161
274;162
274;163
274;164
274;165
274;166
274;167
274;168
274;169
274;170
274;171
274;172
274;173
274;174
274;175
274;176
274;177
274;178
274;179
274;180
274;181
274;182
274;183
274;184
274;185
274;186
274;187
274;188
274;189
274;190
274;191
274;192
274;193
274;194
274;195
274;196
274;197
274;198
274;199
274;200
274;201
274;202
274;261
274;262
274;263
274;264
274;265
274;266
274;267
274;268
274;269
274;270
274;271
274;272
274;273
274;274
274;275
274;276
274;277
274;278
274;279
274;280
274;281
274;282
274;283
274;284
274;285
274;286
274;287
274;288
274;289
274;290
274;291
274;292
274;293
274;294
274;295
274;296
274;297
274;298
274;299
274;300
274;301
274;302
274;303
274;304
274;305
274;306
274;307
274;308
274;309
274;310
274;311
274;312
274;313
274;314
274;315
274;316
274;317
274;318
274;319
274;320
274;321
274;322
274;323
274;324
274;325
274;326
274;327
274;328
274;329
274;330
274;331
274;332
274;333
274;334
274;335
274;336
274;337
274;338
274;339
274;340
274;341
274;342
274;343
274;344
274;345
274;346
274;347
274;348
274;349
274;350
274;351
274;352
274;353
274;354
274;355
274;356
274;357
274;358
274;359
274;360
274;361
274;362
274;363
274;364
274;365
274;366
274;367
274;368
274;369
274;370
274;371
274;372
274;373
274;374
274;375
274;376
274;377
274;378
274;379
275;9
275;10
275;11
275;12
275;13
275;14
275;15
275;16
275;17
275;18
275;19
275;20
275;21
275;22
275;23
275;24
275;25
275;26
275;27
275;28
275;29
275;30
275;31
275;32
275;33
275;34
275;35
275;36
275;37
275;38
275;39
275;40
275;41
275;42
275;43
275;44
275;45
275;46
275;47
275;48
275;49
275;50
275;51
275;52
275;53
275;54
275;55
275;56
275;57
275;58
275;59
275;60
275;61
275;62
275;63
275;64
275;65
275;66
275;67
275;68
275;69
275;70
275;71
275;72
275;73
275;74
275;75
275;76
275;77
275;78
275;79
275;80
275;81
275;82
275;83
275;84
275;85
275;86
275;87
275;88
275;89
275;90
275;91
275;92
275;93
275;94
275;95
275;96
275;97
275;98
275;99
275;100
275;101
275;102
275;103
275;104
275;105
275;106
275;107
275;108
275;109
275;110
275;111
275;112
275;113
275;114
275;115
275;116
275;117
275;118
275;119
275;120
275;121
275;122
275;123
275;124
275;125
275;126
275;127
275;128
275;129
275;130
275;131
275;132
275;133
275;134
275;135
275;136
275;137
275;138
275;139
275;140
275;141
275;142
275;143
275;144
275;145
275;146
275;147
275;148
275;149
275;150
275;151
275;152
275;153
275;154
275;155
275;156
275;157
275;158
275;159
275;160
275;161
275;162
275;163
275;164
275;165
275;166
275;167
275;168
275;169
275;170
275;171
275;172
275;173
275;174
275;175
275;176
275;177
275;178
275;179
275;180
275;181
275;182
275;183
275;184
275;185
275;186
275;187
275;188
275;189
275;190
275;191
275;192
275;193
275;194
275;195
275;196
275;197
275;198
275;199
275;200
275;201
275;202
275;259
275;260
275;261
275;262
275;263
275;264
275;265
275;266
275;267
275;268
275;269
275;270
275;271
275;272
275;273
275;274
275;275
275;276
275;277
275;278
275;279
275;280
275;281
275;282
275;283
275;284
275;285
275;286
275;287
275;288
275;289
275;290
275;291
275;292
275;293
275;294
275;295
275;296
275;297
275;298
275;299
275;300
275;301
275;302
275;303
275;304
275;305
275;306
275;307
275;308
275;309
275;310
275;311
275;312
275;313
275;314
275;315
275;316
275;317
275;318
275;319
275;320
275;321
275;322
275;323
275;324
275;325
275;326
275;327
275;328
275;329
275;330
275;331
275;332
275;333
275;334
275;335
275;336
275;337
275;338
275;339
275;340
275;341
275;342
275;343
275;344
275;345
275;346
275;347
275;348
275;349
275;350
275;351
275;352
275;353
275;354
275;355
275;356
275;357
275;358
275;359
275;360
275;361
275;362
275;363
275;364
275;365
275;366
275;367
275;368
275;369
275;370
275;371
275;372
275;373
275;374
275;375
275;376
275;377
275;378
275;379
276;10
276;11
276;12
276;13
276;14
276;15
276;16
276;17
276;18
276;19
276;20
276;21
276;22
276;23
276;24
276;25
276;26
276;27
276;28
276;29
276;30
276;31
276;32
276;33
276;34
276;35
276;36
276;37
276;38
276;39
276;40
276;41
276;42
276;43
276;44
276;45
276;46
276;47
276;48
276;49
276;50
276;51
276;52
276;53
276;54
276;55
276;56
276;57
276;58
276;59
276;60
276;61
276;62
276;63
276;64
276;65
276;66
276;67
276;68
276;69
276;70
276;71
276;72
276;73
276;74
276;75
276;76
276;77
276;78
276;79
276;80
276;81
276;82
276;83
276;84
276;85
276;86
276;87
276;88
276;89
276;90
276;91
276;92
276;93
276;94
276;95
276;96
276;97
276;98
276;99
276;100
276;101
276;102
276;103
276;104
276;105
276;106
276;107
276;108
276;109
276;110
276;111
276;112
276;113
276;114
276;115
276;116
276;117
276;118
276;119
276;120
276;121
276;122
276;123
276;124
276;125
276;126
276;127
276;128
276;129
276;130
276;131
276;132
276;133
276;134
276;135
276;136
276;137
276;138
276;139
276;140
276;141
276;142
276;143
276;144
276;145
276;146
276;147
276;148
276;149
276;150
276;151
276;152
276;153
276;154
276;155
276;156
276;157
276;158
276;159
276;160
276;161
276;162
276;163
276;164
276;165
276;166
276;167
276;168
276;169
276;170
276;171
276;172
276;173
276;174
276;175
276;176
276;177
276;178
276;179
276;180
276;181
276;182
276;183
276;184
276;185
276;186
276;187
276;188
276;189
276;190
276;191
276;192
276;193
276;194
276;195
276;196
276;197
276;198
276;199
276;200
276;201
276;202
276;257
276;258
276;259
276;260
276;261
276;262
276;263
276;264
276;265
276;266
276;267
276;268
276;269
276;270
276;271
276;272
276;273
276;274
276;275
276;276
276;277
276;278
276;279
276;280
276;281
276;282
276;283
276;284
276;285
276;286
276;287
276;288
276;289
276;290
276;291
276;292
276;293
276;294
276;295
276;296
276;297
276;298
276;299
276;300
276;301
276;302
276;303
276;304
276;305
276;306
276;307
276;308
276;309
276;310
276;311
276;312
276;313
276;314
276;315
276;316
276;317
276;318
276;319
276;320
276;321
276;322
276;323
276;324
276;325
276;326
276;327
276;328
276;329
276;330
276;331
276;332
276;333
276;334
276;335
276;336
276;337
276;338
276;339
276;340
276;341
276;342
276;343
276;344
276;345
276;346
276;347
276;348
276;349
276;350
276;351
276;352
276;353
276;354
276;355
276;356
276;357
276;358
276;359
276;360
276;361
276;362
276;363
276;364
276;365
276;366
276;367
276;368
276;369
276;370
276;371
276;372
276;373
276;374
276;375
276;376
276;377
276;378
276;379
276;380
276;381
277;10
277;11
277;12
277;13
277;14
277;15
277;16
277;17
277;18
277;19
277;20
277;21
277;22
277;23
277;24
277;25
277;26
277;27
277;28
277;29
277;30
277;31
277;32
277;33
277;34
277;35
277;36
277;37
277;38
277;39
277;40
277;41
277;42
277;43
277;44
277;45
277;46
277;47
277;48
277;49
277;50
277;51
277;52
277;53
277;54
277;55
277;56
277;57
277;58
277;59
277;60
277;61
277;62
277;63
277;64
277;65
277;66
277;67
277;68
277;69
277;70
277;71
277;72
277;73
277;74
277;75
277;76
277;77
277;78
277;79
277;80
277;81
277;82
277;83
277;84
277;85
277;86
277;87
277;88
277;89
277;90
277;91
277;92
277;93
277;94
277;95
277;96
277;97
277;98
277;99
277;100
277;101
277;102
277;103
277;104
277;105
277;106
277;107
277;108
277;109
277;110
277;111
277;112
277;113
277;114
277;115
277;116
277;117
277;118
277;119
277;120
277;121
277;122
277;123
277;124
277;125
277;126
277;127
277;128
277;129
277;130
277;131
277;132
277;133
277;134
277;135
277;136
277;137
277;138
277;139
277;140
277;141
277;142
277;143
277;144
277;145
277;146
277;147
277;148
277;149
277;150
277;151
277;152
277;153
277;154
277;155
277;156
277;157
277;158
277;159
277;160
277;161
277;162
277;163
277;164
277;165
277;166
277;167
277;168
277;169
277;170
277;171
277;172
277;173
277;174
277;175
277;176
277;177
277;178
277;179
277;180
277;181
277;182
277;183
277;184
277;185
277;186
277;187
277;188
277;189
277;190
277;191
277;192
277;193
277;194
277;195
277;196
277;197
277;198
277;199
277;200
277;201
277;257
277;258
277;259
277;260
277;261
277;262
277;263
277;264
277;265
277;266
277;267
277;268
277;269
277;270
277;271
277;272
277;273
277;274
277;275
277;276
277;277
277;278
277;279
277;280
277;281
277;282
277;283
277;284
277;285
277;286
277;287
277;288
277;289
277;290
277;291
277;292
277;293
277;294
277;295
277;296
277;297
277;298
277;299
277;300
277;301
277;302
277;303
277;304
277;305
277;306
277;307
277;308
277;309
277;310
277;311
277;312
277;313
277;314
277;315
277;316
277;317
277;318
277;319
277;320
277;321
277;322
277;323
277;324
277;325
277;326
277;327
277;328
277;329
277;330
277;331
277;332
277;333
277;334
277;335
277;336
277;337
277;338
277;339
277;340
277;341
277;342
277;343
277;344
277;345
277;346
277;347
277;348
277;349
277;350
277;351
277;352
277;353
277;354
277;355
277;356
277;357
277;358
277;359
277;360
277;361
277;362
277;363
277;364
277;365
277;366
277;367
277;368
277;369
277;370
277;371
277;372
277;373
277;374
277;375
277;376
277;377
277;378
277;379
277;380
277;381
277;382
277;383
278;10
278;11
278;12
278;13
278;14
278;15
278;16
278;17
278;18
278;19
278;20
278;21
278;22
278;23
278;24
278;25
278;26
278;27
278;28
278;29
278;30
278;31
278;32
278;33
278;34
278;35
278;36
278;37
278;38
278;39
278;40
278;41
278;42
278;43
278;44
278;45
278;46
278;47
278;48
278;49
278;50
278;51
278;52
278;53
278;54
278;55
278;56
278;57
278;58
278;59
278;60
278;61
278;62
278;63
278;64
278;65
278;66
278;67
278;68
278;69
278;70
278;71
278;72
278;73
278;74
278;75
278;76
278;77
278;78
278;79
278;80
278;81
278;82
278;83
278;84
278;85
278;86
278;87
278;88
278;89
278;90
278;91
278;92
278;93
278;94
278;95
278;96
278;97
278;98
278;99
278;100
278;101
278;102
278;103
278;104
278;105
278;106
278;107
278;108
278;109
278;110
278;111
278;112
278;113
278;114
278;115
278;116
278;117
278;118
278;119
278;120
278;121
278;122
278;123
278;124
278;125
278;126
278;127
278;128
278;129
278;130
278;131
278;132
278;133
278;134
278;135
278;136
278;137
278;138
278;139
278;140
278;141
278;142
278;143
278;144
278;145
278;146
278;147
278;148
278;149
278;150
278;151
278;152
278;153
278;154
278;155
278;156
278;157
278;158
278;159
278;160
278;161
278;162
278;163
278;164
278;165
278;166
278;167
278;168
278;169
278;170
278;171
278;172
278;173
278;174
278;175
278;176
278;177
278;178
278;179
278;180
278;181
278;182
278;183
278;184
278;185
278;186
278;187
278;188
278;189
278;190
278;191
278;192
278;193
278;194
278;195
278;196
278;197
278;198
278;199
278;200
278;201
278;255
278;256
278;257
278;258
278;259
278;260
278;261
278;262
278;263
278;264
278;265
278;266
278;267
278;268
278;269
278;270
278;271
278;272
278;273
278;274
278;275
278;276
278;277
278;278
278;279
278;280
278;281
278;282
278;283
278;284
278;285
278;286
278;287
278;288
278;289
278;290
278;291
278;292
278;293
278;294
278;295
278;296
278;297
278;298
278;299
278;300
278;301
278;302
278;303
278;304
278;305
278;306
278;307
278;308
278;309
278;310
278;311
278;312
278;313
278;314
278;315
278;316
278;317
278;318
278;319
278;320
278;321
278;322
278;323
278;324
278;325
278;326
278;327
278;328
278;329
278;330
278;331
278;332
278;333
278;334
278;335
278;336
278;337
278;338
278;339
278;340
278;341
278;342
278;343
278;344
278;345
278;346
278;347
278;348
278;349
278;350
278;351
278;352
278;353
278;354
278;355
278;356
278;357
278;358
278;359
278;360
278;361
278;362
278;363
278;364
278;365
278;366
278;367
278;368
278;369
278;370
278;371
278;372
278;373
278;374
278;375
278;376
278;377
278;378
278;379
278;380
278;381
278;382
278;383
278;384
278;385
279;11
279;12
279;13
279;14
279;15
279;16
279;17
279;18
279;19
279;20
279;21
279;22
279;23
279;24
279;25
279;26
279;27
279;28
279;29
279;30
279;31
279;32
279;33
279;34
279;35
279;36
279;37
279;38
279;39
279;40
279;41
279;42
279;43
279;44
279;45
279;46
279;47
279;48
279;49
279;50
279;51
279;52
279;53
279;54
279;55
279;56
279;57
279;58
279;59
279;60
279;61
279;62
279;63
279;64
279;65
279;66
279;67
279;68
279;69
279;70
279;71
279;72
279;73
279;74
279;75
279;76
279;77
279;78
279;79
279;80
279;81
279;82
279;83
279;84
279;85
279;86
279;87
279;88
279;89
279;90
279;91
279;92
279;93
279;94
279;95
279;96
279;97
279;98
279;99
279;100
279;101
279;102
279;103
279;104
279;105
279;106
279;107
279;108
279;109
279;110
279;111
279;112
279;113
279;114
279;115
279;116
279;117
279;118
279;119
279;120
279;121
279;122
279;123
279;124
279;125
279;126
279;127
279;128
279;129
279;130
279;131
279;132
279;133
279;134
279;135
279;136
279;137
279;138
279;139
279;140
279;141
279;142
279;143
279;144
279;145
279;146
279;147
279;148
279;149
279;150
279;151
279;152
279;153
279;154
279;155
279;156
279;157
279;158
279;159
279;160
279;161
279;162
279;163
279;164
279;165
279;166
279;167
279;168
279;169
279;170
279;171
279;172
279;173
279;174
279;175
279;176
279;177
279;178
279;179
279;180
279;181
279;182
279;183
279;184
279;185
279;186
279;187
279;188
279;189
279;190
279;191
279;192
279;193
279;194
279;195
279;196
279;197
279;198
279;199
279;200
279;253
279;254
279;255
279;256
279;257
279;258
279;259
279;260
279;261
279;262
279;263
279;264
279;265
279;266
279;267
279;268
279;269
279;270
279;271
279;272
279;273
279;274
279;275
279;276
279;277
279;278
279;279
279;280
279;281
279;282
279;283
279;284
279;285
279;286
279;287
279;288
279;289
279;290
279;291
279;292
279;293
279;294
279;295
279;296
279;297
279;298
279;299
279;300
279;301
279;302
279;303
279;304
279;305
279;306
279;307
279;308
279;309
279;310
279;311
279;312
279;313
279;314
279;315
279;316
279;317
279;318
279;319
279;320
279;321
279;322
279;323
279;324
279;325
279;326
279;327
279;328
279;329
279;330
279;331
279;332
279;333
279;334
279;335
279;336
279;337
279;338
279;339
279;340
279;341
279;342
279;343
279;344
279;345
279;346
279;347
279;348
279;349
279;350
279;351
279;352
279;353
279;354
279;355
279;356
279;357
279;358
279;359
279;360
279;361
279;362
279;363
279;364
279;365
279;366
279;367
279;368
279;369
279;370
279;371
279;372
279;373
279;374
279;375
279;376
279;377
279;378
279;379
279;380
279;381
279;382
279;383
279;384
279;385
280;11
280;12
280;13
280;14
280;15
280;16
280;17
280;18
280;19
280;20
280;21
280;22
280;23
280;24
280;25
280;26
280;27
280;28
280;29
280;30
280;31
280;32
280;33
280;34
280;35
280;36
280;37
280;38
280;39
280;40
280;41
280;42
280;43
280;44
280;45
280;46
280;47
280;48
280;49
280;50
280;51
280;52
280;53
280;54
280;55
280;56
280;57
280;58
280;59
280;60
280;61
280;62
280;63
280;64
280;65
280;66
280;67
280;68
280;69
280;70
280;71
280;72
280;73
280;74
280;75
280;76
280;77
280;78
280;79
280;80
280;81
280;82
280;83
280;84
280;85
280;86
280;87
280;88
280;89
280;90
280;91
280;92
280;93
280;94
280;95
280;96
280;97
280;98
280;99
280;100
280;101
280;102
280;103
280;104
280;105
280;106
280;107
280;108
280;109
280;110
280;111
280;112
280;113
280;114
280;115
280;116
280;117
280;118
280;119
280;120
280;121
280;122
280;123
280;124
280;125
280;126
280;127
280;128
280;129
280;130
280;131
280;132
280;133
280;134
280;135
280;136
280;137
280;138
280;139
280;140
280;141
280;142
280;143
280;144
280;145
280;146
280;147
280;148
280;149
280;150
280;151
280;152
280;153
280;154
280;155
280;156
280;157
280;158
280;159
280;160
280;161
280;162
280;163
280;164
280;165
280;166
280;167
280;168
280;169
280;170
280;171
280;172
280;173
280;174
280;175
280;176
280;177
280;178
280;179
280;180
280;181
280;182
280;183
280;184
280;185
280;186
280;187
280;188
280;189
280;190
280;191
280;192
280;193
280;194
280;195
280;196
280;197
280;198
280;199
280;200
280;253
280;254
280;255
280;256
280;257
280;258
280;259
280;260
280;261
280;262
280;263
280;264
280;265
280;266
280;267
280;268
280;269
280;270
280;271
280;272
280;273
280;274
280;275
280;276
280;277
280;278
280;279
280;280
280;281
280;282
280;283
280;284
280;285
280;286
280;287
280;288
280;289
280;290
280;291
280;292
280;293
280;294
280;295
280;296
280;297
280;298
280;299
280;300
280;301
280;302
280;303
280;304
280;305
280;306
280;307
280;308
280;309
280;310
280;311
280;312
280;313
280;314
280;315
280;316
280;317
280;318
280;319
280;320
280;321
280;322
280;323
280;324
280;325
280;326
280;327
280;328
280;329
280;330
280;331
280;332
280;333
280;334
280;335
280;336
280;337
280;338
280;339
280;340
280;341
280;342
280;343
280;344
280;345
280;346
280;347
280;348
280;349
280;350
280;351
280;352
280;353
280;354
280;355
280;356
280;357
280;358
280;359
280;360
280;361
280;362
280;363
280;364
280;365
280;366
280;367
280;368
280;369
280;370
280;371
280;372
280;373
280;374
280;375
280;376
280;377
280;378
280;379
280;380
280;381
280;382
280;383
280;384
280;385
280;386
280;387
281;12
281;13
281;14
281;15
281;16
281;17
281;18
281;19
281;20
281;21
281;22
281;23
281;24
281;25
281;26
281;27
281;28
281;29
281;30
281;31
281;32
281;33
281;34
281;35
281;36
281;37
281;38
281;39
281;40
281;41
281;42
281;43
281;44
281;45
281;46
281;47
281;48
281;49
281;50
281;51
281;52
281;53
281;54
281;55
281;56
281;57
281;58
281;59
281;60
281;61
281;62
281;63
281;64
281;65
281;66
281;67
281;68
281;69
281;70
281;71
281;72
281;73
281;74
281;75
281;76
281;77
281;78
281;79
281;80
281;81
281;82
281;83
281;84
281;85
281;86
281;87
281;88
281;89
281;90
281;91
281;92
281;93
281;94
281;95
281;96
281;97
281;98
281;99
281;100
281;101
281;102
281;103
281;104
281;105
281;106
281;107
281;108
281;109
281;110
281;111
281;112
281;113
281;114
281;115
281;116
281;117
281;118
281;119
281;120
281;121
281;122
281;123
281;124
281;125
281;126
281;127
281;128
281;129
281;130
281;131
281;132
281;133
281;134
281;135
281;136
281;137
281;138
281;139
281;140
281;141
281;142
281;143
281;144
281;145
281;146
281;147
281;148
281;149
281;150
281;151
281;152
281;153
281;154
281;155
281;156
281;157
281;158
281;159
281;160
281;161
281;162
281;163
281;164
281;165
281;166
281;167
281;168
281;169
281;170
281;171
281;172
281;173
281;174
281;175
281;176
281;177
281;178
281;179
281;180
281;181
281;182
281;183
281;184
281;185
281;186
281;187
281;188
281;189
281;190
281;191
281;192
281;193
281;194
281;195
281;196
281;197
281;198
281;199
281;251
281;252
281;253
281;254
281;255
281;256
281;257
281;258
281;259
281;260
281;261
281;262
281;263
281;264
281;265
281;266
281;267
281;268
281;269
281;270
281;271
281;272
281;273
281;274
281;275
281;276
281;277
281;278
281;279
281;280
281;281
281;282
281;283
281;284
281;285
281;286
281;287
281;288
281;289
281;290
281;291
281;292
281;293
281;294
281;295
281;296
281;297
281;298
281;299
281;300
281;301
281;302
281;303
281;304
281;305
281;306
281;307
281;308
281;309
281;310
281;311
281;312
281;313
281;314
281;315
281;316
281;317
281;318
281;319
281;320
281;321
281;322
281;323
281;324
281;325
281;326
281;327
281;328
281;329
281;330
281;331
281;332
281;333
281;334
281;335
281;336
281;337
281;338
281;339
281;340
281;341
281;342
281;343
281;344
281;345
281;346
281;347
281;348
281;349
281;350
281;351
281;352
281;353
281;354
281;355
281;356
281;357
281;358
281;359
281;360
281;361
281;362
281;363
281;364
281;365
281;366
281;367
281;368
281;369
281;370
281;371
281;372
281;373
281;374
281;375
281;376
281;377
281;378
281;379
281;380
281;381
281;382
281;383
281;384
281;385
281;386
281;387
281;388
281;389
282;12
282;13
282;14
282;15
282;16
282;17
282;18
282;19
282;20
282;21
282;22
282;23
282;24
282;25
282;26
282;27
282;28
282;29
282;30
282;31
282;32
282;33
282;34
282;35
282;36
282;37
282;38
282;39
282;40
282;41
282;42
282;43
282;44
282;45
282;46
282;47
282;48
282;49
282;50
282;51
282;52
282;53
282;54
282;55
282;56
282;57
282;58
282;59
282;60
282;61
282;62
282;63
282;64
282;65
282;66
282;67
282;68
282;69
282;70
282;71
282;72
282;73
282;74
282;75
282;76
282;77
282;78
282;79
282;80
282;81
282;82
282;83
282;84
282;85
282;86
282;87
282;88
282;89
282;90
282;91
282;92
282;93
282;94
282;95
282;96
282;97
282;98
282;99
282;100
282;101
282;102
282;103
282;104
282;105
282;106
282;107
282;108
282;109
282;110
282;111
282;112
282;113
282;114
282;115
282;116
282;117
282;118
282;119
282;120
282;121
282;122
282;123
282;124
282;125
282;126
282;127
282;128
282;129
282;130
282;131
282;132
282;133
282;134
282;135
282;136
282;137
282;138
282;139
282;140
282;141
282;142
282;143
282;144
282;145
282;146
282;147
282;148
282;149
282;150
282;151
282;152
282;153
282;154
282;155
282;156
282;157
282;158
282;159
282;160
282;161
282;162
282;163
282;164
282;165
282;166
282;167
282;168
282;169
282;170
282;171
282;172
282;173
282;174
282;175
282;176
282;177
282;178
282;179
282;180
282;181
282;182
282;183
282;184
282;185
282;186
282;187
282;188
282;189
282;190
282;191
282;192
282;193
282;194
282;195
282;196
282;197
282;198
282;199
282;249
282;250
282;251
282;252
282;253
282;254
282;255
282;256
282;257
282;258
282;259
282;260
282;261
282;262
282;263
282;264
282;265
282;266
282;267
282;268
282;269
282;270
282;271
282;272
282;273
282;274
282;275
282;276
282;277
282;278
282;279
282;280
282;281
282;282
282;283
282;284
282;285
282;286
282;287
282;288
282;289
282;290
282;291
282;292
282;293
282;294
282;295
282;296
282;297
282;298
282;299
282;300
282;301
282;302
282;303
282;304
282;305
282;306
282;307
282;308
282;309
282;310
282;311
282;312
282;313
282;314
282;315
282;316
282;317
282;318
282;319
282;320
282;321
282;322
282;323
282;324
282;325
282;326
282;327
282;328
282;329
282;330
282;331
282;332
282;333
282;334
282;335
282;336
282;337
282;338
282;339
282;340
282;341
282;342
282;343
282;344
282;345
282;346
282;347
282;348
282;349
282;350
282;351
282;352
282;353
282;354
282;355
282;356
282;357
282;358
282;359
282;360
282;361
282;362
282;363
282;364
282;365
282;366
282;367
282;368
282;369
282;370
282;371
282;372
282;373
282;374
282;375
282;376
282;377
282;378
282;379
282;380
282;381
282;382
282;383
282;384
282;385
282;386
282;387
282;388
282;389
283;13
283;14
283;15
283;16
283;17
283;18
283;19
283;20
283;21
283;22
283;23
283;24
283;25
283;26
283;27
283;28
283;29
283;30
283;31
283;32
283;33
283;34
283;35
283;36
283;37
283;38
283;39
283;40
283;41
283;42
283;43
283;44
283;45
283;46
283;47
283;48
283;49
283;50
283;51
283;52
283;53
283;54
283;55
283;56
283;57
283;58
283;59
283;60
283;61
283;62
283;63
283;64
283;65
283;66
283;67
283;68
283;69
283;70
283;71
283;72
283;73
283;74
283;75
283;76
283;77
283;78
283;79
283;80
283;81
283;82
283;83
283;84
283;85
283;86
283;87
283;88
283;89
283;90
283;91
283;92
283;93
283;94
283;95
283;96
283;97
283;98
283;99
283;100
283;101
283;102
283;103
283;104
283;105
283;106
283;107
283;108
283;109
283;110
283;111
283;112
283;113
283;114
283;115
283;116
283;117
283;118
283;119
283;120
283;121
283;122
283;123
283;124
283;125
283;126
283;127
283;128
283;129
283;130
283;131
283;132
283;133
283;134
283;135
283;136
283;137
283;138
283;139
283;140
283;141
283;142
283;143
283;144
283;145
283;146
283;147
283;148
283;149
283;150
283;151
283;152
283;153
283;154
283;155
283;156
283;157
283;158
283;159
283;160
283;161
283;162
283;163
283;164
283;165
283;166
283;167
283;168
283;169
283;170
283;171
283;172
283;173
283;174
283;175
283;176
283;177
283;178
283;179
283;180
283;181
283;182
283;183
283;184
283;185
283;186
283;187
283;188
283;189
283;190
283;191
283;192
283;193
283;194
283;195
283;196
283;197
283;198
283;249
283;250
283;251
283;252
283;253
283;254
283;255
283;256
283;257
283;258
283;259
283;260
283;261
283;262
283;263
283;264
283;265
283;266
283;267
283;268
283;269
283;270
283;271
283;272
283;273
283;274
283;275
283;276
283;277
283;278
283;279
283;280
283;281
283;282
283;283
283;284
283;285
283;286
283;287
283;288
283;289
283;290
283;291
283;292
283;293
283;294
283;295
283;296
283;297
283;298
283;299
283;300
283;301
283;302
283;303
283;304
283;305
283;306
283;307
283;308
283;309
283;310
283;311
283;312
283;313
283;314
283;315
283;316
283;317
283;318
283;319
283;320
283;321
283;322
283;323
283;324
283;325
283;326
283;327
283;328
283;329
283;330
283;331
283;332
283;333
283;334
283;335
283;336
283;337
283;338
283;339
283;340
283;341
283;342
283;343
283;344
283;345
283;346
283;347
283;348
283;349
283;350
283;351
283;352
283;353
283;354
283;355
283;356
283;357
283;358
283;359
283;360
283;361
283;362
283;363
283;364
283;365
283;366
283;367
283;368
283;369
283;370
283;371
283;372
283;373
283;374
283;375
283;376
283;377
283;378
283;379
283;380
283;381
283;382
283;383
283;384
283;385
283;386
283;387
283;388
283;389
283;390
283;391
284;14
284;15
284;16
284;17
284;18
284;19
284;20
284;21
284;22
284;23
284;24
284;25
284;26
284;27
284;28
284;29
284;30
284;31
284;32
284;33
284;34
284;35
284;36
284;37
284;38
284;39
284;40
284;41
284;42
284;43
284;44
284;45
284;46
284;47
284;48
284;49
284;50
284;51
284;52
284;53
284;54
284;55
284;56
284;57
284;58
284;59
284;60
284;61
284;62
284;63
284;64
284;65
284;66
284;67
284;68
284;69
284;70
284;71
284;72
284;73
284;74
284;75
284;76
284;77
284;78
284;79
284;80
284;81
284;82
284;83
284;84
284;85
284;86
284;87
284;88
284;89
284;90
284;91
284;92
284;93
284;94
284;95
284;96
284;97
284;98
284;99
284;100
284;101
284;102
284;103
284;104
284;105
284;106
284;107
284;108
284;109
284;110
284;111
284;112
284;113
284;114
284;115
284;116
284;117
284;118
284;119
284;120
284;121
284;122
284;123
284;124
284;125
284;126
284;127
284;128
284;129
284;130
284;131
284;132
284;133
284;134
284;135
284;136
284;137
284;138
284;139
284;140
284;141
284;142
284;143
284;144
284;145
284;146
284;147
284;148
284;149
284;150
284;151
284;152
284;153
284;154
284;155
284;156
284;157
284;158
284;159
284;160
284;161
284;162
284;163
284;164
284;165
284;166
284;167
284;168
284;169
284;170
284;171
284;172
284;173
284;174
284;175
284;176
284;177
284;178
284;179
284;180
284;181
284;182
284;183
284;184
284;185
284;186
284;187
284;188
284;189
284;190
284;191
284;192
284;193
284;194
284;195
284;196
284;197
284;198
284;247
284;248
284;249
284;250
284;251
284;252
284;253
284;254
284;255
284;256
284;257
284;258
284;259
284;260
284;261
284;262
284;263
284;264
284;265
284;266
284;267
284;268
284;269
284;270
284;271
284;272
284;273
284;274
284;275
284;276
284;277
284;278
284;279
284;280
284;281
284;282
284;283
284;284
284;285
284;286
284;287
284;288
284;289
284;290
284;291
284;292
284;293
284;294
284;295
284;296
284;297
284;298
284;299
284;300
284;301
284;302
284;303
284;304
284;305
284;306
284;307
284;308
284;309
284;310
284;311
284;312
284;313
284;314
284;315
284;316
284;317
284;318
284;319
284;320
284;321
284;322
284;323
284;324
284;325
284;326
284;327
284;328
284;329
284;330
284;331
284;332
284;333
284;334
284;335
284;336
284;337
284;338
284;339
284;340
284;341
284;342
284;343
284;344
284;345
284;346
284;347
284;348
284;349
284;350
284;351
284;352
284;353
284;354
284;355
284;356
284;357
284;358
284;359
284;360
284;361
284;362
284;363
284;364
284;365
284;366
284;367
284;368
284;369
284;370
284;371
284;372
284;373
284;374
284;375
284;376
284;377
284;378
284;379
284;380
284;381
284;382
284;383
284;384
284;385
284;386
284;387
284;388
284;389
284;390
284;391
284;392
285;14
285;15
285;16
285;17
285;18
285;19
285;20
285;21
285;22
285;23
285;24
285;25
285;26
285;27
285;28
285;29
285;30
285;31
285;32
285;33
285;34
285;35
285;36
285;37
285;38
285;39
285;40
285;41
285;42
285;43
285;44
285;45
285;46
285;47
285;48
285;49
285;50
285;51
285;52
285;53
285;54
285;55
285;56
285;57
285;58
285;59
285;60
285;61
285;62
285;63
285;64
285;65
285;66
285;67
285;68
285;69
285;70
285;71
285;72
285;73
285;74
285;75
285;76
285;77
285;78
285;79
285;80
285;81
285;82
285;83
285;84
285;85
285;86
285;87
285;88
285;89
285;90
285;91
285;92
285;93
285;94
285;95
285;96
285;97
285;98
285;99
285;100
285;101
285;102
285;103
285;104
285;105
285;106
285;107
285;108
285;109
285;110
285;111
285;112
285;113
285;114
285;115
285;116
285;117
285;118
285;119
285;120
285;121
285;122
285;123
285;124
285;125
285;126
285;127
285;128
285;129
285;130
285;131
285;132
285;133
285;134
285;135
285;136
285;137
285;138
285;139
285;140
285;141
285;142
285;143
285;144
285;145
285;146
285;147
285;148
285;149
285;150
285;151
285;152
285;153
285;154
285;155
285;156
285;157
285;158
285;159
285;160
285;161
285;162
285;163
285;164
285;165
285;166
285;167
285;168
285;169
285;170
285;171
285;172
285;173
285;174
285;175
285;176
285;177
285;178
285;179
285;180
285;181
285;182
285;183
285;184
285;185
285;186
285;187
285;188
285;189
285;190
285;191
285;192
285;193
285;194
285;195
285;196
285;197
285;246
285;247
285;248
285;249
285;250
285;251
285;252
285;253
285;254
285;255
285;256
285;257
285;258
285;259
285;260
285;261
285;262
285;263
285;264
285;265
285;266
285;267
285;268
285;269
285;270
285;271
285;272
285;273
285;274
285;275
285;276
285;277
285;278
285;279
285;280
285;281
285;282
285;283
285;284
285;285
285;286
285;287
285;288
285;289
285;290
285;291
285;292
285;293
285;294
285;295
285;296
285;297
285;298
285;299
285;300
285;301
285;302
285;303
285;304
285;305
285;306
285;307
285;308
285;309
285;310
285;311
285;312
285;313
285;314
285;315
285;316
285;317
285;318
285;319
285;320
285;321
285;322
285;323
285;324
285;325
285;326
285;327
285;328
285;329
285;330
285;331
285;332
285;333
285;334
285;335
285;336
285;337
285;338
285;339
285;340
285;341
285;342
285;343
285;344
285;345
285;346
285;347
285;348
285;349
285;350
285;351
285;352
285;353
285;354
285;355
285;356
285;357
285;358
285;359
285;360
285;361
285;362
285;363
285;364
285;365
285;366
285;367
285;368
285;369
285;370
285;371
285;372
285;373
285;374
285;375
285;376
285;377
285;378
285;379
285;380
285;381
285;382
285;383
285;384
285;385
285;386
285;387
285;388
285;389
285;390
285;391
285;392
285;393
286;15
286;16
286;17
286;18
286;19
286;20
286;21
286;22
286;23
286;24
286;25
286;26
286;27
286;28
286;29
286;30
286;31
286;32
286;33
286;34
286;35
286;36
286;37
286;38
286;39
286;40
286;41
286;42
286;43
286;44
286;45
286;46
286;47
286;48
286;49
286;50
286;51
286;52
286;53
286;54
286;55
286;56
286;57
286;58
286;59
286;60
286;61
286;62
286;63
286;64
286;65
286;66
286;67
286;68
286;69
286;70
286;71
286;72
286;73
286;74
286;75
286;76
286;77
286;78
286;79
286;80
286;81
286;82
286;83
286;84
286;85
286;86
286;87
286;88
286;89
286;90
286;91
286;92
286;93
286;94
286;95
286;96
286;97
286;98
286;99
286;100
286;101
286;102
286;103
286;104
286;105
286;106
286;107
286;108
286;109
286;110
286;111
286;112
286;113
286;114
286;115
286;116
286;117
286;118
286;119
286;120
286;121
286;122
286;123
286;124
286;125
286;126
286;127
286;128
286;129
286;130
286;131
286;132
286;133
286;134
286;135
286;136
286;137
286;138
286;139
286;140
286;141
286;142
286;143
286;144
286;145
286;146
286;147
286;148
286;149
286;150
286;151
286;152
286;153
286;154
286;155
286;156
286;157
286;158
286;159
286;160
286;161
286;162
286;163
286;164
286;165
286;166
286;167
286;168
286;169
286;170
286;171
286;172
286;173
286;174
286;175
286;176
286;177
286;178
286;179
286;180
286;181
286;182
286;183
286;184
286;185
286;186
286;187
286;188
286;189
286;190
286;191
286;192
286;193
286;194
286;195
286;196
286;245
286;246
286;247
286;248
286;249
286;250
286;251
286;252
286;253
286;254
286;255
286;256
286;257
286;258
286;259
286;260
286;261
286;262
286;263
286;264
286;265
286;266
286;267
286;268
286;269
286;270
286;271
286;272
286;273
286;274
286;275
286;276
286;277
286;278
286;279
286;280
286;281
286;282
286;283
286;284
286;285
286;286
286;287
286;288
286;289
286;290
286;291
286;292
286;293
286;294
286;295
286;296
286;297
286;298
286;299
286;300
286;301
286;302
286;303
286;304
286;305
286;306
286;307
286;308
286;309
286;310
286;311
286;312
286;313
286;314
286;315
286;316
286;317
286;318
286;319
286;320
286;321
286;322
286;323
286;324
286;325
286;326
286;327
286;328
286;329
286;330
286;331
286;332
286;333
286;334
286;335
286;336
286;337
286;338
286;339
286;340
286;341
286;342
286;343
286;344
286;345
286;346
286;347
286;348
286;349
286;350
286;351
286;352
286;353
286;354
286;355
286;356
286;357
286;358
286;359
286;360
286;361
286;362
286;363
286;364
286;365
286;366
286;367
286;368
286;369
286;370
286;371
286;372
286;373
286;374
286;375
286;376
286;377
286;378
286;379
286;380
286;381
286;382
286;383
286;384
286;385
286;386
286;387
286;388
286;389
286;390
286;391
286;392
286;393
286;394
287;16
287;17
287;18
287;19
287;20
287;21
287;22
287;23
287;24
287;25
287;26
287;27
287;28
287;29
287;30
287;31
287;32
287;33
287;34
287;35
287;36
287;37
287;38
287;39
287;40
287;41
287;42
287;43
287;44
287;45
287;46
287;47
287;48
287;49
287;50
287;51
287;52
287;53
287;54
287;55
287;56
287;57
287;58
287;59
287;60
287;61
287;62
287;63
287;64
287;65
287;66
287;67
287;68
287;69
287;70
287;71
287;72
287;73
287;74
287;75
287;76
287;77
287;78
287;79
287;80
287;81
287;82
287;83
287;84
287;85
287;86
287;87
287;88
287;89
287;90
287;91
287;92
287;93
287;94
287;95
287;96
287;97
287;98
287;99
287;100
287;101
287;102
287;103
287;104
287;105
287;106
287;107
287;108
287;109
287;110
287;111
287;112
287;113
287;114
287;115
287;116
287;117
287;118
287;119
287;120
287;121
287;122
287;123
287;124
287;125
287;126
287;127
287;128
287;129
287;130
287;131
287;132
287;133
287;134
287;135
287;136
287;137
287;138
287;139
287;140
287;141
287;142
287;143
287;144
287;145
287;146
287;147
287;148
287;149
287;150
287;151
287;152
287;153
287;154
287;155
287;156
287;157
287;158
287;159
287;160
287;161
287;162
287;163
287;164
287;165
287;166
287;167
287;168
287;169
287;170
287;171
287;172
287;173
287;174
287;175
287;176
287;177
287;178
287;179
287;180
287;181
287;182
287;183
287;184
287;185
287;186
287;187
287;188
287;189
287;190
287;191
287;192
287;193
287;194
287;195
287;196
287;244
287;245
287;246
287;247
287;248
287;249
287;250
287;251
287;252
287;253
287;254
287;255
287;256
287;257
287;258
287;259
287;260
287;261
287;262
287;263
287;264
287;265
287;266
287;267
287;268
287;269
287;270
287;271
287;272
287;273
287;274
287;275
287;276
287;277
287;278
287;279
287;280
287;281
287;282
287;283
287;284
287;285
287;286
287;287
287;288
287;289
287;290
287;291
287;292
287;293
287;294
287;295
287;296
287;297
287;298
287;299
287;300
287;301
287;302
287;303
287;304
287;305
287;306
287;307
287;308
287;309
287;310
287;311
287;312
287;313
287;314
287;315
287;316
287;317
287;318
287;319
287;320
287;321
287;322
287;323
287;324
287;325
287;326
287;327
287;328
287;329
287;330
287;331
287;332
287;333
287;334
287;335
287;336
287;337
287;338
287;339
287;340
287;341
287;342
287;343
287;344
287;345
287;346
287;347
287;348
287;349
287;350
287;351
287;352
287;353
287;354
287;355
287;356
287;357
287;358
287;359
287;360
287;361
287;362
287;363
287;364
287;365
287;366
287;367
287;368
287;369
287;370
287;371
287;372
287;373
287;374
287;375
287;376
287;377
287;378
287;379
287;380
287;381
287;382
287;383
287;384
287;385
287;386
287;387
287;388
287;389
287;390
287;391
287;392
287;393
287;394
287;395
288;16
288;17
288;18
288;19
288;20
288;21
288;22
288;23
288;24
288;25
288;26
288;27
288;28
288;29
288;30
288;31
288;32
288;33
288;34
288;35
288;36
288;37
288;38
288;39
288;40
288;41
288;42
288;43
288;44
288;45
288;46
288;47
288;48
288;49
288;50
288;51
288;52
288;53
288;54
288;55
288;56
288;57
288;58
288;59
288;60
288;61
288;62
288;63
288;64
288;65
288;66
288;67
288;68
288;69
288;70
288;71
288;72
288;73
288;74
288;75
288;76
288;77
288;78
288;79
288;80
288;81
288;82
288;83
288;84
288;85
288;86
288;87
288;88
288;89
288;90
288;91
288;92
288;93
288;94
288;95
288;96
288;97
288;98
288;99
288;100
288;101
288;102
288;103
288;104
288;105
288;106
288;107
288;108
288;109
288;110
288;111
288;112
288;113
288;114
288;115
288;116
288;117
288;118
288;119
288;120
288;121
288;122
288;123
288;124
288;125
288;126
288;127
288;128
288;129
288;130
288;131
288;132
288;133
288;134
288;135
288;136
288;137
288;138
288;139
288;140
288;141
288;142
288;143
288;144
288;145
288;146
288;147
288;148
288;149
288;150
288;151
288;152
288;153
288;154
288;155
288;156
288;157
288;158
288;159
288;160
288;161
288;162
288;163
288;164
288;165
288;166
288;167
288;168
288;169
288;170
288;171
288;172
288;173
288;174
288;175
288;176
288;177
288;178
288;179
288;180
288;181
288;182
288;183
288;184
288;185
288;186
288;187
288;188
288;189
288;190
288;191
288;192
288;193
288;194
288;195
288;243
288;244
288;245
288;246
288;247
288;248
288;249
288;250
288;251
288;252
288;253
288;254
288;255
288;256
288;257
288;258
288;259
288;260
288;261
288;262
288;263
288;264
288;265
288;266
288;267
288;268
288;269
288;270
288;271
288;272
288;273
288;274
288;275
288;276
288;277
288;278
288;279
288;280
288;281
288;282
288;283
288;284
288;285
288;286
288;287
288;288
288;289
288;290
288;291
288;292
288;293
288;294
288;295
288;296
288;297
288;298
288;299
288;300
288;301
288;302
288;303
288;304
288;305
288;306
288;307
288;308
288;309
288;310
288;311
288;312
288;313
288;314
288;315
288;316
288;317
288;318
288;319
288;320
288;321
288;322
288;323
288;324
288;325
288;326
288;327
288;328
288;329
288;330
288;331
288;332
288;333
288;334
288;335
288;336
288;337
288;338
288;339
288;340
288;341
288;342
288;343
288;344
288;345
288;346
288;347
288;348
288;349
288;350
288;351
288;352
288;353
288;354
288;355
288;356
288;357
288;358
288;359
288;360
288;361
288;362
288;363
288;364
288;365
288;366
288;367
288;368
288;369
288;370
288;371
288;372
288;373
288;374
288;375
288;376
288;377
288;378
288;379
288;380
288;381
288;382
288;383
288;384
288;385
288;386
288;387
288;388
288;389
288;390
288;391
288;392
288;393
288;394
288;395
288;396
289;17
289;18
289;19
289;20
289;21
289;22
289;23
289;24
289;25
289;26
289;27
289;28
289;29
289;30
289;31
289;32
289;33
289;34
289;35
289;36
289;37
289;38
289;39
289;40
289;41
289;42
289;43
289;44
289;45
289;46
289;47
289;48
289;49
289;50
289;51
289;52
289;53
289;54
289;55
289;56
289;57
289;58
289;59
289;60
289;61
289;62
289;63
289;64
289;65
289;66
289;67
289;68
289;69
289;70
289;71
289;72
289;73
289;74
289;75
289;76
289;77
289;78
289;79
289;80
289;81
289;82
289;83
289;84
289;85
289;86
289;87
289;88
289;89
289;90
289;91
289;92
289;93
289;94
289;95
289;96
289;97
289;98
289;99
289;100
289;101
289;102
289;103
289;104
289;105
289;106
289;107
289;108
289;109
289;110
289;111
289;112
289;113
289;114
289;115
289;116
289;117
289;118
289;119
289;120
289;121
289;122
289;123
289;124
289;125
289;126
289;127
289;128
289;129
289;130
289;131
289;132
289;133
289;134
289;135
289;136
289;137
289;138
289;139
289;140
289;141
289;142
289;143
289;144
289;145
289;146
289;147
289;148
289;149
289;150
289;151
289;152
289;153
289;154
289;155
289;156
289;157
289;158
289;159
289;160
289;161
289;162
289;163
289;164
289;165
289;166
289;167
289;168
289;169
289;170
289;171
289;172
289;173
289;174
289;175
289;176
289;177
289;178
289;179
289;180
289;181
289;182
289;183
289;184
289;185
289;186
289;187
289;188
289;189
289;190
289;191
289;192
289;193
289;194
289;242
289;243
289;244
289;245
289;246
289;247
289;248
289;249
289;250
289;251
289;252
289;253
289;254
289;255
289;256
289;257
289;258
289;259
289;260
289;261
289;262
289;263
289;264
289;265
289;266
289;267
289;268
289;269
289;270
289;271
289;272
289;273
289;274
289;275
289;276
289;277
289;278
289;279
289;280
289;281
289;282
289;283
289;284
289;285
289;286
289;287
289;288
289;289
289;290
289;291
289;292
289;293
289;294
289;295
289;296
289;297
289;298
289;299
289;300
289;301
289;302
289;303
289;304
289;305
289;306
289;307
289;308
289;309
289;310
289;311
289;312
289;313
289;314
289;315
289;316
289;317
289;318
289;319
289;320
289;321
289;322
289;323
289;324
289;325
289;326
289;327
289;328
289;329
289;330
289;331
289;332
289;333
289;334
289;335
289;336
289;337
289;338
289;339
289;340
289;341
289;342
289;343
289;344
289;345
289;346
289;347
289;348
289;349
289;350
289;351
289;352
289;353
289;354
289;355
289;356
289;357
289;358
289;359
289;360
289;361
289;362
289;363
289;364
289;365
289;366
289;367
289;368
289;369
289;370
289;371
289;372
289;373
289;374
289;375
289;376
289;377
289;378
289;379
289;380
289;381
289;382
289;383
289;384
289;385
289;386
289;387
289;388
289;389
289;390
289;391
289;392
289;393
289;394
289;395
289;396
289;397
289;803
290;18
290;19
290;20
290;21
290;22
290;23
290;24
290;25
290;26
290;27
290;28
290;29
290;30
290;31
290;32
290;33
290;34
290;35
290;36
290;37
290;38
290;39
290;40
290;41
290;42
290;43
290;44
290;45
290;46
290;47
290;48
290;49
290;50
290;51
290;52
290;53
290;54
290;55
290;56
290;57
290;58
290;59
290;60
290;61
290;62
290;63
290;64
290;65
290;66
290;67
290;68
290;69
290;70
290;71
290;72
290;73
290;74
290;75
290;76
290;77
290;78
290;79
290;80
290;81
290;82
290;83
290;84
290;85
290;86
290;87
290;88
290;89
290;90
290;91
290;92
290;93
290;94
290;95
290;96
290;97
290;98
290;99
290;100
290;101
290;102
290;103
290;104
290;105
290;106
290;107
290;108
290;109
290;110
290;111
290;112
290;113
290;114
290;115
290;116
290;117
290;118
290;119
290;120
290;121
290;122
290;123
290;124
290;125
290;126
290;127
290;128
290;129
290;130
290;131
290;132
290;133
290;134
290;135
290;136
290;137
290;138
290;139
290;140
290;141
290;142
290;143
290;144
290;145
290;146
290;147
290;148
290;149
290;150
290;151
290;152
290;153
290;154
290;155
290;156
290;157
290;158
290;159
290;160
290;161
290;162
290;163
290;164
290;165
290;166
290;167
290;168
290;169
290;170
290;171
290;172
290;173
290;174
290;175
290;176
290;177
290;178
290;179
290;180
290;181
290;182
290;183
290;184
290;185
290;186
290;187
290;188
290;189
290;190
290;191
290;192
290;193
290;194
290;241
290;242
290;243
290;244
290;245
290;246
290;247
290;248
290;249
290;250
290;251
290;252
290;253
290;254
290;255
290;256
290;257
290;258
290;259
290;260
290;261
290;262
290;263
290;264
290;265
290;266
290;267
290;268
290;269
290;270
290;271
290;272
290;273
290;274
290;275
290;276
290;277
290;278
290;279
290;280
290;281
290;282
290;283
290;284
290;285
290;286
290;287
290;288
290;289
290;290
290;291
290;292
290;293
290;294
290;295
290;296
290;297
290;298
290;299
290;300
290;301
290;302
290;303
290;304
290;305
290;306
290;307
290;308
290;309
290;310
290;311
290;312
290;313
290;314
290;315
290;316
290;317
290;318
290;319
290;320
290;321
290;322
290;323
290;324
290;325
290;326
290;327
290;328
290;329
290;330
290;331
290;332
290;333
290;334
290;335
290;336
290;337
290;338
290;339
290;340
290;341
290;342
290;343
290;344
290;345
290;346
290;347
290;348
290;349
290;350
290;351
290;352
290;353
290;354
290;355
290;356
290;357
290;358
290;359
290;360
290;361
290;362
290;363
290;364
290;365
290;366
290;367
290;368
290;369
290;370
290;371
290;372
290;373
290;374
290;375
290;376
290;377
290;378
290;379
290;380
290;381
290;382
290;383
290;384
290;385
290;386
290;387
290;388
290;389
290;390
290;391
290;392
290;393
290;394
290;395
290;396
290;397
290;398
290;801
290;802
290;803
290;804
290;805
291;18
291;19
291;20
291;21
291;22
291;23
291;24
291;25
291;26
291;27
291;28
291;29
291;30
291;31
291;32
291;33
291;34
291;35
291;36
291;37
291;38
291;39
291;40
291;41
291;42
291;43
291;44
291;45
291;46
291;47
291;48
291;49
291;50
291;51
291;52
291;53
291;54
291;55
291;56
291;57
291;58
291;59
291;60
291;61
291;62
291;63
291;64
291;65
291;66
291;67
291;68
291;69
291;70
291;71
291;72
291;73
291;74
291;75
291;76
291;77
291;78
291;79
291;80
291;81
291;82
291;83
291;84
291;85
291;86
291;87
291;88
291;89
291;90
291;91
291;92
291;93
291;94
291;95
291;96
291;97
291;98
291;99
291;100
291;101
291;102
291;103
291;104
291;105
291;106
291;107
291;108
291;109
291;110
291;111
291;112
291;113
291;114
291;115
291;116
291;117
291;118
291;119
291;120
291;121
291;122
291;123
291;124
291;125
291;126
291;127
291;128
291;129
291;130
291;131
291;132
291;133
291;134
291;135
291;136
291;137
291;138
291;139
291;140
291;141
291;142
291;143
291;144
291;145
291;146
291;147
291;148
291;149
291;150
291;151
291;152
291;153
291;154
291;155
291;156
291;157
291;158
291;159
291;160
291;161
291;162
291;163
291;164
291;165
291;166
291;167
291;168
291;169
291;170
291;171
291;172
291;173
291;174
291;175
291;176
291;177
291;178
291;179
291;180
291;181
291;182
291;183
291;184
291;185
291;186
291;187
291;188
291;189
291;190
291;191
291;192
291;193
291;240
291;241
291;242
291;243
291;244
291;245
291;246
291;247
291;248
291;249
291;250
291;251
291;252
291;253
291;254
291;255
291;256
291;257
291;258
291;259
291;260
291;261
291;262
291;263
291;264
291;265
291;266
291;267
291;268
291;269
291;270
291;271
291;272
291;273
291;274
291;275
291;276
291;277
291;278
291;279
291;280
291;281
291;282
291;283
291;284
291;285
291;286
291;287
291;288
291;289
291;290
291;291
291;292
291;293
291;294
291;295
291;296
291;297
291;298
291;299
291;300
291;301
291;302
291;303
291;304
291;305
291;306
291;307
291;308
291;309
291;310
291;311
291;312
291;313
291;314
291;315
291;316
291;317
291;318
291;319
291;320
291;321
291;322
291;323
291;324
291;325
291;326
291;327
291;328
291;329
291;330
291;331
291;332
291;333
291;334
291;335
291;336
291;337
291;338
291;339
291;340
291;341
291;342
291;343
291;344
291;345
291;346
291;347
291;348
291;349
291;350
291;351
291;352
291;353
291;354
291;355
291;356
291;357
291;358
291;359
291;360
291;361
291;362
291;363
291;364
291;365
291;366
291;367
291;368
291;369
291;370
291;371
291;372
291;373
291;374
291;375
291;376
291;377
291;378
291;379
291;380
291;381
291;382
291;383
291;384
291;385
291;386
291;387
291;388
291;389
291;390
291;391
291;392
291;393
291;394
291;395
291;396
291;397
291;398
291;399
291;799
291;800
291;801
291;802
291;803
291;804
291;805
292;19
292;20
292;21
292;22
292;23
292;24
292;25
292;26
292;27
292;28
292;29
292;30
292;31
292;32
292;33
292;34
292;35
292;36
292;37
292;38
292;39
292;40
292;41
292;42
292;43
292;44
292;45
292;46
292;47
292;48
292;49
292;50
292;51
292;52
292;53
292;54
292;55
292;56
292;57
292;58
292;59
292;60
292;61
292;62
292;63
292;64
292;65
292;66
292;67
292;68
292;69
292;70
292;71
292;72
292;73
292;74
292;75
292;76
292;77
292;78
292;79
292;80
292;81
292;82
292;83
292;84
292;85
292;86
292;87
292;88
292;89
292;90
292;91
292;92
292;93
292;94
292;95
292;96
292;97
292;98
292;99
292;100
292;101
292;102
292;103
292;104
292;105
292;106
292;107
292;108
292;109
292;110
292;111
292;112
292;113
292;114
292;115
292;116
292;117
292;118
292;119
292;120
292;121
292;122
292;123
292;124
292;125
292;126
292;127
292;128
292;129
292;130
292;131
292;132
292;133
292;134
292;135
292;136
292;137
292;138
292;139
292;140
292;141
292;142
292;143
292;144
292;145
292;146
292;147
292;148
292;149
292;150
292;151
292;152
292;153
292;154
292;155
292;156
292;157
292;158
292;159
292;160
292;161
292;162
292;163
292;164
292;165
292;166
292;167
292;168
292;169
292;170
292;171
292;172
292;173
292;174
292;175
292;176
292;177
292;178
292;179
292;180
292;181
292;182
292;183
292;184
292;185
292;186
292;187
292;188
292;189
292;190
292;191
292;192
292;239
292;240
292;241
292;242
292;243
292;244
292;245
292;246
292;247
292;248
292;249
292;250
292;251
292;252
292;253
292;254
292;255
292;256
292;257
292;258
292;259
292;260
292;261
292;262
292;263
292;264
292;265
292;266
292;267
292;268
292;269
292;270
292;271
292;272
292;273
292;274
292;275
292;276
292;277
292;278
292;279
292;280
292;281
292;282
292;283
292;284
292;285
292;286
292;287
292;288
292;289
292;290
292;291
292;292
292;293
292;294
292;295
292;296
292;297
292;298
292;299
292;300
292;301
292;302
292;303
292;304
292;305
292;306
292;307
292;308
292;309
292;310
292;311
292;312
292;313
292;314
292;315
292;316
292;317
292;318
292;319
292;320
292;321
292;322
292;323
292;324
292;325
292;326
292;327
292;328
292;329
292;330
292;331
292;332
292;333
292;334
292;335
292;336
292;337
292;338
292;339
292;340
292;341
292;342
292;343
292;344
292;345
292;346
292;347
292;348
292;349
292;350
292;351
292;352
292;353
292;354
292;355
292;356
292;357
292;358
292;359
292;360
292;361
292;362
292;363
292;364
292;365
292;366
292;367
292;368
292;369
292;370
292;371
292;372
292;373
292;374
292;375
292;376
292;377
292;378
292;379
292;380
292;381
292;382
292;383
292;384
292;385
292;386
292;387
292;388
292;389
292;390
292;391
292;392
292;393
292;394
292;395
292;396
292;397
292;398
292;399
292;400
292;797
292;798
292;799
292;800
292;801
292;802
292;803
292;804
292;805
292;806
293;20
293;21
293;22
293;23
293;24
293;25
293;26
293;27
293;28
293;29
293;30
293;31
293;32
293;33
293;34
293;35
293;36
293;37
293;38
293;39
293;40
293;41
293;42
293;43
293;44
293;45
293;46
293;47
293;48
293;49
293;50
293;51
293;52
293;53
293;54
293;55
293;56
293;57
293;58
293;59
293;60
293;61
293;62
293;63
293;64
293;65
293;66
293;67
293;68
293;69
293;70
293;71
293;72
293;73
293;74
293;75
293;76
293;77
293;78
293;79
293;80
293;81
293;82
293;83
293;84
293;85
293;86
293;87
293;88
293;89
293;90
293;91
293;92
293;93
293;94
293;95
293;96
293;97
293;98
293;99
293;100
293;101
293;102
293;103
293;104
293;105
293;106
293;107
293;108
293;109
293;110
293;111
293;112
293;113
293;114
293;115
293;116
293;117
293;118
293;119
293;120
293;121
293;122
293;123
293;124
293;125
293;126
293;127
293;128
293;129
293;130
293;131
293;132
293;133
293;134
293;135
293;136
293;137
293;138
293;139
293;140
293;141
293;142
293;143
293;144
293;145
293;146
293;147
293;148
293;149
293;150
293;151
293;152
293;153
293;154
293;155
293;156
293;157
293;158
293;159
293;160
293;161
293;162
293;163
293;164
293;165
293;166
293;167
293;168
293;169
293;170
293;171
293;172
293;173
293;174
293;175
293;176
293;177
293;178
293;179
293;180
293;181
293;182
293;183
293;184
293;185
293;186
293;187
293;188
293;189
293;190
293;191
293;192
293;238
293;239
293;240
293;241
293;242
293;243
293;244
293;245
293;246
293;247
293;248
293;249
293;250
293;251
293;252
293;253
293;254
293;255
293;256
293;257
293;258
293;259
293;260
293;261
293;262
293;263
293;264
293;265
293;266
293;267
293;268
293;269
293;270
293;271
293;272
293;273
293;274
293;275
293;276
293;277
293;278
293;279
293;280
293;281
293;282
293;283
293;284
293;285
293;286
293;287
293;288
293;289
293;290
293;291
293;292
293;293
293;294
293;295
293;296
293;297
293;298
293;299
293;300
293;301
293;302
293;303
293;304
293;305
293;306
293;307
293;308
293;309
293;310
293;311
293;312
293;313
293;314
293;315
293;316
293;317
293;318
293;319
293;320
293;321
293;322
293;323
293;324
293;325
293;326
293;327
293;328
293;329
293;330
293;331
293;332
293;333
293;334
293;335
293;336
293;337
293;338
293;339
293;340
293;341
293;342
293;343
293;344
293;345
293;346
293;347
293;348
293;349
293;350
293;351
293;352
293;353
293;354
293;355
293;356
293;357
293;358
293;359
293;360
293;361
293;362
293;363
293;364
293;365
293;366
293;367
293;368
293;369
293;370
293;371
293;372
293;373
293;374
293;375
293;376
293;377
293;378
293;379
293;380
293;381
293;382
293;383
293;384
293;385
293;386
293;387
293;388
293;389
293;390
293;391
293;392
293;393
293;394
293;395
293;396
293;397
293;398
293;399
293;400
293;401
293;795
293;796
293;797
293;798
293;799
293;800
293;801
293;802
293;803
293;804
293;805
293;806
293;807
294;20
294;21
294;22
294;23
294;24
294;25
294;26
294;27
294;28
294;29
294;30
294;31
294;32
294;33
294;34
294;35
294;36
294;37
294;38
294;39
294;40
294;41
294;42
294;43
294;44
294;45
294;46
294;47
294;48
294;49
294;50
294;51
294;52
294;53
294;54
294;55
294;56
294;57
294;58
294;59
294;60
294;61
294;62
294;63
294;64
294;65
294;66
294;67
294;68
294;69
294;70
294;71
294;72
294;73
294;74
294;75
294;76
294;77
294;78
294;79
294;80
294;81
294;82
294;83
294;84
294;85
294;86
294;87
294;88
294;89
294;90
294;91
294;92
294;93
294;94
294;95
294;96
294;97
294;98
294;99
294;100
294;101
294;102
294;103
294;104
294;105
294;106
294;107
294;108
294;109
294;110
294;111
294;112
294;113
294;114
294;115
294;116
294;117
294;118
294;119
294;120
294;121
294;122
294;123
294;124
294;125
294;126
294;127
294;128
294;129
294;130
294;131
294;132
294;133
294;134
294;135
294;136
294;137
294;138
294;139
294;140
294;141
294;142
294;143
294;144
294;145
294;146
294;147
294;148
294;149
294;150
294;151
294;152
294;153
294;154
294;155
294;156
294;157
294;158
294;159
294;160
294;161
294;162
294;163
294;164
294;165
294;166
294;167
294;168
294;169
294;170
294;171
294;172
294;173
294;174
294;175
294;176
294;177
294;178
294;179
294;180
294;181
294;182
294;183
294;184
294;185
294;186
294;187
294;188
294;189
294;190
294;237
294;238
294;239
294;240
294;241
294;242
294;243
294;244
294;245
294;246
294;247
294;248
294;249
294;250
294;251
294;252
294;253
294;254
294;255
294;256
294;257
294;258
294;259
294;260
294;261
294;262
294;263
294;264
294;265
294;266
294;267
294;268
294;269
294;270
294;271
294;272
294;273
294;274
294;275
294;276
294;277
294;278
294;279
294;280
294;281
294;282
294;283
294;284
294;285
294;286
294;287
294;288
294;289
294;290
294;291
294;292
294;293
294;294
294;295
294;296
294;297
294;298
294;299
294;300
294;301
294;302
294;303
294;304
294;305
294;306
294;307
294;308
294;309
294;310
294;311
294;312
294;313
294;314
294;315
294;316
294;317
294;318
294;319
294;320
294;321
294;322
294;323
294;324
294;325
294;326
294;327
294;328
294;329
294;330
294;331
294;332
294;333
294;334
294;335
294;336
294;337
294;338
294;339
294;340
294;341
294;342
294;343
294;344
294;345
294;346
294;347
294;348
294;349
294;350
294;351
294;352
294;353
294;354
294;355
294;356
294;357
294;358
294;359
294;360
294;361
294;362
294;363
294;364
294;365
294;366
294;367
294;368
294;369
294;370
294;371
294;372
294;373
294;374
294;375
294;376
294;377
294;378
294;379
294;380
294;381
294;382
294;383
294;384
294;385
294;386
294;387
294;388
294;389
294;390
294;391
294;392
294;393
294;394
294;395
294;396
294;397
294;398
294;399
294;400
294;401
294;402
294;793
294;794
294;795
294;796
294;797
294;798
294;799
294;800
294;801
294;802
294;803
294;804
294;805
294;806
294;807
295;21
295;22
295;23
295;24
295;25
295;26
295;27
295;28
295;29
295;30
295;31
295;32
295;33
295;34
295;35
295;36
295;37
295;38
295;39
295;40
295;41
295;42
295;43
295;44
295;45
295;46
295;47
295;48
295;49
295;50
295;51
295;52
295;53
295;54
295;55
295;56
295;57
295;58
295;59
295;60
295;61
295;62
295;63
295;64
295;65
295;66
295;67
295;68
295;69
295;70
295;71
295;72
295;73
295;74
295;75
295;76
295;77
295;78
295;79
295;80
295;81
295;82
295;83
295;84
295;85
295;86
295;87
295;88
295;89
295;90
295;91
295;92
295;93
295;94
295;95
295;96
295;97
295;98
295;99
295;100
295;101
295;102
295;103
295;104
295;105
295;106
295;107
295;108
295;109
295;110
295;111
295;112
295;113
295;114
295;115
295;116
295;117
295;118
295;119
295;120
295;121
295;122
295;123
295;124
295;125
295;126
295;127
295;128
295;129
295;130
295;131
295;132
295;133
295;134
295;135
295;136
295;137
295;138
295;139
295;140
295;141
295;142
295;143
295;144
295;145
295;146
295;147
295;148
295;149
295;150
295;151
295;152
295;153
295;154
295;155
295;156
295;157
295;158
295;159
295;160
295;161
295;162
295;163
295;164
295;165
295;166
295;167
295;168
295;169
295;170
295;171
295;172
295;173
295;174
295;175
295;176
295;177
295;178
295;179
295;180
295;181
295;182
295;183
295;184
295;185
295;186
295;187
295;188
295;189
295;190
295;237
295;238
295;239
295;240
295;241
295;242
295;243
295;244
295;245
295;246
295;247
295;248
295;249
295;250
295;251
295;252
295;253
295;254
295;255
295;256
295;257
295;258
295;259
295;260
295;261
295;262
295;263
295;264
295;265
295;266
295;267
295;268
295;269
295;270
295;271
295;272
295;273
295;274
295;275
295;276
295;277
295;278
295;279
295;280
295;281
295;282
295;283
295;284
295;285
295;286
295;287
295;288
295;289
295;290
295;291
295;292
295;293
295;294
295;295
295;296
295;297
295;298
295;299
295;300
295;301
295;302
295;303
295;304
295;305
295;306
295;307
295;308
295;309
295;310
295;311
295;312
295;313
295;314
295;315
295;316
295;317
295;318
295;319
295;320
295;321
295;322
295;323
295;324
295;325
295;326
295;327
295;328
295;329
295;330
295;331
295;332
295;333
295;334
295;335
295;336
295;337
295;338
295;339
295;340
295;341
295;342
295;343
295;344
295;345
295;346
295;347
295;348
295;349
295;350
295;351
295;352
295;353
295;354
295;355
295;356
295;357
295;358
295;359
295;360
295;361
295;362
295;363
295;364
295;365
295;366
295;367
295;368
295;369
295;370
295;371
295;372
295;373
295;374
295;375
295;376
295;377
295;378
295;379
295;380
295;381
295;382
295;383
295;384
295;385
295;386
295;387
295;388
295;389
295;390
295;391
295;392
295;393
295;394
295;395
295;396
295;397
295;398
295;399
295;400
295;401
295;402
295;403
295;792
295;793
295;794
295;795
295;796
295;797
295;798
295;799
295;800
295;801
295;802
295;803
295;804
295;805
295;806
295;807
295;808
296;22
296;23
296;24
296;25
296;26
296;27
296;28
296;29
296;30
296;31
296;32
296;33
296;34
296;35
296;36
296;37
296;38
296;39
296;40
296;41
296;42
296;43
296;44
296;45
296;46
296;47
296;48
296;49
296;50
296;51
296;52
296;53
296;54
296;55
296;56
296;57
296;58
296;59
296;60
296;61
296;62
296;63
296;64
296;65
296;66
296;67
296;68
296;69
296;70
296;71
296;72
296;73
296;74
296;75
296;76
296;77
296;78
296;79
296;80
296;81
296;82
296;83
296;84
296;85
296;86
296;87
296;88
296;89
296;90
296;91
296;92
296;93
296;94
296;95
296;96
296;97
296;98
296;99
296;100
296;101
296;102
296;103
296;104
296;105
296;106
296;107
296;108
296;109
296;110
296;111
296;112
296;113
296;114
296;115
296;116
296;117
296;118
296;119
296;120
296;121
296;122
296;123
296;124
296;125
296;126
296;127
296;128
296;129
296;130
296;131
296;132
296;133
296;134
296;135
296;136
296;137
296;138
296;139
296;140
296;141
296;142
296;143
296;144
296;145
296;146
296;147
296;148
296;149
296;150
296;151
296;152
296;153
296;154
296;155
296;156
296;157
296;158
296;159
296;160
296;161
296;162
296;163
296;164
296;165
296;166
296;167
296;168
296;169
296;170
296;171
296;172
296;173
296;174
296;175
296;176
296;177
296;178
296;179
296;180
296;181
296;182
296;183
296;184
296;185
296;186
296;187
296;188
296;189
296;235
296;236
296;237
296;238
296;239
296;240
296;241
296;242
296;243
296;244
296;245
296;246
296;247
296;248
296;249
296;250
296;251
296;252
296;253
296;254
296;255
296;256
296;257
296;258
296;259
296;260
296;261
296;262
296;263
296;264
296;265
296;266
296;267
296;268
296;269
296;270
296;271
296;272
296;273
296;274
296;275
296;276
296;277
296;278
296;279
296;280
296;281
296;282
296;283
296;284
296;285
296;286
296;287
296;288
296;289
296;290
296;291
296;292
296;293
296;294
296;295
296;296
296;297
296;298
296;299
296;300
296;301
296;302
296;303
296;304
296;305
296;306
296;307
296;308
296;309
296;310
296;311
296;312
296;313
296;314
296;315
296;316
296;317
296;318
296;319
296;320
296;321
296;322
296;323
296;324
296;325
296;326
296;327
296;328
296;329
296;330
296;331
296;332
296;333
296;334
296;335
296;336
296;337
296;338
296;339
296;340
296;341
296;342
296;343
296;344
296;345
296;346
296;347
296;348
296;349
296;350
296;351
296;352
296;353
296;354
296;355
296;356
296;357
296;358
296;359
296;360
296;361
296;362
296;363
296;364
296;365
296;366
296;367
296;368
296;369
296;370
296;371
296;372
296;373
296;374
296;375
296;376
296;377
296;378
296;379
296;380
296;381
296;382
296;383
296;384
296;385
296;386
296;387
296;388
296;389
296;390
296;391
296;392
296;393
296;394
296;395
296;396
296;397
296;398
296;399
296;400
296;401
296;402
296;403
296;791
296;792
296;793
296;794
296;795
296;796
296;797
296;798
296;799
296;800
296;801
296;802
296;803
296;804
296;805
296;806
296;807
296;808
296;809
297;23
297;24
297;25
297;26
297;27
297;28
297;29
297;30
297;31
297;32
297;33
297;34
297;35
297;36
297;37
297;38
297;39
297;40
297;41
297;42
297;43
297;44
297;45
297;46
297;47
297;48
297;49
297;50
297;51
297;52
297;53
297;54
297;55
297;56
297;57
297;58
297;59
297;60
297;61
297;62
297;63
297;64
297;65
297;66
297;67
297;68
297;69
297;70
297;71
297;72
297;73
297;74
297;75
297;76
297;77
297;78
297;79
297;80
297;81
297;82
297;83
297;84
297;85
297;86
297;87
297;88
297;89
297;90
297;91
297;92
297;93
297;94
297;95
297;96
297;97
297;98
297;99
297;100
297;101
297;102
297;103
297;104
297;105
297;106
297;107
297;108
297;109
297;110
297;111
297;112
297;113
297;114
297;115
297;116
297;117
297;118
297;119
297;120
297;121
297;122
297;123
297;124
297;125
297;126
297;127
297;128
297;129
297;130
297;131
297;132
297;133
297;134
297;135
297;136
297;137
297;138
297;139
297;140
297;141
297;142
297;143
297;144
297;145
297;146
297;147
297;148
297;149
297;150
297;151
297;152
297;153
297;154
297;155
297;156
297;157
297;158
297;159
297;160
297;161
297;162
297;163
297;164
297;165
297;166
297;167
297;168
297;169
297;170
297;171
297;172
297;173
297;174
297;175
297;176
297;177
297;178
297;179
297;180
297;181
297;182
297;183
297;184
297;185
297;186
297;187
297;188
297;235
297;236
297;237
297;238
297;239
297;240
297;241
297;242
297;243
297;244
297;245
297;246
297;247
297;248
297;249
297;250
297;251
297;252
297;253
297;254
297;255
297;256
297;257
297;258
297;259
297;260
297;261
297;262
297;263
297;264
297;265
297;266
297;267
297;268
297;269
297;270
297;271
297;272
297;273
297;274
297;275
297;276
297;277
297;278
297;279
297;280
297;281
297;282
297;283
297;284
297;285
297;286
297;287
297;288
297;289
297;290
297;291
297;292
297;293
297;294
297;295
297;296
297;297
297;298
297;299
297;300
297;301
297;302
297;303
297;304
297;305
297;306
297;307
297;308
297;309
297;310
297;311
297;312
297;313
297;314
297;315
297;316
297;317
297;318
297;319
297;320
297;321
297;322
297;323
297;324
297;325
297;326
297;327
297;328
297;329
297;330
297;331
297;332
297;333
297;334
297;335
297;336
297;337
297;338
297;339
297;340
297;341
297;342
297;343
297;344
297;345
297;346
297;347
297;348
297;349
297;350
297;351
297;352
297;353
297;354
297;355
297;356
297;357
297;358
297;359
297;360
297;361
297;362
297;363
297;364
297;365
297;366
297;367
297;368
297;369
297;370
297;371
297;372
297;373
297;374
297;375
297;376
297;377
297;378
297;379
297;380
297;381
297;382
297;383
297;384
297;385
297;386
297;387
297;388
297;389
297;390
297;391
297;392
297;393
297;394
297;395
297;396
297;397
297;398
297;399
297;400
297;401
297;402
297;403
297;404
297;789
297;790
297;791
297;792
297;793
297;794
297;795
297;796
297;797
297;798
297;799
297;800
297;801
297;802
297;803
297;804
297;805
297;806
297;807
297;808
297;809
298;24
298;25
298;26
298;27
298;28
298;29
298;30
298;31
298;32
298;33
298;34
298;35
298;36
298;37
298;38
298;39
298;40
298;41
298;42
298;43
298;44
298;45
298;46
298;47
298;48
298;49
298;50
298;51
298;52
298;53
298;54
298;55
298;56
298;57
298;58
298;59
298;60
298;61
298;62
298;63
298;64
298;65
298;66
298;67
298;68
298;69
298;70
298;71
298;72
298;73
298;74
298;75
298;76
298;77
298;78
298;79
298;80
298;81
298;82
298;83
298;84
298;85
298;86
298;87
298;88
298;89
298;90
298;91
298;92
298;93
298;94
298;95
298;96
298;97
298;98
298;99
298;100
298;101
298;102
298;103
298;104
298;105
298;106
298;107
298;108
298;109
298;110
298;111
298;112
298;113
298;114
298;115
298;116
298;117
298;118
298;119
298;120
298;121
298;122
298;123
298;124
298;125
298;126
298;127
298;128
298;129
298;130
298;131
298;132
298;133
298;134
298;135
298;136
298;137
298;138
298;139
298;140
298;141
298;142
298;143
298;144
298;145
298;146
298;147
298;148
298;149
298;150
298;151
298;152
298;153
298;154
298;155
298;156
298;157
298;158
298;159
298;160
298;161
298;162
298;163
298;164
298;165
298;166
298;167
298;168
298;169
298;170
298;171
298;172
298;173
298;174
298;175
298;176
298;177
298;178
298;179
298;180
298;181
298;182
298;183
298;184
298;185
298;186
298;187
298;234
298;235
298;236
298;237
298;238
298;239
298;240
298;241
298;242
298;243
298;244
298;245
298;246
298;247
298;248
298;249
298;250
298;251
298;252
298;253
298;254
298;255
298;256
298;257
298;258
298;259
298;260
298;261
298;262
298;263
298;264
298;265
298;266
298;267
298;268
298;269
298;270
298;271
298;272
298;273
298;274
298;275
298;276
298;277
298;278
298;279
298;280
298;281
298;282
298;283
298;284
298;285
298;286
298;287
298;288
298;289
298;290
298;291
298;292
298;293
298;294
298;295
298;296
298;297
298;298
298;299
298;300
298;301
298;302
298;303
298;304
298;305
298;306
298;307
298;308
298;309
298;310
298;311
298;312
298;313
298;314
298;315
298;316
298;317
298;318
298;319
298;320
298;321
298;322
298;323
298;324
298;325
298;326
298;327
298;328
298;329
298;330
298;331
298;332
298;333
298;334
298;335
298;336
298;337
298;338
298;339
298;340
298;341
298;342
298;343
298;344
298;345
298;346
298;347
298;348
298;349
298;350
298;351
298;352
298;353
298;354
298;355
298;356
298;357
298;358
298;359
298;360
298;361
298;362
298;363
298;364
298;365
298;366
298;367
298;368
298;369
298;370
298;371
298;372
298;373
298;374
298;375
298;376
298;377
298;378
298;379
298;380
298;381
298;382
298;383
298;384
298;385
298;386
298;387
298;388
298;389
298;390
298;391
298;392
298;393
298;394
298;395
298;396
298;397
298;398
298;399
298;400
298;401
298;402
298;403
298;404
298;405
298;787
298;788
298;789
298;790
298;791
298;792
298;793
298;794
298;795
298;796
298;797
298;798
298;799
298;800
298;801
298;802
298;803
298;804
298;805
298;806
298;807
298;808
298;809
298;810
299;24
299;25
299;26
299;27
299;28
299;29
299;30
299;31
299;32
299;33
299;34
299;35
299;36
299;37
299;38
299;39
299;40
299;41
299;42
299;43
299;44
299;45
299;46
299;47
299;48
299;49
299;50
299;51
299;52
299;53
299;54
299;55
299;56
299;57
299;58
299;59
299;60
299;61
299;62
299;63
299;64
299;65
299;66
299;67
299;68
299;69
299;70
299;71
299;72
299;73
299;74
299;75
299;76
299;77
299;78
299;79
299;80
299;81
299;82
299;83
299;84
299;85
299;86
299;87
299;88
299;89
299;90
299;91
299;92
299;93
299;94
299;95
299;96
299;97
299;98
299;99
299;100
299;101
299;102
299;103
299;104
299;105
299;106
299;107
299;108
299;109
299;110
299;111
299;112
299;113
299;114
299;115
299;116
299;117
299;118
299;119
299;120
299;121
299;122
299;123
299;124
299;125
299;126
299;127
299;128
299;129
299;130
299;131
299;132
299;133
299;134
299;135
299;136
299;137
299;138
299;139
299;140
299;141
299;142
299;143
299;144
299;145
299;146
299;147
299;148
299;149
299;150
299;151
299;152
299;153
299;154
299;155
299;156
299;157
299;158
299;159
299;160
299;161
299;162
299;163
299;164
299;165
299;166
299;167
299;168
299;169
299;170
299;171
299;172
299;173
299;174
299;175
299;176
299;177
299;178
299;179
299;180
299;181
299;182
299;183
299;184
299;185
299;186
299;233
299;234
299;235
299;236
299;237
299;238
299;239
299;240
299;241
299;242
299;243
299;244
299;245
299;246
299;247
299;248
299;249
299;250
299;251
299;252
299;253
299;254
299;255
299;256
299;257
299;258
299;259
299;260
299;261
299;262
299;263
299;264
299;265
299;266
299;267
299;268
299;269
299;270
299;271
299;272
299;273
299;274
299;275
299;276
299;277
299;278
299;279
299;280
299;281
299;282
299;283
299;284
299;285
299;286
299;287
299;288
299;289
299;290
299;291
299;292
299;293
299;294
299;295
299;296
299;297
299;298
299;299
299;300
299;301
299;302
299;303
299;304
299;305
299;306
299;307
299;308
299;309
299;310
299;311
299;312
299;313
299;314
299;315
299;316
299;317
299;318
299;319
299;320
299;321
299;322
299;323
299;324
299;325
299;326
299;327
299;328
299;329
299;330
299;331
299;332
299;333
299;334
299;335
299;336
299;337
299;338
299;339
299;340
299;341
299;342
299;343
299;344
299;345
299;346
299;347
299;348
299;349
299;350
299;351
299;352
299;353
299;354
299;355
299;356
299;357
299;358
299;359
299;360
299;361
299;362
299;363
299;364
299;365
299;366
299;367
299;368
299;369
299;370
299;371
299;372
299;373
299;374
299;375
299;376
299;377
299;378
299;379
299;380
299;381
299;382
299;383
299;384
299;385
299;386
299;387
299;388
299;389
299;390
299;391
299;392
299;393
299;394
299;395
299;396
299;397
299;398
299;399
299;400
299;401
299;402
299;403
299;404
299;405
299;406
299;785
299;786
299;787
299;788
299;789
299;790
299;791
299;792
299;793
299;794
299;795
299;796
299;797
299;798
299;799
299;800
299;801
299;802
299;803
299;804
299;805
299;806
299;807
299;808
299;809
299;810
299;811
300;26
300;27
300;28
300;29
300;30
300;31
300;32
300;33
300;34
300;35
300;36
300;37
300;38
300;39
300;40
300;41
300;42
300;43
300;44
300;45
300;46
300;47
300;48
300;49
300;50
300;51
300;52
300;53
300;54
300;55
300;56
300;57
300;58
300;59
300;60
300;61
300;62
300;63
300;64
300;65
300;66
300;67
300;68
300;69
300;70
300;71
300;72
300;73
300;74
300;75
300;76
300;77
300;78
300;79
300;80
300;81
300;82
300;83
300;84
300;85
300;86
300;87
300;88
300;89
300;90
300;91
300;92
300;93
300;94
300;95
300;96
300;97
300;98
300;99
300;100
300;101
300;102
300;103
300;104
300;105
300;106
300;107
300;108
300;109
300;110
300;111
300;112
300;113
300;114
300;115
300;116
300;117
300;118
300;119
300;120
300;121
300;122
300;123
300;124
300;125
300;126
300;127
300;128
300;129
300;130
300;131
300;132
300;133
300;134
300;135
300;136
300;137
300;138
300;139
300;140
300;141
300;142
300;143
300;144
300;145
300;146
300;147
300;148
300;149
300;150
300;151
300;152
300;153
300;154
300;155
300;156
300;157
300;158
300;159
300;160
300;161
300;162
300;163
300;164
300;165
300;166
300;167
300;168
300;169
300;170
300;171
300;172
300;173
300;174
300;175
300;176
300;177
300;178
300;179
300;180
300;181
300;182
300;183
300;184
300;185
300;186
300;233
300;234
300;235
300;236
300;237
300;238
300;239
300;240
300;241
300;242
300;243
300;244
300;245
300;246
300;247
300;248
300;249
300;250
300;251
300;252
300;253
300;254
300;255
300;256
300;257
300;258
300;259
300;260
300;261
300;262
300;263
300;264
300;265
300;266
300;267
300;268
300;269
300;270
300;271
300;272
300;273
300;274
300;275
300;276
300;277
300;278
300;279
300;280
300;281
300;282
300;283
300;284
300;285
300;286
300;287
300;288
300;289
300;290
300;291
300;292
300;293
300;294
300;295
300;296
300;297
300;298
300;299
300;300
300;301
300;302
300;303
300;304
300;305
300;306
300;307
300;308
300;309
300;310
300;311
300;312
300;313
300;314
300;315
300;316
300;317
300;318
300;319
300;320
300;321
300;322
300;323
300;324
300;325
300;326
300;327
300;328
300;329
300;330
300;331
300;332
300;333
300;334
300;335
300;336
300;337
300;338
300;339
300;340
300;341
300;342
300;343
300;344
300;345
300;346
300;347
300;348
300;349
300;350
300;351
300;352
300;353
300;354
300;355
300;356
300;357
300;358
300;359
300;360
300;361
300;362
300;363
300;364
300;365
300;366
300;367
300;368
300;369
300;370
300;371
300;372
300;373
300;374
300;375
300;376
300;377
300;378
300;379
300;380
300;381
300;382
300;383
300;384
300;385
300;386
300;387
300;388
300;389
300;390
300;391
300;392
300;393
300;394
300;395
300;396
300;397
300;398
300;399
300;400
300;401
300;402
300;403
300;404
300;405
300;406
300;407
300;783
300;784
300;785
300;786
300;787
300;788
300;789
300;790
300;791
300;792
300;793
300;794
300;795
300;796
300;797
300;798
300;799
300;800
300;801
300;802
300;803
300;804
300;805
300;806
300;807
300;808
300;809
300;810
300;811
301;26
301;27
301;28
301;29
301;30
301;31
301;32
301;33
301;34
301;35
301;36
301;37
301;38
301;39
301;40
301;41
301;42
301;43
301;44
301;45
301;46
301;47
301;48
301;49
301;50
301;51
301;52
301;53
301;54
301;55
301;56
301;57
301;58
301;59
301;60
301;61
301;62
301;63
301;64
301;65
301;66
301;67
301;68
301;69
301;70
301;71
301;72
301;73
301;74
301;75
301;76
301;77
301;78
301;79
301;80
301;81
301;82
301;83
301;84
301;85
301;86
301;87
301;88
301;89
301;90
301;91
301;92
301;93
301;94
301;95
301;96
301;97
301;98
301;99
301;100
301;101
301;102
301;103
301;104
301;105
301;106
301;107
301;108
301;109
301;110
301;111
301;112
301;113
301;114
301;115
301;116
301;117
301;118
301;119
301;120
301;121
301;122
301;123
301;124
301;125
301;126
301;127
301;128
301;129
301;130
301;131
301;132
301;133
301;134
301;135
301;136
301;137
301;138
301;139
301;140
301;141
301;142
301;143
301;144
301;145
301;146
301;147
301;148
301;149
301;150
301;151
301;152
301;153
301;154
301;155
301;156
301;157
301;158
301;159
301;160
301;161
301;162
301;163
301;164
301;165
301;166
301;167
301;168
301;169
301;170
301;171
301;172
301;173
301;174
301;175
301;176
301;177
301;178
301;179
301;180
301;181
301;182
301;183
301;184
301;232
301;233
301;234
301;235
301;236
301;237
301;238
301;239
301;240
301;241
301;242
301;243
301;244
301;245
301;246
301;247
301;248
301;249
301;250
301;251
301;252
301;253
301;254
301;255
301;256
301;257
301;258
301;259
301;260
301;261
301;262
301;263
301;264
301;265
301;266
301;267
301;268
301;269
301;270
301;271
301;272
301;273
301;274
301;275
301;276
301;277
301;278
301;279
301;280
301;281
301;282
301;283
301;284
301;285
301;286
301;287
301;288
301;289
301;290
301;291
301;292
301;293
301;294
301;295
301;296
301;297
301;298
301;299
301;300
301;301
301;302
301;303
301;304
301;305
301;306
301;307
301;308
301;309
301;310
301;311
301;312
301;313
301;314
301;315
301;316
301;317
301;318
301;319
301;320
301;321
301;322
301;323
301;324
301;325
301;326
301;327
301;328
301;329
301;330
301;331
301;332
301;333
301;334
301;335
301;336
301;337
301;338
301;339
301;340
301;341
301;342
301;343
301;344
301;345
301;346
301;347
301;348
301;349
301;350
301;351
301;352
301;353
301;354
301;355
301;356
301;357
301;358
301;359
301;360
301;361
301;362
301;363
301;364
301;365
301;366
301;367
301;368
301;369
301;370
301;371
301;372
301;373
301;374
301;375
301;376
301;377
301;378
301;379
301;380
301;381
301;382
301;383
301;384
301;385
301;386
301;387
301;388
301;389
301;390
301;391
301;392
301;393
301;394
301;395
301;396
301;397
301;398
301;399
301;400
301;401
301;402
301;403
301;404
301;405
301;406
301;407
301;781
301;782
301;783
301;784
301;785
301;786
301;787
301;788
301;789
301;790
301;791
301;792
301;793
301;794
301;795
301;796
301;797
301;798
301;799
301;800
301;801
301;802
301;803
301;804
301;805
301;806
301;807
301;808
301;809
301;810
301;811
301;812
302;28
302;29
302;30
302;31
302;32
302;33
302;34
302;35
302;36
302;37
302;38
302;39
302;40
302;41
302;42
302;43
302;44
302;45
302;46
302;47
302;48
302;49
302;50
302;51
302;52
302;53
302;54
302;55
302;56
302;57
302;58
302;59
302;60
302;61
302;62
302;63
302;64
302;65
302;66
302;67
302;68
302;69
302;70
302;71
302;72
302;73
302;74
302;75
302;76
302;77
302;78
302;79
302;80
302;81
302;82
302;83
302;84
302;85
302;86
302;87
302;88
302;89
302;90
302;91
302;92
302;93
302;94
302;95
302;96
302;97
302;98
302;99
302;100
302;101
302;102
302;103
302;104
302;105
302;106
302;107
302;108
302;109
302;110
302;111
302;112
302;113
302;114
302;115
302;116
302;117
302;118
302;119
302;120
302;121
302;122
302;123
302;124
302;125
302;126
302;127
302;128
302;129
302;130
302;131
302;132
302;133
302;134
302;135
302;136
302;137
302;138
302;139
302;140
302;141
302;142
302;143
302;144
302;145
302;146
302;147
302;148
302;149
302;150
302;151
302;152
302;153
302;154
302;155
302;156
302;157
302;158
302;159
302;160
302;161
302;162
302;163
302;164
302;165
302;166
302;167
302;168
302;169
302;170
302;171
302;172
302;173
302;174
302;175
302;176
302;177
302;178
302;179
302;180
302;181
302;182
302;183
302;184
302;231
302;232
302;233
302;234
302;235
302;236
302;237
302;238
302;239
302;240
302;241
302;242
302;243
302;244
302;245
302;246
302;247
302;248
302;249
302;250
302;251
302;252
302;253
302;254
302;255
302;256
302;257
302;258
302;259
302;260
302;261
302;262
302;263
302;264
302;265
302;266
302;267
302;268
302;269
302;270
302;271
302;272
302;273
302;274
302;275
302;276
302;277
302;278
302;279
302;280
302;281
302;282
302;283
302;284
302;285
302;286
302;287
302;288
302;289
302;290
302;291
302;292
302;293
302;294
302;295
302;296
302;297
302;298
302;299
302;300
302;301
302;302
302;303
302;304
302;305
302;306
302;307
302;308
302;309
302;310
302;311
302;312
302;313
302;314
302;315
302;316
302;317
302;318
302;319
302;320
302;321
302;322
302;323
302;324
302;325
302;326
302;327
302;328
302;329
302;330
302;331
302;332
302;333
302;334
302;335
302;336
302;337
302;338
302;339
302;340
302;341
302;342
302;343
302;344
302;345
302;346
302;347
302;348
302;349
302;350
302;351
302;352
302;353
302;354
302;355
302;356
302;357
302;358
302;359
302;360
302;361
302;362
302;363
302;364
302;365
302;366
302;367
302;368
302;369
302;370
302;371
302;372
302;373
302;374
302;375
302;376
302;377
302;378
302;379
302;380
302;381
302;382
302;383
302;384
302;385
302;386
302;387
302;388
302;389
302;390
302;391
302;392
302;393
302;394
302;395
302;396
302;397
302;398
302;399
302;400
302;401
302;402
302;403
302;404
302;405
302;406
302;407
302;408
302;779
302;780
302;781
302;782
302;783
302;784
302;785
302;786
302;787
302;788
302;789
302;790
302;791
302;792
302;793
302;794
302;795
302;796
302;797
302;798
302;799
302;800
302;801
302;802
302;803
302;804
302;805
302;806
302;807
302;808
302;809
302;810
302;811
302;812
302;813
303;28
303;29
303;30
303;31
303;32
303;33
303;34
303;35
303;36
303;37
303;38
303;39
303;40
303;41
303;42
303;43
303;44
303;45
303;46
303;47
303;48
303;49
303;50
303;51
303;52
303;53
303;54
303;55
303;56
303;57
303;58
303;59
303;60
303;61
303;62
303;63
303;64
303;65
303;66
303;67
303;68
303;69
303;70
303;71
303;72
303;73
303;74
303;75
303;76
303;77
303;78
303;79
303;80
303;81
303;82
303;83
303;84
303;85
303;86
303;87
303;88
303;89
303;90
303;91
303;92
303;93
303;94
303;95
303;96
303;97
303;98
303;99
303;100
303;101
303;102
303;103
303;104
303;105
303;106
303;107
303;108
303;109
303;110
303;111
303;112
303;113
303;114
303;115
303;116
303;117
303;118
303;119
303;120
303;121
303;122
303;123
303;124
303;125
303;126
303;127
303;128
303;129
303;130
303;131
303;132
303;133
303;134
303;135
303;136
303;137
303;138
303;139
303;140
303;141
303;142
303;143
303;144
303;145
303;146
303;147
303;148
303;149
303;150
303;151
303;152
303;153
303;154
303;155
303;156
303;157
303;158
303;159
303;160
303;161
303;162
303;163
303;164
303;165
303;166
303;167
303;168
303;169
303;170
303;171
303;172
303;173
303;174
303;175
303;176
303;177
303;178
303;179
303;180
303;181
303;182
303;231
303;232
303;233
303;234
303;235
303;236
303;237
303;238
303;239
303;240
303;241
303;242
303;243
303;244
303;245
303;246
303;247
303;248
303;249
303;250
303;251
303;252
303;253
303;254
303;255
303;256
303;257
303;258
303;259
303;260
303;261
303;262
303;263
303;264
303;265
303;266
303;267
303;268
303;269
303;270
303;271
303;272
303;273
303;274
303;275
303;276
303;277
303;278
303;279
303;280
303;281
303;282
303;283
303;284
303;285
303;286
303;287
303;288
303;289
303;290
303;291
303;292
303;293
303;294
303;295
303;296
303;297
303;298
303;299
303;300
303;301
303;302
303;303
303;304
303;305
303;306
303;307
303;308
303;309
303;310
303;311
303;312
303;313
303;314
303;315
303;316
303;317
303;318
303;319
303;320
303;321
303;322
303;323
303;324
303;325
303;326
303;327
303;328
303;329
303;330
303;331
303;332
303;333
303;334
303;335
303;336
303;337
303;338
303;339
303;340
303;341
303;342
303;343
303;344
303;345
303;346
303;347
303;348
303;349
303;350
303;351
303;352
303;353
303;354
303;355
303;356
303;357
303;358
303;359
303;360
303;361
303;362
303;363
303;364
303;365
303;366
303;367
303;368
303;369
303;370
303;371
303;372
303;373
303;374
303;375
303;376
303;377
303;378
303;379
303;380
303;381
303;382
303;383
303;384
303;385
303;386
303;387
303;388
303;389
303;390
303;391
303;392
303;393
303;394
303;395
303;396
303;397
303;398
303;399
303;400
303;401
303;402
303;403
303;404
303;405
303;406
303;407
303;408
303;409
303;777
303;778
303;779
303;780
303;781
303;782
303;783
303;784
303;785
303;786
303;787
303;788
303;789
303;790
303;791
303;792
303;793
303;794
303;795
303;796
303;797
303;798
303;799
303;800
303;801
303;802
303;803
303;804
303;805
303;806
303;807
303;808
303;809
303;810
303;811
303;812
303;813
304;30
304;31
304;32
304;33
304;34
304;35
304;36
304;37
304;38
304;39
304;40
304;41
304;42
304;43
304;44
304;45
304;46
304;47
304;48
304;49
304;50
304;51
304;52
304;53
304;54
304;55
304;56
304;57
304;58
304;59
304;60
304;61
304;62
304;63
304;64
304;65
304;66
304;67
304;68
304;69
304;70
304;71
304;72
304;73
304;74
304;75
304;76
304;77
304;78
304;79
304;80
304;81
304;82
304;83
304;84
304;85
304;86
304;87
304;88
304;89
304;90
304;91
304;92
304;93
304;94
304;95
304;96
304;97
304;98
304;99
304;100
304;101
304;102
304;103
304;104
304;105
304;106
304;107
304;108
304;109
304;110
304;111
304;112
304;113
304;114
304;115
304;116
304;117
304;118
304;119
304;120
304;121
304;122
304;123
304;124
304;125
304;126
304;127
304;128
304;129
304;130
304;131
304;132
304;133
304;134
304;135
304;136
304;137
304;138
304;139
304;140
304;141
304;142
304;143
304;144
304;145
304;146
304;147
304;148
304;149
304;150
304;151
304;152
304;153
304;154
304;155
304;156
304;157
304;158
304;159
304;160
304;161
304;162
304;163
304;164
304;165
304;166
304;167
304;168
304;169
304;170
304;171
304;172
304;173
304;174
304;175
304;176
304;177
304;178
304;179
304;180
304;181
304;182
304;230
304;231
304;232
304;233
304;234
304;235
304;236
304;237
304;238
304;239
304;240
304;241
304;242
304;243
304;244
304;245
304;246
304;247
304;248
304;249
304;250
304;251
304;252
304;253
304;254
304;255
304;256
304;257
304;258
304;259
304;260
304;261
304;262
304;263
304;264
304;265
304;266
304;267
304;268
304;269
304;270
304;271
304;272
304;273
304;274
304;275
304;276
304;277
304;278
304;279
304;280
304;281
304;282
304;283
304;284
304;285
304;286
304;287
304;288
304;289
304;290
304;291
304;292
304;293
304;294
304;295
304;296
304;297
304;298
304;299
304;300
304;301
304;302
304;303
304;304
304;305
304;306
304;307
304;308
304;309
304;310
304;311
304;312
304;313
304;314
304;315
304;316
304;317
304;318
304;319
304;320
304;321
304;322
304;323
304;324
304;325
304;326
304;327
304;328
304;329
304;330
304;331
304;332
304;333
304;334
304;335
304;336
304;337
304;338
304;339
304;340
304;341
304;342
304;343
304;344
304;345
304;346
304;347
304;348
304;349
304;350
304;351
304;352
304;353
304;354
304;355
304;356
304;357
304;358
304;359
304;360
304;361
304;362
304;363
304;364
304;365
304;366
304;367
304;368
304;369
304;370
304;371
304;372
304;373
304;374
304;375
304;376
304;377
304;378
304;379
304;380
304;381
304;382
304;383
304;384
304;385
304;386
304;387
304;388
304;389
304;390
304;391
304;392
304;393
304;394
304;395
304;396
304;397
304;398
304;399
304;400
304;401
304;402
304;403
304;404
304;405
304;406
304;407
304;408
304;409
304;775
304;776
304;777
304;778
304;779
304;780
304;781
304;782
304;783
304;784
304;785
304;786
304;787
304;788
304;789
304;790
304;791
304;792
304;793
304;794
304;795
304;796
304;797
304;798
304;799
304;800
304;801
304;802
304;803
304;804
304;805
304;806
304;807
304;808
304;809
304;810
304;811
304;812
304;813
304;814
304;815
305;30
305;31
305;32
305;33
305;34
305;35
305;36
305;37
305;38
305;39
305;40
305;41
305;42
305;43
305;44
305;45
305;46
305;47
305;48
305;49
305;50
305;51
305;52
305;53
305;54
305;55
305;56
305;57
305;58
305;59
305;60
305;61
305;62
305;63
305;64
305;65
305;66
305;67
305;68
305;69
305;70
305;71
305;72
305;73
305;74
305;75
305;76
305;77
305;78
305;79
305;80
305;81
305;82
305;83
305;84
305;85
305;86
305;87
305;88
305;89
305;90
305;91
305;92
305;93
305;94
305;95
305;96
305;97
305;98
305;99
305;100
305;101
305;102
305;103
305;104
305;105
305;106
305;107
305;108
305;109
305;110
305;111
305;112
305;113
305;114
305;115
305;116
305;117
305;118
305;119
305;120
305;121
305;122
305;123
305;124
305;125
305;126
305;127
305;128
305;129
305;130
305;131
305;132
305;133
305;134
305;135
305;136
305;137
305;138
305;139
305;140
305;141
305;142
305;143
305;144
305;145
305;146
305;147
305;148
305;149
305;150
305;151
305;152
305;153
305;154
305;155
305;156
305;157
305;158
305;159
305;160
305;161
305;162
305;163
305;164
305;165
305;166
305;167
305;168
305;169
305;170
305;171
305;172
305;173
305;174
305;175
305;176
305;177
305;178
305;179
305;180
305;229
305;230
305;231
305;232
305;233
305;234
305;235
305;236
305;237
305;238
305;239
305;240
305;241
305;242
305;243
305;244
305;245
305;246
305;247
305;248
305;249
305;250
305;251
305;252
305;253
305;254
305;255
305;256
305;257
305;258
305;259
305;260
305;261
305;262
305;263
305;264
305;265
305;266
305;267
305;268
305;269
305;270
305;271
305;272
305;273
305;274
305;275
305;276
305;277
305;278
305;279
305;280
305;281
305;282
305;283
305;284
305;285
305;286
305;287
305;288
305;289
305;290
305;291
305;292
305;293
305;294
305;295
305;296
305;297
305;298
305;299
305;300
305;301
305;302
305;303
305;304
305;305
305;306
305;307
305;308
305;309
305;310
305;311
305;312
305;313
305;314
305;315
305;316
305;317
305;318
305;319
305;320
305;321
305;322
305;323
305;324
305;325
305;326
305;327
305;328
305;329
305;330
305;331
305;332
305;333
305;334
305;335
305;336
305;337
305;338
305;339
305;340
305;341
305;342
305;343
305;344
305;345
305;346
305;347
305;348
305;349
305;350
305;351
305;352
305;353
305;354
305;355
305;356
305;357
305;358
305;359
305;360
305;361
305;362
305;363
305;364
305;365
305;366
305;367
305;368
305;369
305;370
305;371
305;372
305;373
305;374
305;375
305;376
305;377
305;378
305;379
305;380
305;381
305;382
305;383
305;384
305;385
305;386
305;387
305;388
305;389
305;390
305;391
305;392
305;393
305;394
305;395
305;396
305;397
305;398
305;399
305;400
305;401
305;402
305;403
305;404
305;405
305;406
305;407
305;408
305;409
305;410
305;773
305;774
305;775
305;776
305;777
305;778
305;779
305;780
305;781
305;782
305;783
305;784
305;785
305;786
305;787
305;788
305;789
305;790
305;791
305;792
305;793
305;794
305;795
305;796
305;797
305;798
305;799
305;800
305;801
305;802
305;803
305;804
305;805
305;806
305;807
305;808
305;809
305;810
305;811
305;812
305;813
305;814
305;815
306;32
306;33
306;34
306;35
306;36
306;37
306;38
306;39
306;40
306;41
306;42
306;43
306;44
306;45
306;46
306;47
306;48
306;49
306;50
306;51
306;52
306;53
306;54
306;55
306;56
306;57
306;58
306;59
306;60
306;61
306;62
306;63
306;64
306;65
306;66
306;67
306;68
306;69
306;70
306;71
306;72
306;73
306;74
306;75
306;76
306;77
306;78
306;79
306;80
306;81
306;82
306;83
306;84
306;85
306;86
306;87
306;88
306;89
306;90
306;91
306;92
306;93
306;94
306;95
306;96
306;97
306;98
306;99
306;100
306;101
306;102
306;103
306;104
306;105
306;106
306;107
306;108
306;109
306;110
306;111
306;112
306;113
306;114
306;115
306;116
306;117
306;118
306;119
306;120
306;121
306;122
306;123
306;124
306;125
306;126
306;127
306;128
306;129
306;130
306;131
306;132
306;133
306;134
306;135
306;136
306;137
306;138
306;139
306;140
306;141
306;142
306;143
306;144
306;145
306;146
306;147
306;148
306;149
306;150
306;151
306;152
306;153
306;154
306;155
306;156
306;157
306;158
306;159
306;160
306;161
306;162
306;163
306;164
306;165
306;166
306;167
306;168
306;169
306;170
306;171
306;172
306;173
306;174
306;175
306;176
306;177
306;178
306;179
306;180
306;229
306;230
306;231
306;232
306;233
306;234
306;235
306;236
306;237
306;238
306;239
306;240
306;241
306;242
306;243
306;244
306;245
306;246
306;247
306;248
306;249
306;250
306;251
306;252
306;253
306;254
306;255
306;256
306;257
306;258
306;259
306;260
306;261
306;262
306;263
306;264
306;265
306;266
306;267
306;268
306;269
306;270
306;271
306;272
306;273
306;274
306;275
306;276
306;277
306;278
306;279
306;280
306;281
306;282
306;283
306;284
306;285
306;286
306;287
306;288
306;289
306;290
306;291
306;292
306;293
306;294
306;295
306;296
306;297
306;298
306;299
306;300
306;301
306;302
306;303
306;304
306;305
306;306
306;307
306;308
306;309
306;310
306;311
306;312
306;313
306;314
306;315
306;316
306;317
306;318
306;319
306;320
306;321
306;322
306;323
306;324
306;325
306;326
306;327
306;328
306;329
306;330
306;331
306;332
306;333
306;334
306;335
306;336
306;337
306;338
306;339
306;340
306;341
306;342
306;343
306;344
306;345
306;346
306;347
306;348
306;349
306;350
306;351
306;352
306;353
306;354
306;355
306;356
306;357
306;358
306;359
306;360
306;361
306;362
306;363
306;364
306;365
306;366
306;367
306;368
306;369
306;370
306;371
306;372
306;373
306;374
306;375
306;376
306;377
306;378
306;379
306;380
306;381
306;382
306;383
306;384
306;385
306;386
306;387
306;388
306;389
306;390
306;391
306;392
306;393
306;394
306;395
306;396
306;397
306;398
306;399
306;400
306;401
306;402
306;403
306;404
306;405
306;406
306;407
306;408
306;409
306;410
306;411
306;771
306;772
306;773
306;774
306;775
306;776
306;777
306;778
306;779
306;780
306;781
306;782
306;783
306;784
306;785
306;786
306;787
306;788
306;789
306;790
306;791
306;792
306;793
306;794
306;795
306;796
306;797
306;798
306;799
306;800
306;801
306;802
306;803
306;804
306;805
306;806
306;807
306;808
306;809
306;810
306;811
306;812
306;813
306;814
306;815
306;816
307;33
307;34
307;35
307;36
307;37
307;38
307;39
307;40
307;41
307;42
307;43
307;44
307;45
307;46
307;47
307;48
307;49
307;50
307;51
307;52
307;53
307;54
307;55
307;56
307;57
307;58
307;59
307;60
307;61
307;62
307;63
307;64
307;65
307;66
307;67
307;68
307;69
307;70
307;71
307;72
307;73
307;74
307;75
307;76
307;77
307;78
307;79
307;80
307;81
307;82
307;83
307;84
307;85
307;86
307;87
307;88
307;89
307;90
307;91
307;92
307;93
307;94
307;95
307;96
307;97
307;98
307;99
307;100
307;101
307;102
307;103
307;104
307;105
307;106
307;107
307;108
307;109
307;110
307;111
307;112
307;113
307;114
307;115
307;116
307;117
307;118
307;119
307;120
307;121
307;122
307;123
307;124
307;125
307;126
307;127
307;128
307;129
307;130
307;131
307;132
307;133
307;134
307;135
307;136
307;137
307;138
307;139
307;140
307;141
307;142
307;143
307;144
307;145
307;146
307;147
307;148
307;149
307;150
307;151
307;152
307;153
307;154
307;155
307;156
307;157
307;158
307;159
307;160
307;161
307;162
307;163
307;164
307;165
307;166
307;167
307;168
307;169
307;170
307;171
307;172
307;173
307;174
307;175
307;176
307;177
307;178
307;228
307;229
307;230
307;231
307;232
307;233
307;234
307;235
307;236
307;237
307;238
307;239
307;240
307;241
307;242
307;243
307;244
307;245
307;246
307;247
307;248
307;249
307;250
307;251
307;252
307;253
307;254
307;255
307;256
307;257
307;258
307;259
307;260
307;261
307;262
307;263
307;264
307;265
307;266
307;267
307;268
307;269
307;270
307;271
307;272
307;273
307;274
307;275
307;276
307;277
307;278
307;279
307;280
307;281
307;282
307;283
307;284
307;285
307;286
307;287
307;288
307;289
307;290
307;291
307;292
307;293
307;294
307;295
307;296
307;297
307;298
307;299
307;300
307;301
307;302
307;303
307;304
307;305
307;306
307;307
307;308
307;309
307;310
307;311
307;312
307;313
307;314
307;315
307;316
307;317
307;318
307;319
307;320
307;321
307;322
307;323
307;324
307;325
307;326
307;327
307;328
307;329
307;330
307;331
307;332
307;333
307;334
307;335
307;336
307;337
307;338
307;339
307;340
307;341
307;342
307;343
307;344
307;345
307;346
307;347
307;348
307;349
307;350
307;351
307;352
307;353
307;354
307;355
307;356
307;357
307;358
307;359
307;360
307;361
307;362
307;363
307;364
307;365
307;366
307;367
307;368
307;369
307;370
307;371
307;372
307;373
307;374
307;375
307;376
307;377
307;378
307;379
307;380
307;381
307;382
307;383
307;384
307;385
307;386
307;387
307;388
307;389
307;390
307;391
307;392
307;393
307;394
307;395
307;396
307;397
307;398
307;399
307;400
307;401
307;402
307;403
307;404
307;405
307;406
307;407
307;408
307;409
307;410
307;411
307;769
307;770
307;771
307;772
307;773
307;774
307;775
307;776
307;777
307;778
307;779
307;780
307;781
307;782
307;783
307;784
307;785
307;786
307;787
307;788
307;789
307;790
307;791
307;792
307;793
307;794
307;795
307;796
307;797
307;798
307;799
307;800
307;801
307;802
307;803
307;804
307;805
307;806
307;807
307;808
307;809
307;810
307;811
307;812
307;813
307;814
307;815
307;816
307;817
308;34
308;35
308;36
308;37
308;38
308;39
308;40
308;41
308;42
308;43
308;44
308;45
308;46
308;47
308;48
308;49
308;50
308;51
308;52
308;53
308;54
308;55
308;56
308;57
308;58
308;59
308;60
308;61
308;62
308;63
308;64
308;65
308;66
308;67
308;68
308;69
308;70
308;71
308;72
308;73
308;74
308;75
308;76
308;77
308;78
308;79
308;80
308;81
308;82
308;83
308;84
308;85
308;86
308;87
308;88
308;89
308;90
308;91
308;92
308;93
308;94
308;95
308;96
308;97
308;98
308;99
308;100
308;101
308;102
308;103
308;104
308;105
308;106
308;107
308;108
308;109
308;110
308;111
308;112
308;113
308;114
308;115
308;116
308;117
308;118
308;119
308;120
308;121
308;122
308;123
308;124
308;125
308;126
308;127
308;128
308;129
308;130
308;131
308;132
308;133
308;134
308;135
308;136
308;137
308;138
308;139
308;140
308;141
308;142
308;143
308;144
308;145
308;146
308;147
308;148
308;149
308;150
308;151
308;152
308;153
308;154
308;155
308;156
308;157
308;158
308;159
308;160
308;161
308;162
308;163
308;164
308;165
308;166
308;167
308;168
308;169
308;170
308;171
308;172
308;173
308;174
308;175
308;176
308;177
308;227
308;228
308;229
308;230
308;231
308;232
308;233
308;234
308;235
308;236
308;237
308;238
308;239
308;240
308;241
308;242
308;243
308;244
308;245
308;246
308;247
308;248
308;249
308;250
308;251
308;252
308;253
308;254
308;255
308;256
308;257
308;258
308;259
308;260
308;261
308;262
308;263
308;264
308;265
308;266
308;267
308;268
308;269
308;270
308;271
308;272
308;273
308;274
308;275
308;276
308;277
308;278
308;279
308;280
308;281
308;282
308;283
308;284
308;285
308;286
308;287
308;288
308;289
308;290
308;291
308;292
308;293
308;294
308;295
308;296
308;297
308;298
308;299
308;300
308;301
308;302
308;303
308;304
308;305
308;306
308;307
308;308
308;309
308;310
308;311
308;312
308;313
308;314
308;315
308;316
308;317
308;318
308;319
308;320
308;321
308;322
308;323
308;324
308;325
308;326
308;327
308;328
308;329
308;330
308;331
308;332
308;333
308;334
308;335
308;336
308;337
308;338
308;339
308;340
308;341
308;342
308;343
308;344
308;345
308;346
308;347
308;348
308;349
308;350
308;351
308;352
308;353
308;354
308;355
308;356
308;357
308;358
308;359
308;360
308;361
308;362
308;363
308;364
308;365
308;366
308;367
308;368
308;369
308;370
308;371
308;372
308;373
308;374
308;375
308;376
308;377
308;378
308;379
308;380
308;381
308;382
308;383
308;384
308;385
308;386
308;387
308;388
308;389
308;390
308;391
308;392
308;393
308;394
308;395
308;396
308;397
308;398
308;399
308;400
308;401
308;402
308;403
308;404
308;405
308;406
308;407
308;408
308;409
308;410
308;411
308;767
308;768
308;769
308;770
308;771
308;772
308;773
308;774
308;775
308;776
308;777
308;778
308;779
308;780
308;781
308;782
308;783
308;784
308;785
308;786
308;787
308;788
308;789
308;790
308;791
308;792
308;793
308;794
308;795
308;796
308;797
308;798
308;799
308;800
308;801
308;802
308;803
308;804
308;805
308;806
308;807
308;808
308;809
308;810
308;811
308;812
308;813
308;814
308;815
308;816
308;817
309;36
309;37
309;38
309;39
309;40
309;41
309;42
309;43
309;44
309;45
309;46
309;47
309;48
309;49
309;50
309;51
309;52
309;53
309;54
309;55
309;56
309;57
309;58
309;59
309;60
309;61
309;62
309;63
309;64
309;65
309;66
309;67
309;68
309;69
309;70
309;71
309;72
309;73
309;74
309;75
309;76
309;77
309;78
309;79
309;80
309;81
309;82
309;83
309;84
309;85
309;86
309;87
309;88
309;89
309;90
309;91
309;92
309;93
309;94
309;95
309;96
309;97
309;98
309;99
309;100
309;101
309;102
309;103
309;104
309;105
309;106
309;107
309;108
309;109
309;110
309;111
309;112
309;113
309;114
309;115
309;116
309;117
309;118
309;119
309;120
309;121
309;122
309;123
309;124
309;125
309;126
309;127
309;128
309;129
309;130
309;131
309;132
309;133
309;134
309;135
309;136
309;137
309;138
309;139
309;140
309;141
309;142
309;143
309;144
309;145
309;146
309;147
309;148
309;149
309;150
309;151
309;152
309;153
309;154
309;155
309;156
309;157
309;158
309;159
309;160
309;161
309;162
309;163
309;164
309;165
309;166
309;167
309;168
309;169
309;170
309;171
309;172
309;173
309;174
309;175
309;176
309;227
309;228
309;229
309;230
309;231
309;232
309;233
309;234
309;235
309;236
309;237
309;238
309;239
309;240
309;241
309;242
309;243
309;244
309;245
309;246
309;247
309;248
309;249
309;250
309;251
309;252
309;253
309;254
309;255
309;256
309;257
309;258
309;259
309;260
309;261
309;262
309;263
309;264
309;265
309;266
309;267
309;268
309;269
309;270
309;271
309;272
309;273
309;274
309;275
309;276
309;277
309;278
309;279
309;280
309;281
309;282
309;283
309;284
309;285
309;286
309;287
309;288
309;289
309;290
309;291
309;292
309;293
309;294
309;295
309;296
309;297
309;298
309;299
309;300
309;301
309;302
309;303
309;304
309;305
309;306
309;307
309;308
309;309
309;310
309;311
309;312
309;313
309;314
309;315
309;316
309;317
309;318
309;319
309;320
309;321
309;322
309;323
309;324
309;325
309;326
309;327
309;328
309;329
309;330
309;331
309;332
309;333
309;334
309;335
309;336
309;337
309;338
309;339
309;340
309;341
309;342
309;343
309;344
309;345
309;346
309;347
309;348
309;349
309;350
309;351
309;352
309;353
309;354
309;355
309;356
309;357
309;358
309;359
309;360
309;361
309;362
309;363
309;364
309;365
309;366
309;367
309;368
309;369
309;370
309;371
309;372
309;373
309;374
309;375
309;376
309;377
309;378
309;379
309;380
309;381
309;382
309;383
309;384
309;385
309;386
309;387
309;388
309;389
309;390
309;391
309;392
309;393
309;394
309;395
309;396
309;397
309;398
309;399
309;400
309;401
309;402
309;403
309;404
309;405
309;406
309;407
309;408
309;409
309;410
309;411
309;412
309;766
309;767
309;768
309;769
309;770
309;771
309;772
309;773
309;774
309;775
309;776
309;777
309;778
309;779
309;780
309;781
309;782
309;783
309;784
309;785
309;786
309;787
309;788
309;789
309;790
309;791
309;792
309;793
309;794
309;795
309;796
309;797
309;798
309;799
309;800
309;801
309;802
309;803
309;804
309;805
309;806
309;807
309;808
309;809
309;810
309;811
309;812
309;813
309;814
309;815
309;816
309;817
309;818
310;36
310;37
310;38
310;39
310;40
310;41
310;42
310;43
310;44
310;45
310;46
310;47
310;48
310;49
310;50
310;51
310;52
310;53
310;54
310;55
310;56
310;57
310;58
310;59
310;60
310;61
310;62
310;63
310;64
310;65
310;66
310;67
310;68
310;69
310;70
310;71
310;72
310;73
310;74
310;75
310;76
310;77
310;78
310;79
310;80
310;81
310;82
310;83
310;84
310;85
310;86
310;87
310;88
310;89
310;90
310;91
310;92
310;93
310;94
310;95
310;96
310;97
310;98
310;99
310;100
310;101
310;102
310;103
310;104
310;105
310;106
310;107
310;108
310;109
310;110
310;111
310;112
310;113
310;114
310;115
310;116
310;117
310;118
310;119
310;120
310;121
310;122
310;123
310;124
310;125
310;126
310;127
310;128
310;129
310;130
310;131
310;132
310;133
310;134
310;135
310;136
310;137
310;138
310;139
310;140
310;141
310;142
310;143
310;144
310;145
310;146
310;147
310;148
310;149
310;150
310;151
310;152
310;153
310;154
310;155
310;156
310;157
310;158
310;159
310;160
310;161
310;162
310;163
310;164
310;165
310;166
310;167
310;168
310;169
310;170
310;171
310;172
310;173
310;174
310;227
310;228
310;229
310;230
310;231
310;232
310;233
310;234
310;235
310;236
310;237
310;238
310;239
310;240
310;241
310;242
310;243
310;244
310;245
310;246
310;247
310;248
310;249
310;250
310;251
310;252
310;253
310;254
310;255
310;256
310;257
310;258
310;259
310;260
310;261
310;262
310;263
310;264
310;265
310;266
310;267
310;268
310;269
310;270
310;271
310;272
310;273
310;274
310;275
310;276
310;277
310;278
310;279
310;280
310;281
310;282
310;283
310;284
310;285
310;286
310;287
310;288
310;289
310;290
310;291
310;292
310;293
310;294
310;295
310;296
310;297
310;298
310;299
310;300
310;301
310;302
310;303
310;304
310;305
310;306
310;307
310;308
310;309
310;310
310;311
310;312
310;313
310;314
310;315
310;316
310;317
310;318
310;319
310;320
310;321
310;322
310;323
310;324
310;325
310;326
310;327
310;328
310;329
310;330
310;331
310;332
310;333
310;334
310;335
310;336
310;337
310;338
310;339
310;340
310;341
310;342
310;343
310;344
310;345
310;346
310;347
310;348
310;349
310;350
310;351
310;352
310;353
310;354
310;355
310;356
310;357
310;358
310;359
310;360
310;361
310;362
310;363
310;364
310;365
310;366
310;367
310;368
310;369
310;370
310;371
310;372
310;373
310;374
310;375
310;376
310;377
310;378
310;379
310;380
310;381
310;382
310;383
310;384
310;385
310;386
310;387
310;388
310;389
310;390
310;391
310;392
310;393
310;394
310;395
310;396
310;397
310;398
310;399
310;400
310;401
310;402
310;403
310;404
310;405
310;406
310;407
310;408
310;409
310;410
310;411
310;412
310;413
310;765
310;766
310;767
310;768
310;769
310;770
310;771
310;772
310;773
310;774
310;775
310;776
310;777
310;778
310;779
310;780
310;781
310;782
310;783
310;784
310;785
310;786
310;787
310;788
310;789
310;790
310;791
310;792
310;793
310;794
310;795
310;796
310;797
310;798
310;799
310;800
310;801
310;802
310;803
310;804
310;805
310;806
310;807
310;808
310;809
310;810
310;811
310;812
310;813
310;814
310;815
310;816
310;817
310;818
310;819
311;38
311;39
311;40
311;41
311;42
311;43
311;44
311;45
311;46
311;47
311;48
311;49
311;50
311;51
311;52
311;53
311;54
311;55
311;56
311;57
311;58
311;59
311;60
311;61
311;62
311;63
311;64
311;65
311;66
311;67
311;68
311;69
311;70
311;71
311;72
311;73
311;74
311;75
311;76
311;77
311;78
311;79
311;80
311;81
311;82
311;83
311;84
311;85
311;86
311;87
311;88
311;89
311;90
311;91
311;92
311;93
311;94
311;95
311;96
311;97
311;98
311;99
311;100
311;101
311;102
311;103
311;104
311;105
311;106
311;107
311;108
311;109
311;110
311;111
311;112
311;113
311;114
311;115
311;116
311;117
311;118
311;119
311;120
311;121
311;122
311;123
311;124
311;125
311;126
311;127
311;128
311;129
311;130
311;131
311;132
311;133
311;134
311;135
311;136
311;137
311;138
311;139
311;140
311;141
311;142
311;143
311;144
311;145
311;146
311;147
311;148
311;149
311;150
311;151
311;152
311;153
311;154
311;155
311;156
311;157
311;158
311;159
311;160
311;161
311;162
311;163
311;164
311;165
311;166
311;167
311;168
311;169
311;170
311;171
311;172
311;173
311;226
311;227
311;228
311;229
311;230
311;231
311;232
311;233
311;234
311;235
311;236
311;237
311;238
311;239
311;240
311;241
311;242
311;243
311;244
311;245
311;246
311;247
311;248
311;249
311;250
311;251
311;252
311;253
311;254
311;255
311;256
311;257
311;258
311;259
311;260
311;261
311;262
311;263
311;264
311;265
311;266
311;267
311;268
311;269
311;270
311;271
311;272
311;273
311;274
311;275
311;276
311;277
311;278
311;279
311;280
311;281
311;282
311;283
311;284
311;285
311;286
311;287
311;288
311;289
311;290
311;291
311;292
311;293
311;294
311;295
311;296
311;297
311;298
311;299
311;300
311;301
311;302
311;303
311;304
311;305
311;306
311;307
311;308
311;309
311;310
311;311
311;312
311;313
311;314
311;315
311;316
311;317
311;318
311;319
311;320
311;321
311;322
311;323
311;324
311;325
311;326
311;327
311;328
311;329
311;330
311;331
311;332
311;333
311;334
311;335
311;336
311;337
311;338
311;339
311;340
311;341
311;342
311;343
311;344
311;345
311;346
311;347
311;348
311;349
311;350
311;351
311;352
311;353
311;354
311;355
311;356
311;357
311;358
311;359
311;360
311;361
311;362
311;363
311;364
311;365
311;366
311;367
311;368
311;369
311;370
311;371
311;372
311;373
311;374
311;375
311;376
311;377
311;378
311;379
311;380
311;381
311;382
311;383
311;384
311;385
311;386
311;387
311;388
311;389
311;390
311;391
311;392
311;393
311;394
311;395
311;396
311;397
311;398
311;399
311;400
311;401
311;402
311;403
311;404
311;405
311;406
311;407
311;408
311;409
311;410
311;411
311;412
311;413
311;763
311;764
311;765
311;766
311;767
311;768
311;769
311;770
311;771
311;772
311;773
311;774
311;775
311;776
311;777
311;778
311;779
311;780
311;781
311;782
311;783
311;784
311;785
311;786
311;787
311;788
311;789
311;790
311;791
311;792
311;793
311;794
311;795
311;796
311;797
311;798
311;799
311;800
311;801
311;802
311;803
311;804
311;805
311;806
311;807
311;808
311;809
311;810
311;811
311;812
311;813
311;814
311;815
311;816
311;817
311;818
311;819
312;40
312;41
312;42
312;43
312;44
312;45
312;46
312;47
312;48
312;49
312;50
312;51
312;52
312;53
312;54
312;55
312;56
312;57
312;58
312;59
312;60
312;61
312;62
312;63
312;64
312;65
312;66
312;67
312;68
312;69
312;70
312;71
312;72
312;73
312;74
312;75
312;76
312;77
312;78
312;79
312;80
312;81
312;82
312;83
312;84
312;85
312;86
312;87
312;88
312;89
312;90
312;91
312;92
312;93
312;94
312;95
312;96
312;97
312;98
312;99
312;100
312;101
312;102
312;103
312;104
312;105
312;106
312;107
312;108
312;109
312;110
312;111
312;112
312;113
312;114
312;115
312;116
312;117
312;118
312;119
312;120
312;121
312;122
312;123
312;124
312;125
312;126
312;127
312;128
312;129
312;130
312;131
312;132
312;133
312;134
312;135
312;136
312;137
312;138
312;139
312;140
312;141
312;142
312;143
312;144
312;145
312;146
312;147
312;148
312;149
312;150
312;151
312;152
312;153
312;154
312;155
312;156
312;157
312;158
312;159
312;160
312;161
312;162
312;163
312;164
312;165
312;166
312;167
312;168
312;169
312;170
312;171
312;172
312;225
312;226
312;227
312;228
312;229
312;230
312;231
312;232
312;233
312;234
312;235
312;236
312;237
312;238
312;239
312;240
312;241
312;242
312;243
312;244
312;245
312;246
312;247
312;248
312;249
312;250
312;251
312;252
312;253
312;254
312;255
312;256
312;257
312;258
312;259
312;260
312;261
312;262
312;263
312;264
312;265
312;266
312;267
312;268
312;269
312;270
312;271
312;272
312;273
312;274
312;275
312;276
312;277
312;278
312;279
312;280
312;281
312;282
312;283
312;284
312;285
312;286
312;287
312;288
312;289
312;290
312;291
312;292
312;293
312;294
312;295
312;296
312;297
312;298
312;299
312;300
312;301
312;302
312;303
312;304
312;305
312;306
312;307
312;308
312;309
312;310
312;311
312;312
312;313
312;314
312;315
312;316
312;317
312;318
312;319
312;320
312;321
312;322
312;323
312;324
312;325
312;326
312;327
312;328
312;329
312;330
312;331
312;332
312;333
312;334
312;335
312;336
312;337
312;338
312;339
312;340
312;341
312;342
312;343
312;344
312;345
312;346
312;347
312;348
312;349
312;350
312;351
312;352
312;353
312;354
312;355
312;356
312;357
312;358
312;359
312;360
312;361
312;362
312;363
312;364
312;365
312;366
312;367
312;368
312;369
312;370
312;371
312;372
312;373
312;374
312;375
312;376
312;377
312;378
312;379
312;380
312;381
312;382
312;383
312;384
312;385
312;386
312;387
312;388
312;389
312;390
312;391
312;392
312;393
312;394
312;395
312;396
312;397
312;398
312;399
312;400
312;401
312;402
312;403
312;404
312;405
312;406
312;407
312;408
312;409
312;410
312;411
312;412
312;413
312;414
312;761
312;762
312;763
312;764
312;765
312;766
312;767
312;768
312;769
312;770
312;771
312;772
312;773
312;774
312;775
312;776
312;777
312;778
312;779
312;780
312;781
312;782
312;783
312;784
312;785
312;786
312;787
312;788
312;789
312;790
312;791
312;792
312;793
312;794
312;795
312;796
312;797
312;798
312;799
312;800
312;801
312;802
312;803
312;804
312;805
312;806
312;807
312;808
312;809
312;810
312;811
312;812
312;813
312;814
312;815
312;816
312;817
312;818
312;819
312;820
313;40
313;41
313;42
313;43
313;44
313;45
313;46
313;47
313;48
313;49
313;50
313;51
313;52
313;53
313;54
313;55
313;56
313;57
313;58
313;59
313;60
313;61
313;62
313;63
313;64
313;65
313;66
313;67
313;68
313;69
313;70
313;71
313;72
313;73
313;74
313;75
313;76
313;77
313;78
313;79
313;80
313;81
313;82
313;83
313;84
313;85
313;86
313;87
313;88
313;89
313;90
313;91
313;92
313;93
313;94
313;95
313;96
313;97
313;98
313;99
313;100
313;101
313;102
313;103
313;104
313;105
313;106
313;107
313;108
313;109
313;110
313;111
313;112
313;113
313;114
313;115
313;116
313;117
313;118
313;119
313;120
313;121
313;122
313;123
313;124
313;125
313;126
313;127
313;128
313;129
313;130
313;131
313;132
313;133
313;134
313;135
313;136
313;137
313;138
313;139
313;140
313;141
313;142
313;143
313;144
313;145
313;146
313;147
313;148
313;149
313;150
313;151
313;152
313;153
313;154
313;155
313;156
313;157
313;158
313;159
313;160
313;161
313;162
313;163
313;164
313;165
313;166
313;167
313;168
313;169
313;170
313;225
313;226
313;227
313;228
313;229
313;230
313;231
313;232
313;233
313;234
313;235
313;236
313;237
313;238
313;239
313;240
313;241
313;242
313;243
313;244
313;245
313;246
313;247
313;248
313;249
313;250
313;251
313;252
313;253
313;254
313;255
313;256
313;257
313;258
313;259
313;260
313;261
313;262
313;263
313;264
313;265
313;266
313;267
313;268
313;269
313;270
313;271
313;272
313;273
313;274
313;275
313;276
313;277
313;278
313;279
313;280
313;281
313;282
313;283
313;284
313;285
313;286
313;287
313;288
313;289
313;290
313;291
313;292
313;293
313;294
313;295
313;296
313;297
313;298
313;299
313;300
313;301
313;302
313;303
313;304
313;305
313;306
313;307
313;308
313;309
313;310
313;311
313;312
313;313
313;314
313;315
313;316
313;317
313;318
313;319
313;320
313;321
313;322
313;323
313;324
313;325
313;326
313;327
313;328
313;329
313;330
313;331
313;332
313;333
313;334
313;335
313;336
313;337
313;338
313;339
313;340
313;341
313;342
313;343
313;344
313;345
313;346
313;347
313;348
313;349
313;350
313;351
313;352
313;353
313;354
313;355
313;356
313;357
313;358
313;359
313;360
313;361
313;362
313;363
313;364
313;365
313;366
313;367
313;368
313;369
313;370
313;371
313;372
313;373
313;374
313;375
313;376
313;377
313;378
313;379
313;380
313;381
313;382
313;383
313;384
313;385
313;386
313;387
313;388
313;389
313;390
313;391
313;392
313;393
313;394
313;395
313;396
313;397
313;398
313;399
313;400
313;401
313;402
313;403
313;404
313;405
313;406
313;407
313;408
313;409
313;410
313;411
313;412
313;413
313;414
313;759
313;760
313;761
313;762
313;763
313;764
313;765
313;766
313;767
313;768
313;769
313;770
313;771
313;772
313;773
313;774
313;775
313;776
313;777
313;778
313;779
313;780
313;781
313;782
313;783
313;784
313;785
313;786
313;787
313;788
313;789
313;790
313;791
313;792
313;793
313;794
313;795
313;796
313;797
313;798
313;799
313;800
313;801
313;802
313;803
313;804
313;805
313;806
313;807
313;808
313;809
313;810
313;811
313;812
313;813
313;814
313;815
313;816
313;817
313;818
313;819
313;820
313;821
314;42
314;43
314;44
314;45
314;46
314;47
314;48
314;49
314;50
314;51
314;52
314;53
314;54
314;55
314;56
314;57
314;58
314;59
314;60
314;61
314;62
314;63
314;64
314;65
314;66
314;67
314;68
314;69
314;70
314;71
314;72
314;73
314;74
314;75
314;76
314;77
314;78
314;79
314;80
314;81
314;82
314;83
314;84
314;85
314;86
314;87
314;88
314;89
314;90
314;91
314;92
314;93
314;94
314;95
314;96
314;97
314;98
314;99
314;100
314;101
314;102
314;103
314;104
314;105
314;106
314;107
314;108
314;109
314;110
314;111
314;112
314;113
314;114
314;115
314;116
314;117
314;118
314;119
314;120
314;121
314;122
314;123
314;124
314;125
314;126
314;127
314;128
314;129
314;130
314;131
314;132
314;133
314;134
314;135
314;136
314;137
314;138
314;139
314;140
314;141
314;142
314;143
314;144
314;145
314;146
314;147
314;148
314;149
314;150
314;151
314;152
314;153
314;154
314;155
314;156
314;157
314;158
314;159
314;160
314;161
314;162
314;163
314;164
314;165
314;166
314;167
314;168
314;169
314;225
314;226
314;227
314;228
314;229
314;230
314;231
314;232
314;233
314;234
314;235
314;236
314;237
314;238
314;239
314;240
314;241
314;242
314;243
314;244
314;245
314;246
314;247
314;248
314;249
314;250
314;251
314;252
314;253
314;254
314;255
314;256
314;257
314;258
314;259
314;260
314;261
314;262
314;263
314;264
314;265
314;266
314;267
314;268
314;269
314;270
314;271
314;272
314;273
314;274
314;275
314;276
314;277
314;278
314;279
314;280
314;281
314;282
314;283
314;284
314;285
314;286
314;287
314;288
314;289
314;290
314;291
314;292
314;293
314;294
314;295
314;296
314;297
314;298
314;299
314;300
314;301
314;302
314;303
314;304
314;305
314;306
314;307
314;308
314;309
314;310
314;311
314;312
314;313
314;314
314;315
314;316
314;317
314;318
314;319
314;320
314;321
314;322
314;323
314;324
314;325
314;326
314;327
314;328
314;329
314;330
314;331
314;332
314;333
314;334
314;335
314;336
314;337
314;338
314;339
314;340
314;341
314;342
314;343
314;344
314;345
314;346
314;347
314;348
314;349
314;350
314;351
314;352
314;353
314;354
314;355
314;356
314;357
314;358
314;359
314;360
314;361
314;362
314;363
314;364
314;365
314;366
314;367
314;368
314;369
314;370
314;371
314;372
314;373
314;374
314;375
314;376
314;377
314;378
314;379
314;380
314;381
314;382
314;383
314;384
314;385
314;386
314;387
314;388
314;389
314;390
314;391
314;392
314;393
314;394
314;395
314;396
314;397
314;398
314;399
314;400
314;401
314;402
314;403
314;404
314;405
314;406
314;407
314;408
314;409
314;410
314;411
314;412
314;413
314;414
314;415
314;757
314;758
314;759
314;760
314;761
314;762
314;763
314;764
314;765
314;766
314;767
314;768
314;769
314;770
314;771
314;772
314;773
314;774
314;775
314;776
314;777
314;778
314;779
314;780
314;781
314;782
314;783
314;784
314;785
314;786
314;787
314;788
314;789
314;790
314;791
314;792
314;793
314;794
314;795
314;796
314;797
314;798
314;799
314;800
314;801
314;802
314;803
314;804
314;805
314;806
314;807
314;808
314;809
314;810
314;811
314;812
314;813
314;814
314;815
314;816
314;817
314;818
314;819
314;820
314;821
315;44
315;45
315;46
315;47
315;48
315;49
315;50
315;51
315;52
315;53
315;54
315;55
315;56
315;57
315;58
315;59
315;60
315;61
315;62
315;63
315;64
315;65
315;66
315;67
315;68
315;69
315;70
315;71
315;72
315;73
315;74
315;75
315;76
315;77
315;78
315;79
315;80
315;81
315;82
315;83
315;84
315;85
315;86
315;87
315;88
315;89
315;90
315;91
315;92
315;93
315;94
315;95
315;96
315;97
315;98
315;99
315;100
315;101
315;102
315;103
315;104
315;105
315;106
315;107
315;108
315;109
315;110
315;111
315;112
315;113
315;114
315;115
315;116
315;117
315;118
315;119
315;120
315;121
315;122
315;123
315;124
315;125
315;126
315;127
315;128
315;129
315;130
315;131
315;132
315;133
315;134
315;135
315;136
315;137
315;138
315;139
315;140
315;141
315;142
315;143
315;144
315;145
315;146
315;147
315;148
315;149
315;150
315;151
315;152
315;153
315;154
315;155
315;156
315;157
315;158
315;159
315;160
315;161
315;162
315;163
315;164
315;165
315;166
315;167
315;168
315;224
315;225
315;226
315;227
315;228
315;229
315;230
315;231
315;232
315;233
315;234
315;235
315;236
315;237
315;238
315;239
315;240
315;241
315;242
315;243
315;244
315;245
315;246
315;247
315;248
315;249
315;250
315;251
315;252
315;253
315;254
315;255
315;256
315;257
315;258
315;259
315;260
315;261
315;262
315;263
315;264
315;265
315;266
315;267
315;268
315;269
315;270
315;271
315;272
315;273
315;274
315;275
315;276
315;277
315;278
315;279
315;280
315;281
315;282
315;283
315;284
315;285
315;286
315;287
315;288
315;289
315;290
315;291
315;292
315;293
315;294
315;295
315;296
315;297
315;298
315;299
315;300
315;301
315;302
315;303
315;304
315;305
315;306
315;307
315;308
315;309
315;310
315;311
315;312
315;313
315;314
315;315
315;316
315;317
315;318
315;319
315;320
315;321
315;322
315;323
315;324
315;325
315;326
315;327
315;328
315;329
315;330
315;331
315;332
315;333
315;334
315;335
315;336
315;337
315;338
315;339
315;340
315;341
315;342
315;343
315;344
315;345
315;346
315;347
315;348
315;349
315;350
315;351
315;352
315;353
315;354
315;355
315;356
315;357
315;358
315;359
315;360
315;361
315;362
315;363
315;364
315;365
315;366
315;367
315;368
315;369
315;370
315;371
315;372
315;373
315;374
315;375
315;376
315;377
315;378
315;379
315;380
315;381
315;382
315;383
315;384
315;385
315;386
315;387
315;388
315;389
315;390
315;391
315;392
315;393
315;394
315;395
315;396
315;397
315;398
315;399
315;400
315;401
315;402
315;403
315;404
315;405
315;406
315;407
315;408
315;409
315;410
315;411
315;412
315;413
315;414
315;415
315;755
315;756
315;757
315;758
315;759
315;760
315;761
315;762
315;763
315;764
315;765
315;766
315;767
315;768
315;769
315;770
315;771
315;772
315;773
315;774
315;775
315;776
315;777
315;778
315;779
315;780
315;781
315;782
315;783
315;784
315;785
315;786
315;787
315;788
315;789
315;790
315;791
315;792
315;793
315;794
315;795
315;796
315;797
315;798
315;799
315;800
315;801
315;802
315;803
315;804
315;805
315;806
315;807
315;808
315;809
315;810
315;811
315;812
315;813
315;814
315;815
315;816
315;817
315;818
315;819
315;820
315;821
315;822
316;46
316;47
316;48
316;49
316;50
316;51
316;52
316;53
316;54
316;55
316;56
316;57
316;58
316;59
316;60
316;61
316;62
316;63
316;64
316;65
316;66
316;67
316;68
316;69
316;70
316;71
316;72
316;73
316;74
316;75
316;76
316;77
316;78
316;79
316;80
316;81
316;82
316;83
316;84
316;85
316;86
316;87
316;88
316;89
316;90
316;91
316;92
316;93
316;94
316;95
316;96
316;97
316;98
316;99
316;100
316;101
316;102
316;103
316;104
316;105
316;106
316;107
316;108
316;109
316;110
316;111
316;112
316;113
316;114
316;115
316;116
316;117
316;118
316;119
316;120
316;121
316;122
316;123
316;124
316;125
316;126
316;127
316;128
316;129
316;130
316;131
316;132
316;133
316;134
316;135
316;136
316;137
316;138
316;139
316;140
316;141
316;142
316;143
316;144
316;145
316;146
316;147
316;148
316;149
316;150
316;151
316;152
316;153
316;154
316;155
316;156
316;157
316;158
316;159
316;160
316;161
316;162
316;163
316;164
316;165
316;166
316;224
316;225
316;226
316;227
316;228
316;229
316;230
316;231
316;232
316;233
316;234
316;235
316;236
316;237
316;238
316;239
316;240
316;241
316;242
316;243
316;244
316;245
316;246
316;247
316;248
316;249
316;250
316;251
316;252
316;253
316;254
316;255
316;256
316;257
316;258
316;259
316;260
316;261
316;262
316;263
316;264
316;265
316;266
316;267
316;268
316;269
316;270
316;271
316;272
316;273
316;274
316;275
316;276
316;277
316;278
316;279
316;280
316;281
316;282
316;283
316;284
316;285
316;286
316;287
316;288
316;289
316;290
316;291
316;292
316;293
316;294
316;295
316;296
316;297
316;298
316;299
316;300
316;301
316;302
316;303
316;304
316;305
316;306
316;307
316;308
316;309
316;310
316;311
316;312
316;313
316;314
316;315
316;316
316;317
316;318
316;319
316;320
316;321
316;322
316;323
316;324
316;325
316;326
316;327
316;328
316;329
316;330
316;331
316;332
316;333
316;334
316;335
316;336
316;337
316;338
316;339
316;340
316;341
316;342
316;343
316;344
316;345
316;346
316;347
316;348
316;349
316;350
316;351
316;352
316;353
316;354
316;355
316;356
316;357
316;358
316;359
316;360
316;361
316;362
316;363
316;364
316;365
316;366
316;367
316;368
316;369
316;370
316;371
316;372
316;373
316;374
316;375
316;376
316;377
316;378
316;379
316;380
316;381
316;382
316;383
316;384
316;385
316;386
316;387
316;388
316;389
316;390
316;391
316;392
316;393
316;394
316;395
316;396
316;397
316;398
316;399
316;400
316;401
316;402
316;403
316;404
316;405
316;406
316;407
316;408
316;409
316;410
316;411
316;412
316;413
316;414
316;415
316;753
316;754
316;755
316;756
316;757
316;758
316;759
316;760
316;761
316;762
316;763
316;764
316;765
316;766
316;767
316;768
316;769
316;770
316;771
316;772
316;773
316;774
316;775
316;776
316;777
316;778
316;779
316;780
316;781
316;782
316;783
316;784
316;785
316;786
316;787
316;788
316;789
316;790
316;791
316;792
316;793
316;794
316;795
316;796
316;797
316;798
316;799
316;800
316;801
316;802
316;803
316;804
316;805
316;806
316;807
316;808
316;809
316;810
316;811
316;812
316;813
316;814
316;815
316;816
316;817
316;818
316;819
316;820
316;821
316;822
316;823
317;46
317;47
317;48
317;49
317;50
317;51
317;52
317;53
317;54
317;55
317;56
317;57
317;58
317;59
317;60
317;61
317;62
317;63
317;64
317;65
317;66
317;67
317;68
317;69
317;70
317;71
317;72
317;73
317;74
317;75
317;76
317;77
317;78
317;79
317;80
317;81
317;82
317;83
317;84
317;85
317;86
317;87
317;88
317;89
317;90
317;91
317;92
317;93
317;94
317;95
317;96
317;97
317;98
317;99
317;100
317;101
317;102
317;103
317;104
317;105
317;106
317;107
317;108
317;109
317;110
317;111
317;112
317;113
317;114
317;115
317;116
317;117
317;118
317;119
317;120
317;121
317;122
317;123
317;124
317;125
317;126
317;127
317;128
317;129
317;130
317;131
317;132
317;133
317;134
317;135
317;136
317;137
317;138
317;139
317;140
317;141
317;142
317;143
317;144
317;145
317;146
317;147
317;148
317;149
317;150
317;151
317;152
317;153
317;154
317;155
317;156
317;157
317;158
317;159
317;160
317;161
317;162
317;163
317;164
317;223
317;224
317;225
317;226
317;227
317;228
317;229
317;230
317;231
317;232
317;233
317;234
317;235
317;236
317;237
317;238
317;239
317;240
317;241
317;242
317;243
317;244
317;245
317;246
317;247
317;248
317;249
317;250
317;251
317;252
317;253
317;254
317;255
317;256
317;257
317;258
317;259
317;260
317;261
317;262
317;263
317;264
317;265
317;266
317;267
317;268
317;269
317;270
317;271
317;272
317;273
317;274
317;275
317;276
317;277
317;278
317;279
317;280
317;281
317;282
317;283
317;284
317;285
317;286
317;287
317;288
317;289
317;290
317;291
317;292
317;293
317;294
317;295
317;296
317;297
317;298
317;299
317;300
317;301
317;302
317;303
317;304
317;305
317;306
317;307
317;308
317;309
317;310
317;311
317;312
317;313
317;314
317;315
317;316
317;317
317;318
317;319
317;320
317;321
317;322
317;323
317;324
317;325
317;326
317;327
317;328
317;329
317;330
317;331
317;332
317;333
317;334
317;335
317;336
317;337
317;338
317;339
317;340
317;341
317;342
317;343
317;344
317;345
317;346
317;347
317;348
317;349
317;350
317;351
317;352
317;353
317;354
317;355
317;356
317;357
317;358
317;359
317;360
317;361
317;362
317;363
317;364
317;365
317;366
317;367
317;368
317;369
317;370
317;371
317;372
317;373
317;374
317;375
317;376
317;377
317;378
317;379
317;380
317;381
317;382
317;383
317;384
317;385
317;386
317;387
317;388
317;389
317;390
317;391
317;392
317;393
317;394
317;395
317;396
317;397
317;398
317;399
317;400
317;401
317;402
317;403
317;404
317;405
317;406
317;407
317;408
317;409
317;410
317;411
317;412
317;413
317;414
317;415
317;416
317;751
317;752
317;753
317;754
317;755
317;756
317;757
317;758
317;759
317;760
317;761
317;762
317;763
317;764
317;765
317;766
317;767
317;768
317;769
317;770
317;771
317;772
317;773
317;774
317;775
317;776
317;777
317;778
317;779
317;780
317;781
317;782
317;783
317;784
317;785
317;786
317;787
317;788
317;789
317;790
317;791
317;792
317;793
317;794
317;795
317;796
317;797
317;798
317;799
317;800
317;801
317;802
317;803
317;804
317;805
317;806
317;807
317;808
317;809
317;810
317;811
317;812
317;813
317;814
317;815
317;816
317;817
317;818
317;819
317;820
317;821
317;822
317;823
317;824
318;48
318;49
318;50
318;51
318;52
318;53
318;54
318;55
318;56
318;57
318;58
318;59
318;60
318;61
318;62
318;63
318;64
318;65
318;66
318;67
318;68
318;69
318;70
318;71
318;72
318;73
318;74
318;75
318;76
318;77
318;78
318;79
318;80
318;81
318;82
318;83
318;84
318;85
318;86
318;87
318;88
318;89
318;90
318;91
318;92
318;93
318;94
318;95
318;96
318;97
318;98
318;99
318;100
318;101
318;102
318;103
318;104
318;105
318;106
318;107
318;108
318;109
318;110
318;111
318;112
318;113
318;114
318;115
318;116
318;117
318;118
318;119
318;120
318;121
318;122
318;123
318;124
318;125
318;126
318;127
318;128
318;129
318;130
318;131
318;132
318;133
318;134
318;135
318;136
318;137
318;138
318;139
318;140
318;141
318;142
318;143
318;144
318;145
318;146
318;147
318;148
318;149
318;150
318;151
318;152
318;153
318;154
318;155
318;156
318;157
318;158
318;159
318;160
318;161
318;162
318;223
318;224
318;225
318;226
318;227
318;228
318;229
318;230
318;231
318;232
318;233
318;234
318;235
318;236
318;237
318;238
318;239
318;240
318;241
318;242
318;243
318;244
318;245
318;246
318;247
318;248
318;249
318;250
318;251
318;252
318;253
318;254
318;255
318;256
318;257
318;258
318;259
318;260
318;261
318;262
318;263
318;264
318;265
318;266
318;267
318;268
318;269
318;270
318;271
318;272
318;273
318;274
318;275
318;276
318;277
318;278
318;279
318;280
318;281
318;282
318;283
318;284
318;285
318;286
318;287
318;288
318;289
318;290
318;291
318;292
318;293
318;294
318;295
318;296
318;297
318;298
318;299
318;300
318;301
318;302
318;303
318;304
318;305
318;306
318;307
318;308
318;309
318;310
318;311
318;312
318;313
318;314
318;315
318;316
318;317
318;318
318;319
318;320
318;321
318;322
318;323
318;324
318;325
318;326
318;327
318;328
318;329
318;330
318;331
318;332
318;333
318;334
318;335
318;336
318;337
318;338
318;339
318;340
318;341
318;342
318;343
318;344
318;345
318;346
318;347
318;348
318;349
318;350
318;351
318;352
318;353
318;354
318;355
318;356
318;357
318;358
318;359
318;360
318;361
318;362
318;363
318;364
318;365
318;366
318;367
318;368
318;369
318;370
318;371
318;372
318;373
318;374
318;375
318;376
318;377
318;378
318;379
318;380
318;381
318;382
318;383
318;384
318;385
318;386
318;387
318;388
318;389
318;390
318;391
318;392
318;393
318;394
318;395
318;396
318;397
318;398
318;399
318;400
318;401
318;402
318;403
318;404
318;405
318;406
318;407
318;408
318;409
318;410
318;411
318;412
318;413
318;414
318;415
318;416
318;749
318;750
318;751
318;752
318;753
318;754
318;755
318;756
318;757
318;758
318;759
318;760
318;761
318;762
318;763
318;764
318;765
318;766
318;767
318;768
318;769
318;770
318;771
318;772
318;773
318;774
318;775
318;776
318;777
318;778
318;779
318;780
318;781
318;782
318;783
318;784
318;785
318;786
318;787
318;788
318;789
318;790
318;791
318;792
318;793
318;794
318;795
318;796
318;797
318;798
318;799
318;800
318;801
318;802
318;803
318;804
318;805
318;806
318;807
318;808
318;809
318;810
318;811
318;812
318;813
318;814
318;815
318;816
318;817
318;818
318;819
318;820
318;821
318;822
318;823
318;824
318;825
319;50
319;51
319;52
319;53
319;54
319;55
319;56
319;57
319;58
319;59
319;60
319;61
319;62
319;63
319;64
319;65
319;66
319;67
319;68
319;69
319;70
319;71
319;72
319;73
319;74
319;75
319;76
319;77
319;78
319;79
319;80
319;81
319;82
319;83
319;84
319;85
319;86
319;87
319;88
319;89
319;90
319;91
319;92
319;93
319;94
319;95
319;96
319;97
319;98
319;99
319;100
319;101
319;102
319;103
319;104
319;105
319;106
319;107
319;108
319;109
319;110
319;111
319;112
319;113
319;114
319;115
319;116
319;117
319;118
319;119
319;120
319;121
319;122
319;123
319;124
319;125
319;126
319;127
319;128
319;129
319;130
319;131
319;132
319;133
319;134
319;135
319;136
319;137
319;138
319;139
319;140
319;141
319;142
319;143
319;144
319;145
319;146
319;147
319;148
319;149
319;150
319;151
319;152
319;153
319;154
319;155
319;156
319;157
319;158
319;159
319;160
319;223
319;224
319;225
319;226
319;227
319;228
319;229
319;230
319;231
319;232
319;233
319;234
319;235
319;236
319;237
319;238
319;239
319;240
319;241
319;242
319;243
319;244
319;245
319;246
319;247
319;248
319;249
319;250
319;251
319;252
319;253
319;254
319;255
319;256
319;257
319;258
319;259
319;260
319;261
319;262
319;263
319;264
319;265
319;266
319;267
319;268
319;269
319;270
319;271
319;272
319;273
319;274
319;275
319;276
319;277
319;278
319;279
319;280
319;281
319;282
319;283
319;284
319;285
319;286
319;287
319;288
319;289
319;290
319;291
319;292
319;293
319;294
319;295
319;296
319;297
319;298
319;299
319;300
319;301
319;302
319;303
319;304
319;305
319;306
319;307
319;308
319;309
319;310
319;311
319;312
319;313
319;314
319;315
319;316
319;317
319;318
319;319
319;320
319;321
319;322
319;323
319;324
319;325
319;326
319;327
319;328
319;329
319;330
319;331
319;332
319;333
319;334
319;335
319;336
319;337
319;338
319;339
319;340
319;341
319;342
319;343
319;344
319;345
319;346
319;347
319;348
319;349
319;350
319;351
319;352
319;353
319;354
319;355
319;356
319;357
319;358
319;359
319;360
319;361
319;362
319;363
319;364
319;365
319;366
319;367
319;368
319;369
319;370
319;371
319;372
319;373
319;374
319;375
319;376
319;377
319;378
319;379
319;380
319;381
319;382
319;383
319;384
319;385
319;386
319;387
319;388
319;389
319;390
319;391
319;392
319;393
319;394
319;395
319;396
319;397
319;398
319;399
319;400
319;401
319;402
319;403
319;404
319;405
319;406
319;407
319;408
319;409
319;410
319;411
319;412
319;413
319;414
319;415
319;416
319;417
319;747
319;748
319;749
319;750
319;751
319;752
319;753
319;754
319;755
319;756
319;757
319;758
319;759
319;760
319;761
319;762
319;763
319;764
319;765
319;766
319;767
319;768
319;769
319;770
319;771
319;772
319;773
319;774
319;775
319;776
319;777
319;778
319;779
319;780
319;781
319;782
319;783
319;784
319;785
319;786
319;787
319;788
319;789
319;790
319;791
319;792
319;793
319;794
319;795
319;796
319;797
319;798
319;799
319;800
319;801
319;802
319;803
319;804
319;805
319;806
319;807
319;808
319;809
319;810
319;811
319;812
319;813
319;814
319;815
319;816
319;817
319;818
319;819
319;820
319;821
319;822
319;823
319;824
319;825
320;52
320;53
320;54
320;55
320;56
320;57
320;58
320;59
320;60
320;61
320;62
320;63
320;64
320;65
320;66
320;67
320;68
320;69
320;70
320;71
320;72
320;73
320;74
320;75
320;76
320;77
320;78
320;79
320;80
320;81
320;82
320;83
320;84
320;85
320;86
320;87
320;88
320;89
320;90
320;91
320;92
320;93
320;94
320;95
320;96
320;97
320;98
320;99
320;100
320;101
320;102
320;103
320;104
320;105
320;106
320;107
320;108
320;109
320;110
320;111
320;112
320;113
320;114
320;115
320;116
320;117
320;118
320;119
320;120
320;121
320;122
320;123
320;124
320;125
320;126
320;127
320;128
320;129
320;130
320;131
320;132
320;133
320;134
320;135
320;136
320;137
320;138
320;139
320;140
320;141
320;142
320;143
320;144
320;145
320;146
320;147
320;148
320;149
320;150
320;151
320;152
320;153
320;154
320;155
320;156
320;157
320;158
320;222
320;223
320;224
320;225
320;226
320;227
320;228
320;229
320;230
320;231
320;232
320;233
320;234
320;235
320;236
320;237
320;238
320;239
320;240
320;241
320;242
320;243
320;244
320;245
320;246
320;247
320;248
320;249
320;250
320;251
320;252
320;253
320;254
320;255
320;256
320;257
320;258
320;259
320;260
320;261
320;262
320;263
320;264
320;265
320;266
320;267
320;268
320;269
320;270
320;271
320;272
320;273
320;274
320;275
320;276
320;277
320;278
320;279
320;280
320;281
320;282
320;283
320;284
320;285
320;286
320;287
320;288
320;289
320;290
320;291
320;292
320;293
320;294
320;295
320;296
320;297
320;298
320;299
320;300
320;301
320;302
320;303
320;304
320;305
320;306
320;307
320;308
320;309
320;310
320;311
320;312
320;313
320;314
320;315
320;316
320;317
320;318
320;319
320;320
320;321
320;322
320;323
320;324
320;325
320;326
320;327
320;328
320;329
320;330
320;331
320;332
320;333
320;334
320;335
320;336
320;337
320;338
320;339
320;340
320;341
320;342
320;343
320;344
320;345
320;346
320;347
320;348
320;349
320;350
320;351
320;352
320;353
320;354
320;355
320;356
320;357
320;358
320;359
320;360
320;361
320;362
320;363
320;364
320;365
320;366
320;367
320;368
320;369
320;370
320;371
320;372
320;373
320;374
320;375
320;376
320;377
320;378
320;379
320;380
320;381
320;382
320;383
320;384
320;385
320;386
320;387
320;388
320;389
320;390
320;391
320;392
320;393
320;394
320;395
320;396
320;397
320;398
320;399
320;400
320;401
320;402
320;403
320;404
320;405
320;406
320;407
320;408
320;409
320;410
320;411
320;412
320;413
320;414
320;415
320;416
320;417
320;745
320;746
320;747
320;748
320;749
320;750
320;751
320;752
320;753
320;754
320;755
320;756
320;757
320;758
320;759
320;760
320;761
320;762
320;763
320;764
320;765
320;766
320;767
320;768
320;769
320;770
320;771
320;772
320;773
320;774
320;775
320;776
320;777
320;778
320;779
320;780
320;781
320;782
320;783
320;784
320;785
320;786
320;787
320;788
320;789
320;790
320;791
320;792
320;793
320;794
320;795
320;796
320;797
320;798
320;799
320;800
320;801
320;802
320;803
320;804
320;805
320;806
320;807
320;808
320;809
320;810
320;811
320;812
320;813
320;814
320;815
320;816
320;817
320;818
320;819
320;820
320;821
320;822
320;823
320;824
320;825
320;826
321;54
321;55
321;56
321;57
321;58
321;59
321;60
321;61
321;62
321;63
321;64
321;65
321;66
321;67
321;68
321;69
321;70
321;71
321;72
321;73
321;74
321;75
321;76
321;77
321;78
321;79
321;80
321;81
321;82
321;83
321;84
321;85
321;86
321;87
321;88
321;89
321;90
321;91
321;92
321;93
321;94
321;95
321;96
321;97
321;98
321;99
321;100
321;101
321;102
321;103
321;104
321;105
321;106
321;107
321;108
321;109
321;110
321;111
321;112
321;113
321;114
321;115
321;116
321;117
321;118
321;119
321;120
321;121
321;122
321;123
321;124
321;125
321;126
321;127
321;128
321;129
321;130
321;131
321;132
321;133
321;134
321;135
321;136
321;137
321;138
321;139
321;140
321;141
321;142
321;143
321;144
321;145
321;146
321;147
321;148
321;149
321;150
321;151
321;152
321;153
321;154
321;155
321;156
321;222
321;223
321;224
321;225
321;226
321;227
321;228
321;229
321;230
321;231
321;232
321;233
321;234
321;235
321;236
321;237
321;238
321;239
321;240
321;241
321;242
321;243
321;244
321;245
321;246
321;247
321;248
321;249
321;250
321;251
321;252
321;253
321;254
321;255
321;256
321;257
321;258
321;259
321;260
321;261
321;262
321;263
321;264
321;265
321;266
321;267
321;268
321;269
321;270
321;271
321;272
321;273
321;274
321;275
321;276
321;277
321;278
321;279
321;280
321;281
321;282
321;283
321;284
321;285
321;286
321;287
321;288
321;289
321;290
321;291
321;292
321;293
321;294
321;295
321;296
321;297
321;298
321;299
321;300
321;301
321;302
321;303
321;304
321;305
321;306
321;307
321;308
321;309
321;310
321;311
321;312
321;313
321;314
321;315
321;316
321;317
321;318
321;319
321;320
321;321
321;322
321;323
321;324
321;325
321;326
321;327
321;328
321;329
321;330
321;331
321;332
321;333
321;334
321;335
321;336
321;337
321;338
321;339
321;340
321;341
321;342
321;343
321;344
321;345
321;346
321;347
321;348
321;349
321;350
321;351
321;352
321;353
321;354
321;355
321;356
321;357
321;358
321;359
321;360
321;361
321;362
321;363
321;364
321;365
321;366
321;367
321;368
321;369
321;370
321;371
321;372
321;373
321;374
321;375
321;376
321;377
321;378
321;379
321;380
321;381
321;382
321;383
321;384
321;385
321;386
321;387
321;388
321;389
321;390
321;391
321;392
321;393
321;394
321;395
321;396
321;397
321;398
321;399
321;400
321;401
321;402
321;403
321;404
321;405
321;406
321;407
321;408
321;409
321;410
321;411
321;412
321;413
321;414
321;415
321;416
321;417
321;743
321;744
321;745
321;746
321;747
321;748
321;749
321;750
321;751
321;752
321;753
321;754
321;755
321;756
321;757
321;758
321;759
321;760
321;761
321;762
321;763
321;764
321;765
321;766
321;767
321;768
321;769
321;770
321;771
321;772
321;773
321;774
321;775
321;776
321;777
321;778
321;779
321;780
321;781
321;782
321;783
321;784
321;785
321;786
321;787
321;788
321;789
321;790
321;791
321;792
321;793
321;794
321;795
321;796
321;797
321;798
321;799
321;800
321;801
321;802
321;803
321;804
321;805
321;806
321;807
321;808
321;809
321;810
321;811
321;812
321;813
321;814
321;815
321;816
321;817
321;818
321;819
321;820
321;821
321;822
321;823
321;824
321;825
321;826
321;827
322;56
322;57
322;58
322;59
322;60
322;61
322;62
322;63
322;64
322;65
322;66
322;67
322;68
322;69
322;70
322;71
322;72
322;73
322;74
322;75
322;76
322;77
322;78
322;79
322;80
322;81
322;82
322;83
322;84
322;85
322;86
322;87
322;88
322;89
322;90
322;91
322;92
322;93
322;94
322;95
322;96
322;97
322;98
322;99
322;100
322;101
322;102
322;103
322;104
322;105
322;106
322;107
322;108
322;109
322;110
322;111
322;112
322;113
322;114
322;115
322;116
322;117
322;118
322;119
322;120
322;121
322;122
322;123
322;124
322;125
322;126
322;127
322;128
322;129
322;130
322;131
322;132
322;133
322;134
322;135
322;136
322;137
322;138
322;139
322;140
322;141
322;142
322;143
322;144
322;145
322;146
322;147
322;148
322;149
322;150
322;151
322;152
322;153
322;154
322;221
322;222
322;223
322;224
322;225
322;226
322;227
322;228
322;229
322;230
322;231
322;232
322;233
322;234
322;235
322;236
322;237
322;238
322;239
322;240
322;241
322;242
322;243
322;244
322;245
322;246
322;247
322;248
322;249
322;250
322;251
322;252
322;253
322;254
322;255
322;256
322;257
322;258
322;259
322;260
322;261
322;262
322;263
322;264
322;265
322;266
322;267
322;268
322;269
322;270
322;271
322;272
322;273
322;274
322;275
322;276
322;277
322;278
322;279
322;280
322;281
322;282
322;283
322;284
322;285
322;286
322;287
322;288
322;289
322;290
322;291
322;292
322;293
322;294
322;295
322;296
322;297
322;298
322;299
322;300
322;301
322;302
322;303
322;304
322;305
322;306
322;307
322;308
322;309
322;310
322;311
322;312
322;313
322;314
322;315
322;316
322;317
322;318
322;319
322;320
322;321
322;322
322;323
322;324
322;325
322;326
322;327
322;328
322;329
322;330
322;331
322;332
322;333
322;334
322;335
322;336
322;337
322;338
322;339
322;340
322;341
322;342
322;343
322;344
322;345
322;346
322;347
322;348
322;349
322;350
322;351
322;352
322;353
322;354
322;355
322;356
322;357
322;358
322;359
322;360
322;361
322;362
322;363
322;364
322;365
322;366
322;367
322;368
322;369
322;370
322;371
322;372
322;373
322;374
322;375
322;376
322;377
322;378
322;379
322;380
322;381
322;382
322;383
322;384
322;385
322;386
322;387
322;388
322;389
322;390
322;391
322;392
322;393
322;394
322;395
322;396
322;397
322;398
322;399
322;400
322;401
322;402
322;403
322;404
322;405
322;406
322;407
322;408
322;409
322;410
322;411
322;412
322;413
322;414
322;415
322;416
322;417
322;418
322;741
322;742
322;743
322;744
322;745
322;746
322;747
322;748
322;749
322;750
322;751
322;752
322;753
322;754
322;755
322;756
322;757
322;758
322;759
322;760
322;761
322;762
322;763
322;764
322;765
322;766
322;767
322;768
322;769
322;770
322;771
322;772
322;773
322;774
322;775
322;776
322;777
322;778
322;779
322;780
322;781
322;782
322;783
322;784
322;785
322;786
322;787
322;788
322;789
322;790
322;791
322;792
322;793
322;794
322;795
322;796
322;797
322;798
322;799
322;800
322;801
322;802
322;803
322;804
322;805
322;806
322;807
322;808
322;809
322;810
322;811
322;812
322;813
322;814
322;815
322;816
322;817
322;818
322;819
322;820
322;821
322;822
322;823
322;824
322;825
322;826
322;827
323;58
323;59
323;60
323;61
323;62
323;63
323;64
323;65
323;66
323;67
323;68
323;69
323;70
323;71
323;72
323;73
323;74
323;75
323;76
323;77
323;78
323;79
323;80
323;81
323;82
323;83
323;84
323;85
323;86
323;87
323;88
323;89
323;90
323;91
323;92
323;93
323;94
323;95
323;96
323;97
323;98
323;99
323;100
323;101
323;102
323;103
323;104
323;105
323;106
323;107
323;108
323;109
323;110
323;111
323;112
323;113
323;114
323;115
323;116
323;117
323;118
323;119
323;120
323;121
323;122
323;123
323;124
323;125
323;126
323;127
323;128
323;129
323;130
323;131
323;132
323;133
323;134
323;135
323;136
323;137
323;138
323;139
323;140
323;141
323;142
323;143
323;144
323;145
323;146
323;147
323;148
323;149
323;150
323;151
323;152
323;221
323;222
323;223
323;224
323;225
323;226
323;227
323;228
323;229
323;230
323;231
323;232
323;233
323;234
323;235
323;236
323;237
323;238
323;239
323;240
323;241
323;242
323;243
323;244
323;245
323;246
323;247
323;248
323;249
323;250
323;251
323;252
323;253
323;254
323;255
323;256
323;257
323;258
323;259
323;260
323;261
323;262
323;263
323;264
323;265
323;266
323;267
323;268
323;269
323;270
323;271
323;272
323;273
323;274
323;275
323;276
323;277
323;278
323;279
323;280
323;281
323;282
323;283
323;284
323;285
323;286
323;287
323;288
323;289
323;290
323;291
323;292
323;293
323;294
323;295
323;296
323;297
323;298
323;299
323;300
323;301
323;302
323;303
323;304
323;305
323;306
323;307
323;308
323;309
323;310
323;311
323;312
323;313
323;314
323;315
323;316
323;317
323;318
323;319
323;320
323;321
323;322
323;323
323;324
323;325
323;326
323;327
323;328
323;329
323;330
323;331
323;332
323;333
323;334
323;335
323;336
323;337
323;338
323;339
323;340
323;341
323;342
323;343
323;344
323;345
323;346
323;347
323;348
323;349
323;350
323;351
323;352
323;353
323;354
323;355
323;356
323;357
323;358
323;359
323;360
323;361
323;362
323;363
323;364
323;365
323;366
323;367
323;368
323;369
323;370
323;371
323;372
323;373
323;374
323;375
323;376
323;377
323;378
323;379
323;380
323;381
323;382
323;383
323;384
323;385
323;386
323;387
323;388
323;389
323;390
323;391
323;392
323;393
323;394
323;395
323;396
323;397
323;398
323;399
323;400
323;401
323;402
323;403
323;404
323;405
323;406
323;407
323;408
323;409
323;410
323;411
323;412
323;413
323;414
323;415
323;416
323;417
323;418
323;740
323;741
323;742
323;743
323;744
323;745
323;746
323;747
323;748
323;749
323;750
323;751
323;752
323;753
323;754
323;755
323;756
323;757
323;758
323;759
323;760
323;761
323;762
323;763
323;764
323;765
323;766
323;767
323;768
323;769
323;770
323;771
323;772
323;773
323;774
323;775
323;776
323;777
323;778
323;779
323;780
323;781
323;782
323;783
323;784
323;785
323;786
323;787
323;788
323;789
323;790
323;791
323;792
323;793
323;794
323;795
323;796
323;797
323;798
323;799
323;800
323;801
323;802
323;803
323;804
323;805
323;806
323;807
323;808
323;809
323;810
323;811
323;812
323;813
323;814
323;815
323;816
323;817
323;818
323;819
323;820
323;821
323;822
323;823
323;824
323;825
323;826
323;827
323;828
324;60
324;61
324;62
324;63
324;64
324;65
324;66
324;67
324;68
324;69
324;70
324;71
324;72
324;73
324;74
324;75
324;76
324;77
324;78
324;79
324;80
324;81
324;82
324;83
324;84
324;85
324;86
324;87
324;88
324;89
324;90
324;91
324;92
324;93
324;94
324;95
324;96
324;97
324;98
324;99
324;100
324;101
324;102
324;103
324;104
324;105
324;106
324;107
324;108
324;109
324;110
324;111
324;112
324;113
324;114
324;115
324;116
324;117
324;118
324;119
324;120
324;121
324;122
324;123
324;124
324;125
324;126
324;127
324;128
324;129
324;130
324;131
324;132
324;133
324;134
324;135
324;136
324;137
324;138
324;139
324;140
324;141
324;142
324;143
324;144
324;145
324;146
324;147
324;148
324;149
324;150
324;221
324;222
324;223
324;224
324;225
324;226
324;227
324;228
324;229
324;230
324;231
324;232
324;233
324;234
324;235
324;236
324;237
324;238
324;239
324;240
324;241
324;242
324;243
324;244
324;245
324;246
324;247
324;248
324;249
324;250
324;251
324;252
324;253
324;254
324;255
324;256
324;257
324;258
324;259
324;260
324;261
324;262
324;263
324;264
324;265
324;266
324;267
324;268
324;269
324;270
324;271
324;272
324;273
324;274
324;275
324;276
324;277
324;278
324;279
324;280
324;281
324;282
324;283
324;284
324;285
324;286
324;287
324;288
324;289
324;290
324;291
324;292
324;293
324;294
324;295
324;296
324;297
324;298
324;299
324;300
324;301
324;302
324;303
324;304
324;305
324;306
324;307
324;308
324;309
324;310
324;311
324;312
324;313
324;314
324;315
324;316
324;317
324;318
324;319
324;320
324;321
324;322
324;323
324;324
324;325
324;326
324;327
324;328
324;329
324;330
324;331
324;332
324;333
324;334
324;335
324;336
324;337
324;338
324;339
324;340
324;341
324;342
324;343
324;344
324;345
324;346
324;347
324;348
324;349
324;350
324;351
324;352
324;353
324;354
324;355
324;356
324;357
324;358
324;359
324;360
324;361
324;362
324;363
324;364
324;365
324;366
324;367
324;368
324;369
324;370
324;371
324;372
324;373
324;374
324;375
324;376
324;377
324;378
324;379
324;380
324;381
324;382
324;383
324;384
324;385
324;386
324;387
324;388
324;389
324;390
324;391
324;392
324;393
324;394
324;395
324;396
324;397
324;398
324;399
324;400
324;401
324;402
324;403
324;404
324;405
324;406
324;407
324;408
324;409
324;410
324;411
324;412
324;413
324;414
324;415
324;416
324;417
324;418
324;739
324;740
324;741
324;742
324;743
324;744
324;745
324;746
324;747
324;748
324;749
324;750
324;751
324;752
324;753
324;754
324;755
324;756
324;757
324;758
324;759
324;760
324;761
324;762
324;763
324;764
324;765
324;766
324;767
324;768
324;769
324;770
324;771
324;772
324;773
324;774
324;775
324;776
324;777
324;778
324;779
324;780
324;781
324;782
324;783
324;784
324;785
324;786
324;787
324;788
324;789
324;790
324;791
324;792
324;793
324;794
324;795
324;796
324;797
324;798
324;799
324;800
324;801
324;802
324;803
324;804
324;805
324;806
324;807
324;808
324;809
324;810
324;811
324;812
324;813
324;814
324;815
324;816
324;817
324;818
324;819
324;820
324;821
324;822
324;823
324;824
324;825
324;826
324;827
324;828
324;829
325;64
325;65
325;66
325;67
325;68
325;69
325;70
325;71
325;72
325;73
325;74
325;75
325;76
325;77
325;78
325;79
325;80
325;81
325;82
325;83
325;84
325;85
325;86
325;87
325;88
325;89
325;90
325;91
325;92
325;93
325;94
325;95
325;96
325;97
325;98
325;99
325;100
325;101
325;102
325;103
325;104
325;105
325;106
325;107
325;108
325;109
325;110
325;111
325;112
325;113
325;114
325;115
325;116
325;117
325;118
325;119
325;120
325;121
325;122
325;123
325;124
325;125
325;126
325;127
325;128
325;129
325;130
325;131
325;132
325;133
325;134
325;135
325;136
325;137
325;138
325;139
325;140
325;141
325;142
325;143
325;144
325;145
325;146
325;147
325;148
325;220
325;221
325;222
325;223
325;224
325;225
325;226
325;227
325;228
325;229
325;230
325;231
325;232
325;233
325;234
325;235
325;236
325;237
325;238
325;239
325;240
325;241
325;242
325;243
325;244
325;245
325;246
325;247
325;248
325;249
325;250
325;251
325;252
325;253
325;254
325;255
325;256
325;257
325;258
325;259
325;260
325;261
325;262
325;263
325;264
325;265
325;266
325;267
325;268
325;269
325;270
325;271
325;272
325;273
325;274
325;275
325;276
325;277
325;278
325;279
325;280
325;281
325;282
325;283
325;284
325;285
325;286
325;287
325;288
325;289
325;290
325;291
325;292
325;293
325;294
325;295
325;296
325;297
325;298
325;299
325;300
325;301
325;302
325;303
325;304
325;305
325;306
325;307
325;308
325;309
325;310
325;311
325;312
325;313
325;314
325;315
325;316
325;317
325;318
325;319
325;320
325;321
325;322
325;323
325;324
325;325
325;326
325;327
325;328
325;329
325;330
325;331
325;332
325;333
325;334
325;335
325;336
325;337
325;338
325;339
325;340
325;341
325;342
325;343
325;344
325;345
325;346
325;347
325;348
325;349
325;350
325;351
325;352
325;353
325;354
325;355
325;356
325;357
325;358
325;359
325;360
325;361
325;362
325;363
325;364
325;365
325;366
325;367
325;368
325;369
325;370
325;371
325;372
325;373
325;374
325;375
325;376
325;377
325;378
325;379
325;380
325;381
325;382
325;383
325;384
325;385
325;386
325;387
325;388
325;389
325;390
325;391
325;392
325;393
325;394
325;395
325;396
325;397
325;398
325;399
325;400
325;401
325;402
325;403
325;404
325;405
325;406
325;407
325;408
325;409
325;410
325;411
325;412
325;413
325;414
325;415
325;416
325;417
325;418
325;419
325;737
325;738
325;739
325;740
325;741
325;742
325;743
325;744
325;745
325;746
325;747
325;748
325;749
325;750
325;751
325;752
325;753
325;754
325;755
325;756
325;757
325;758
325;759
325;760
325;761
325;762
325;763
325;764
325;765
325;766
325;767
325;768
325;769
325;770
325;771
325;772
325;773
325;774
325;775
325;776
325;777
325;778
325;779
325;780
325;781
325;782
325;783
325;784
325;785
325;786
325;787
325;788
325;789
325;790
325;791
325;792
325;793
325;794
325;795
325;796
325;797
325;798
325;799
325;800
325;801
325;802
325;803
325;804
325;805
325;806
325;807
325;808
325;809
325;810
325;811
325;812
325;813
325;814
325;815
325;816
325;817
325;818
325;819
325;820
325;821
325;822
325;823
325;824
325;825
325;826
325;827
325;828
325;829
326;66
326;67
326;68
326;69
326;70
326;71
326;72
326;73
326;74
326;75
326;76
326;77
326;78
326;79
326;80
326;81
326;82
326;83
326;84
326;85
326;86
326;87
326;88
326;89
326;90
326;91
326;92
326;93
326;94
326;95
326;96
326;97
326;98
326;99
326;100
326;101
326;102
326;103
326;104
326;105
326;106
326;107
326;108
326;109
326;110
326;111
326;112
326;113
326;114
326;115
326;116
326;117
326;118
326;119
326;120
326;121
326;122
326;123
326;124
326;125
326;126
326;127
326;128
326;129
326;130
326;131
326;132
326;133
326;134
326;135
326;136
326;137
326;138
326;139
326;140
326;141
326;142
326;143
326;144
326;145
326;146
326;220
326;221
326;222
326;223
326;224
326;225
326;226
326;227
326;228
326;229
326;230
326;231
326;232
326;233
326;234
326;235
326;236
326;237
326;238
326;239
326;240
326;241
326;242
326;243
326;244
326;245
326;246
326;247
326;248
326;249
326;250
326;251
326;252
326;253
326;254
326;255
326;256
326;257
326;258
326;259
326;260
326;261
326;262
326;263
326;264
326;265
326;266
326;267
326;268
326;269
326;270
326;271
326;272
326;273
326;274
326;275
326;276
326;277
326;278
326;279
326;280
326;281
326;282
326;283
326;284
326;285
326;286
326;287
326;288
326;289
326;290
326;291
326;292
326;293
326;294
326;295
326;296
326;297
326;298
326;299
326;300
326;301
326;302
326;303
326;304
326;305
326;306
326;307
326;308
326;309
326;310
326;311
326;312
326;313
326;314
326;315
326;316
326;317
326;318
326;319
326;320
326;321
326;322
326;323
326;324
326;325
326;326
326;327
326;328
326;329
326;330
326;331
326;332
326;333
326;334
326;335
326;336
326;337
326;338
326;339
326;340
326;341
326;342
326;343
326;344
326;345
326;346
326;347
326;348
326;349
326;350
326;351
326;352
326;353
326;354
326;355
326;356
326;357
326;358
326;359
326;360
326;361
326;362
326;363
326;364
326;365
326;366
326;367
326;368
326;369
326;370
326;371
326;372
326;373
326;374
326;375
326;376
326;377
326;378
326;379
326;380
326;381
326;382
326;383
326;384
326;385
326;386
326;387
326;388
326;389
326;390
326;391
326;392
326;393
326;394
326;395
326;396
326;397
326;398
326;399
326;400
326;401
326;402
326;403
326;404
326;405
326;406
326;407
326;408
326;409
326;410
326;411
326;412
326;413
326;414
326;415
326;416
326;417
326;418
326;419
326;735
326;736
326;737
326;738
326;739
326;740
326;741
326;742
326;743
326;744
326;745
326;746
326;747
326;748
326;749
326;750
326;751
326;752
326;753
326;754
326;755
326;756
326;757
326;758
326;759
326;760
326;761
326;762
326;763
326;764
326;765
326;766
326;767
326;768
326;769
326;770
326;771
326;772
326;773
326;774
326;775
326;776
326;777
326;778
326;779
326;780
326;781
326;782
326;783
326;784
326;785
326;786
326;787
326;788
326;789
326;790
326;791
326;792
326;793
326;794
326;795
326;796
326;797
326;798
326;799
326;800
326;801
326;802
326;803
326;804
326;805
326;806
326;807
326;808
326;809
326;810
326;811
326;812
326;813
326;814
326;815
326;816
326;817
326;818
326;819
326;820
326;821
326;822
326;823
326;824
326;825
326;826
326;827
326;828
326;829
326;830
327;68
327;69
327;70
327;71
327;72
327;73
327;74
327;75
327;76
327;77
327;78
327;79
327;80
327;81
327;82
327;83
327;84
327;85
327;86
327;87
327;88
327;89
327;90
327;91
327;92
327;93
327;94
327;95
327;96
327;97
327;98
327;99
327;100
327;101
327;102
327;103
327;104
327;105
327;106
327;107
327;108
327;109
327;110
327;111
327;112
327;113
327;114
327;115
327;116
327;117
327;118
327;119
327;120
327;121
327;122
327;123
327;124
327;125
327;126
327;127
327;128
327;129
327;130
327;131
327;132
327;133
327;134
327;135
327;136
327;137
327;138
327;139
327;140
327;141
327;142
327;220
327;221
327;222
327;223
327;224
327;225
327;226
327;227
327;228
327;229
327;230
327;231
327;232
327;233
327;234
327;235
327;236
327;237
327;238
327;239
327;240
327;241
327;242
327;243
327;244
327;245
327;246
327;247
327;248
327;249
327;250
327;251
327;252
327;253
327;254
327;255
327;256
327;257
327;258
327;259
327;260
327;261
327;262
327;263
327;264
327;265
327;266
327;267
327;268
327;269
327;270
327;271
327;272
327;273
327;274
327;275
327;276
327;277
327;278
327;279
327;280
327;281
327;282
327;283
327;284
327;285
327;286
327;287
327;288
327;289
327;290
327;291
327;292
327;293
327;294
327;295
327;296
327;297
327;298
327;299
327;300
327;301
327;302
327;303
327;304
327;305
327;306
327;307
327;308
327;309
327;310
327;311
327;312
327;313
327;314
327;315
327;316
327;317
327;318
327;319
327;320
327;321
327;322
327;323
327;324
327;325
327;326
327;327
327;328
327;329
327;330
327;331
327;332
327;333
327;334
327;335
327;336
327;337
327;338
327;339
327;340
327;341
327;342
327;343
327;344
327;345
327;346
327;347
327;348
327;349
327;350
327;351
327;352
327;353
327;354
327;355
327;356
327;357
327;358
327;359
327;360
327;361
327;362
327;363
327;364
327;365
327;366
327;367
327;368
327;369
327;370
327;371
327;372
327;373
327;374
327;375
327;376
327;377
327;378
327;379
327;380
327;381
327;382
327;383
327;384
327;385
327;386
327;387
327;388
327;389
327;390
327;391
327;392
327;393
327;394
327;395
327;396
327;397
327;398
327;399
327;400
327;401
327;402
327;403
327;404
327;405
327;406
327;407
327;408
327;409
327;410
327;411
327;412
327;413
327;414
327;415
327;416
327;417
327;418
327;419
327;733
327;734
327;735
327;736
327;737
327;738
327;739
327;740
327;741
327;742
327;743
327;744
327;745
327;746
327;747
327;748
327;749
327;750
327;751
327;752
327;753
327;754
327;755
327;756
327;757
327;758
327;759
327;760
327;761
327;762
327;763
327;764
327;765
327;766
327;767
327;768
327;769
327;770
327;771
327;772
327;773
327;774
327;775
327;776
327;777
327;778
327;779
327;780
327;781
327;782
327;783
327;784
327;785
327;786
327;787
327;788
327;789
327;790
327;791
327;792
327;793
327;794
327;795
327;796
327;797
327;798
327;799
327;800
327;801
327;802
327;803
327;804
327;805
327;806
327;807
327;808
327;809
327;810
327;811
327;812
327;813
327;814
327;815
327;816
327;817
327;818
327;819
327;820
327;821
327;822
327;823
327;824
327;825
327;826
327;827
327;828
327;829
327;830
327;831
328;72
328;73
328;74
328;75
328;76
328;77
328;78
328;79
328;80
328;81
328;82
328;83
328;84
328;85
328;86
328;87
328;88
328;89
328;90
328;91
328;92
328;93
328;94
328;95
328;96
328;97
328;98
328;99
328;100
328;101
328;102
328;103
328;104
328;105
328;106
328;107
328;108
328;109
328;110
328;111
328;112
328;113
328;114
328;115
328;116
328;117
328;118
328;119
328;120
328;121
328;122
328;123
328;124
328;125
328;126
328;127
328;128
328;129
328;130
328;131
328;132
328;133
328;134
328;135
328;136
328;137
328;138
328;140
328;220
328;221
328;222
328;223
328;224
328;225
328;226
328;227
328;228
328;229
328;230
328;231
328;232
328;233
328;234
328;235
328;236
328;237
328;238
328;239
328;240
328;241
328;242
328;243
328;244
328;245
328;246
328;247
328;248
328;249
328;250
328;251
328;252
328;253
328;254
328;255
328;256
328;257
328;258
328;259
328;260
328;261
328;262
328;263
328;264
328;265
328;266
328;267
328;268
328;269
328;270
328;271
328;272
328;273
328;274
328;275
328;276
328;277
328;278
328;279
328;280
328;281
328;282
328;283
328;284
328;285
328;286
328;287
328;288
328;289
328;290
328;291
328;292
328;293
328;294
328;295
328;296
328;297
328;298
328;299
328;300
328;301
328;302
328;303
328;304
328;305
328;306
328;307
328;308
328;309
328;310
328;311
328;312
328;313
328;314
328;315
328;316
328;317
328;318
328;319
328;320
328;321
328;322
328;323
328;324
328;325
328;326
328;327
328;328
328;329
328;330
328;331
328;332
328;333
328;334
328;335
328;336
328;337
328;338
328;339
328;340
328;341
328;342
328;343
328;344
328;345
328;346
328;347
328;348
328;349
328;350
328;351
328;352
328;353
328;354
328;355
328;356
328;357
328;358
328;359
328;360
328;361
328;362
328;363
328;364
328;365
328;366
328;367
328;368
328;369
328;370
328;371
328;372
328;373
328;374
328;375
328;376
328;377
328;378
328;379
328;380
328;381
328;382
328;383
328;384
328;385
328;386
328;387
328;388
328;389
328;390
328;391
328;392
328;393
328;394
328;395
328;396
328;397
328;398
328;399
328;400
328;401
328;402
328;403
328;404
328;405
328;406
328;407
328;408
328;409
328;410
328;411
328;412
328;413
328;414
328;415
328;416
328;417
328;418
328;419
328;731
328;732
328;733
328;734
328;735
328;736
328;737
328;738
328;739
328;740
328;741
328;742
328;743
328;744
328;745
328;746
328;747
328;748
328;749
328;750
328;751
328;752
328;753
328;754
328;755
328;756
328;757
328;758
328;759
328;760
328;761
328;762
328;763
328;764
328;765
328;766
328;767
328;768
328;769
328;770
328;771
328;772
328;773
328;774
328;775
328;776
328;777
328;778
328;779
328;780
328;781
328;782
328;783
328;784
328;785
328;786
328;787
328;788
328;789
328;790
328;791
328;792
328;793
328;794
328;795
328;796
328;797
328;798
328;799
328;800
328;801
328;802
328;803
328;804
328;805
328;806
328;807
328;808
328;809
328;810
328;811
328;812
328;813
328;814
328;815
328;816
328;817
328;818
328;819
328;820
328;821
328;822
328;823
328;824
328;825
328;826
328;827
328;828
328;829
328;830
328;831
329;74
329;76
329;77
329;78
329;79
329;80
329;81
329;82
329;83
329;84
329;85
329;86
329;87
329;88
329;89
329;90
329;91
329;92
329;93
329;94
329;95
329;96
329;97
329;98
329;99
329;100
329;101
329;102
329;103
329;104
329;105
329;106
329;107
329;108
329;109
329;110
329;111
329;112
329;113
329;114
329;115
329;116
329;117
329;118
329;119
329;120
329;121
329;122
329;123
329;124
329;125
329;126
329;127
329;128
329;129
329;130
329;131
329;132
329;133
329;134
329;135
329;136
329;219
329;220
329;221
329;222
329;223
329;224
329;225
329;226
329;227
329;228
329;229
329;230
329;231
329;232
329;233
329;234
329;235
329;236
329;237
329;238
329;239
329;240
329;241
329;242
329;243
329;244
329;245
329;246
329;247
329;248
329;249
329;250
329;251
329;252
329;253
329;254
329;255
329;256
329;257
329;258
329;259
329;260
329;261
329;262
329;263
329;264
329;265
329;266
329;267
329;268
329;269
329;270
329;271
329;272
329;273
329;274
329;275
329;276
329;277
329;278
329;279
329;280
329;281
329;282
329;283
329;284
329;285
329;286
329;287
329;288
329;289
329;290
329;291
329;292
329;293
329;294
329;295
329;296
329;297
329;298
329;299
329;300
329;301
329;302
329;303
329;304
329;305
329;306
329;307
329;308
329;309
329;310
329;311
329;312
329;313
329;314
329;315
329;316
329;317
329;318
329;319
329;320
329;321
329;322
329;323
329;324
329;325
329;326
329;327
329;328
329;329
329;330
329;331
329;332
329;333
329;334
329;335
329;336
329;337
329;338
329;339
329;340
329;341
329;342
329;343
329;344
329;345
329;346
329;347
329;348
329;349
329;350
329;351
329;352
329;353
329;354
329;355
329;356
329;357
329;358
329;359
329;360
329;361
329;362
329;363
329;364
329;365
329;366
329;367
329;368
329;369
329;370
329;371
329;372
329;373
329;374
329;375
329;376
329;377
329;378
329;379
329;380
329;381
329;382
329;383
329;384
329;385
329;386
329;387
329;388
329;389
329;390
329;391
329;392
329;393
329;394
329;395
329;396
329;397
329;398
329;399
329;400
329;401
329;402
329;403
329;404
329;405
329;406
329;407
329;408
329;409
329;410
329;411
329;412
329;413
329;414
329;415
329;416
329;417
329;418
329;419
329;420
329;729
329;730
329;731
329;732
329;733
329;734
329;735
329;736
329;737
329;738
329;739
329;740
329;741
329;742
329;743
329;744
329;745
329;746
329;747
329;748
329;749
329;750
329;751
329;752
329;753
329;754
329;755
329;756
329;757
329;758
329;759
329;760
329;761
329;762
329;763
329;764
329;765
329;766
329;767
329;768
329;769
329;770
329;771
329;772
329;773
329;774
329;775
329;776
329;777
329;778
329;779
329;780
329;781
329;782
329;783
329;784
329;785
329;786
329;787
329;788
329;789
329;790
329;791
329;792
329;793
329;794
329;795
329;796
329;797
329;798
329;799
329;800
329;801
329;802
329;803
329;804
329;805
329;806
329;807
329;808
329;809
329;810
329;811
329;812
329;813
329;814
329;815
329;816
329;817
329;818
329;819
329;820
329;821
329;822
329;823
329;824
329;825
329;826
329;827
329;828
329;829
329;830
329;831
329;832
329;833
330;78
330;80
330;81
330;82
330;83
330;84
330;85
330;86
330;87
330;88
330;89
330;90
330;91
330;92
330;93
330;94
330;95
330;96
330;97
330;98
330;99
330;100
330;101
330;102
330;103
330;104
330;105
330;106
330;107
330;108
330;109
330;110
330;111
330;112
330;113
330;114
330;115
330;116
330;117
330;118
330;119
330;120
330;121
330;122
330;123
330;124
330;125
330;126
330;127
330;128
330;129
330;130
330;131
330;132
330;219
330;220
330;221
330;222
330;223
330;224
330;225
330;226
330;227
330;228
330;229
330;230
330;231
330;232
330;233
330;234
330;235
330;236
330;237
330;238
330;239
330;240
330;241
330;242
330;243
330;244
330;245
330;246
330;247
330;248
330;249
330;250
330;251
330;252
330;253
330;254
330;255
330;256
330;257
330;258
330;259
330;260
330;261
330;262
330;263
330;264
330;265
330;266
330;267
330;268
330;269
330;270
330;271
330;272
330;273
330;274
330;275
330;276
330;277
330;278
330;279
330;280
330;281
330;282
330;283
330;284
330;285
330;286
330;287
330;288
330;289
330;290
330;291
330;292
330;293
330;294
330;295
330;296
330;297
330;298
330;299
330;300
330;301
330;302
330;303
330;304
330;305
330;306
330;307
330;308
330;309
330;310
330;311
330;312
330;313
330;314
330;315
330;316
330;317
330;318
330;319
330;320
330;321
330;322
330;323
330;324
330;325
330;326
330;327
330;328
330;329
330;330
330;331
330;332
330;333
330;334
330;335
330;336
330;337
330;338
330;339
330;340
330;341
330;342
330;343
330;344
330;345
330;346
330;347
330;348
330;349
330;350
330;351
330;352
330;353
330;354
330;355
330;356
330;357
330;358
330;359
330;360
330;361
330;362
330;363
330;364
330;365
330;366
330;367
330;368
330;369
330;370
330;371
330;372
330;373
330;374
330;375
330;376
330;377
330;378
330;379
330;380
330;381
330;382
330;383
330;384
330;385
330;386
330;387
330;388
330;389
330;390
330;391
330;392
330;393
330;394
330;395
330;396
330;397
330;398
330;399
330;400
330;401
330;402
330;403
330;404
330;405
330;406
330;407
330;408
330;409
330;410
330;411
330;412
330;413
330;414
330;415
330;416
330;417
330;418
330;419
330;420
330;727
330;728
330;729
330;730
330;731
330;732
330;733
330;734
330;735
330;736
330;737
330;738
330;739
330;740
330;741
330;742
330;743
330;744
330;745
330;746
330;747
330;748
330;749
330;750
330;751
330;752
330;753
330;754
330;755
330;756
330;757
330;758
330;759
330;760
330;761
330;762
330;763
330;764
330;765
330;766
330;767
330;768
330;769
330;770
330;771
330;772
330;773
330;774
330;775
330;776
330;777
330;778
330;779
330;780
330;781
330;782
330;783
330;784
330;785
330;786
330;787
330;788
330;789
330;790
330;791
330;792
330;793
330;794
330;795
330;796
330;797
330;798
330;799
330;800
330;801
330;802
330;803
330;804
330;805
330;806
330;807
330;808
330;809
330;810
330;811
330;812
330;813
330;814
330;815
330;816
330;817
330;818
330;819
330;820
330;821
330;822
330;823
330;824
330;825
330;826
330;827
330;828
330;829
330;830
330;831
330;832
330;833
331;84
331;85
331;86
331;87
331;88
331;89
331;90
331;91
331;92
331;93
331;94
331;95
331;96
331;97
331;98
331;99
331;100
331;101
331;102
331;103
331;104
331;105
331;106
331;107
331;108
331;109
331;110
331;111
331;112
331;113
331;114
331;115
331;116
331;117
331;118
331;119
331;120
331;121
331;122
331;123
331;124
331;125
331;126
331;128
331;219
331;220
331;221
331;222
331;223
331;224
331;225
331;226
331;227
331;228
331;229
331;230
331;231
331;232
331;233
331;234
331;235
331;236
331;237
331;238
331;239
331;240
331;241
331;242
331;243
331;244
331;245
331;246
331;247
331;248
331;249
331;250
331;251
331;252
331;253
331;254
331;255
331;256
331;257
331;258
331;259
331;260
331;261
331;262
331;263
331;264
331;265
331;266
331;267
331;268
331;269
331;270
331;271
331;272
331;273
331;274
331;275
331;276
331;277
331;278
331;279
331;280
331;281
331;282
331;283
331;284
331;285
331;286
331;287
331;288
331;289
331;290
331;291
331;292
331;293
331;294
331;295
331;296
331;297
331;298
331;299
331;300
331;301
331;302
331;303
331;304
331;305
331;306
331;307
331;308
331;309
331;310
331;311
331;312
331;313
331;314
331;315
331;316
331;317
331;318
331;319
331;320
331;321
331;322
331;323
331;324
331;325
331;326
331;327
331;328
331;329
331;330
331;331
331;332
331;333
331;334
331;335
331;336
331;337
331;338
331;339
331;340
331;341
331;342
331;343
331;344
331;345
331;346
331;347
331;348
331;349
331;350
331;351
331;352
331;353
331;354
331;355
331;356
331;357
331;358
331;359
331;360
331;361
331;362
331;363
331;364
331;365
331;366
331;367
331;368
331;369
331;370
331;371
331;372
331;373
331;374
331;375
331;376
331;377
331;378
331;379
331;380
331;381
331;382
331;383
331;384
331;385
331;386
331;387
331;388
331;389
331;390
331;391
331;392
331;393
331;394
331;395
331;396
331;397
331;398
331;399
331;400
331;401
331;402
331;403
331;404
331;405
331;406
331;407
331;408
331;409
331;410
331;411
331;412
331;413
331;414
331;415
331;416
331;417
331;418
331;419
331;420
331;725
331;726
331;727
331;728
331;729
331;730
331;731
331;732
331;733
331;734
331;735
331;736
331;737
331;738
331;739
331;740
331;741
331;742
331;743
331;744
331;745
331;746
331;747
331;748
331;749
331;750
331;751
331;752
331;753
331;754
331;755
331;756
331;757
331;758
331;759
331;760
331;761
331;762
331;763
331;764
331;765
331;766
331;767
331;768
331;769
331;770
331;771
331;772
331;773
331;774
331;775
331;776
331;777
331;778
331;779
331;780
331;781
331;782
331;783
331;784
331;785
331;786
331;787
331;788
331;789
331;790
331;791
331;792
331;793
331;794
331;795
331;796
331;797
331;798
331;799
331;800
331;801
331;802
331;803
331;804
331;805
331;806
331;807
331;808
331;809
331;810
331;811
331;812
331;813
331;814
331;815
331;816
331;817
331;818
331;819
331;820
331;821
331;822
331;823
331;824
331;825
331;826
331;827
331;828
331;829
331;830
331;831
331;832
331;833
331;834
332;90
332;92
332;93
332;94
332;95
332;96
332;97
332;98
332;99
332;100
332;101
332;102
332;103
332;104
332;105
332;106
332;107
332;108
332;109
332;110
332;111
332;112
332;113
332;114
332;115
332;116
332;117
332;118
332;119
332;120
332;122
332;219
332;220
332;221
332;222
332;223
332;224
332;225
332;226
332;227
332;228
332;229
332;230
332;231
332;232
332;233
332;234
332;235
332;236
332;237
332;238
332;239
332;240
332;241
332;242
332;243
332;244
332;245
332;246
332;247
332;248
332;249
332;250
332;251
332;252
332;253
332;254
332;255
332;256
332;257
332;258
332;259
332;260
332;261
332;262
332;263
332;264
332;265
332;266
332;267
332;268
332;269
332;270
332;271
332;272
332;273
332;274
332;275
332;276
332;277
332;278
332;279
332;280
332;281
332;282
332;283
332;284
332;285
332;286
332;287
332;288
332;289
332;290
332;291
332;292
332;293
332;294
332;295
332;296
332;297
332;298
332;299
332;300
332;301
332;302
332;303
332;304
332;305
332;306
332;307
332;308
332;309
332;310
332;311
332;312
332;313
332;314
332;315
332;316
332;317
332;318
332;319
332;320
332;321
332;322
332;323
332;324
332;325
332;326
332;327
332;328
332;329
332;330
332;331
332;332
332;333
332;334
332;335
332;336
332;337
332;338
332;339
332;340
332;341
332;342
332;343
332;344
332;345
332;346
332;347
332;348
332;349
332;350
332;351
332;352
332;353
332;354
332;355
332;356
332;357
332;358
332;359
332;360
332;361
332;362
332;363
332;364
332;365
332;366
332;367
332;368
332;369
332;370
332;371
332;372
332;373
332;374
332;375
332;376
332;377
332;378
332;379
332;380
332;381
332;382
332;383
332;384
332;385
332;386
332;387
332;388
332;389
332;390
332;391
332;392
332;393
332;394
332;395
332;396
332;397
332;398
332;399
332;400
332;401
332;402
332;403
332;404
332;405
332;406
332;407
332;408
332;409
332;410
332;411
332;412
332;413
332;414
332;415
332;416
332;417
332;418
332;419
332;420
332;723
332;724
332;725
332;726
332;727
332;728
332;729
332;730
332;731
332;732
332;733
332;734
332;735
332;736
332;737
332;738
332;739
332;740
332;741
332;742
332;743
332;744
332;745
332;746
332;747
332;748
332;749
332;750
332;751
332;752
332;753
332;754
332;755
332;756
332;757
332;758
332;759
332;760
332;761
332;762
332;763
332;764
332;765
332;766
332;767
332;768
332;769
332;770
332;771
332;772
332;773
332;774
332;775
332;776
332;777
332;778
332;779
332;780
332;781
332;782
332;783
332;784
332;785
332;786
332;787
332;788
332;789
332;790
332;791
332;792
332;793
332;794
332;795
332;796
332;797
332;798
332;799
332;800
332;801
332;802
332;803
332;804
332;805
332;806
332;807
332;808
332;809
332;810
332;811
332;812
332;813
332;814
332;815
332;816
332;817
332;818
332;819
332;820
332;821
332;822
332;823
332;824
332;825
332;826
332;827
332;828
332;829
332;830
332;831
332;832
332;833
332;834
332;835
333;98
333;100
333;102
333;104
333;106
333;108
333;110
333;112
333;219
333;220
333;221
333;222
333;223
333;224
333;225
333;226
333;227
333;228
333;229
333;230
333;231
333;232
333;233
333;234
333;235
333;236
333;237
333;238
333;239
333;240
333;241
333;242
333;243
333;244
333;245
333;246
333;247
333;248
333;249
333;250
333;251
333;252
333;253
333;254
333;255
333;256
333;257
333;258
333;259
333;260
333;261
333;262
333;263
333;264
333;265
333;266
333;267
333;268
333;269
333;270
333;271
333;272
333;273
333;274
333;275
333;276
333;277
333;278
333;279
333;280
333;281
333;282
333;283
333;284
333;285
333;286
333;287
333;288
333;289
333;290
333;291
333;292
333;293
333;294
333;295
333;296
333;297
333;298
333;299
333;300
333;301
333;302
333;303
333;304
333;305
333;306
333;307
333;308
333;309
333;310
333;311
333;312
333;313
333;314
333;315
333;316
333;317
333;318
333;319
333;320
333;321
333;322
333;323
333;324
333;325
333;326
333;327
333;328
333;329
333;330
333;331
333;332
333;333
333;334
333;335
333;336
333;337
333;338
333;339
333;340
333;341
333;342
333;343
333;344
333;345
333;346
333;347
333;348
333;349
333;350
333;351
333;352
333;353
333;354
333;355
333;356
333;357
333;358
333;359
333;360
333;361
333;362
333;363
333;364
333;365
333;366
333;367
333;368
333;369
333;370
333;371
333;372
333;373
333;374
333;375
333;376
333;377
333;378
333;379
333;380
333;381
333;382
333;383
333;384
333;385
333;386
333;387
333;388
333;389
333;390
333;391
333;392
333;393
333;394
333;395
333;396
333;397
333;398
333;399
333;400
333;401
333;402
333;403
333;404
333;405
333;406
333;407
333;408
333;409
333;410
333;411
333;412
333;413
333;414
333;415
333;416
333;417
333;418
333;419
333;420
333;421
333;721
333;722
333;723
333;724
333;725
333;726
333;727
333;728
333;729
333;730
333;731
333;732
333;733
333;734
333;735
333;736
333;737
333;738
333;739
333;740
333;741
333;742
333;743
333;744
333;745
333;746
333;747
333;748
333;749
333;750
333;751
333;752
333;753
333;754
333;755
333;756
333;757
333;758
333;759
333;760
333;761
333;762
333;763
333;764
333;765
333;766
333;767
333;768
333;769
333;770
333;771
333;772
333;773
333;774
333;775
333;776
333;777
333;778
333;779
333;780
333;781
333;782
333;783
333;784
333;785
333;786
333;787
333;788
333;789
333;790
333;791
333;792
333;793
333;794
333;795
333;796
333;797
333;798
333;799
333;800
333;801
333;802
333;803
333;804
333;805
333;806
333;807
333;808
333;809
333;810
333;811
333;812
333;813
333;814
333;815
333;816
333;817
333;818
333;819
333;820
333;821
333;822
333;823
333;824
333;825
333;826
333;827
333;828
333;829
333;830
333;831
333;832
333;833
333;834
333;835
334;218
334;219
334;220
334;221
334;222
334;223
334;224
334;225
334;226
334;227
334;228
334;229
334;230
334;231
334;232
334;233
334;234
334;235
334;236
334;237
334;238
334;239
334;240
334;241
334;242
334;243
334;244
334;245
334;246
334;247
334;248
334;249
334;250
334;251
334;252
334;253
334;254
334;255
334;256
334;257
334;258
334;259
334;260
334;261
334;262
334;263
334;264
334;265
334;266
334;267
334;268
334;269
334;270
334;271
334;272
334;273
334;274
334;275
334;276
334;277
334;278
334;279
334;280
334;281
334;282
334;283
334;284
334;285
334;286
334;287
334;288
334;289
334;290
334;291
334;292
334;293
334;294
334;295
334;296
334;297
334;298
334;299
334;300
334;301
334;302
334;303
334;304
334;305
334;306
334;307
334;308
334;309
334;310
334;311
334;312
334;313
334;314
334;315
334;316
334;317
334;318
334;319
334;320
334;321
334;322
334;323
334;324
334;325
334;326
334;327
334;328
334;329
334;330
334;331
334;332
334;333
334;334
334;335
334;336
334;337
334;338
334;339
334;340
334;341
334;342
334;343
334;344
334;345
334;346
334;347
334;348
334;349
334;350
334;351
334;352
334;353
334;354
334;355
334;356
334;357
334;358
334;359
334;360
334;361
334;362
334;363
334;364
334;365
334;366
334;367
334;368
334;369
334;370
334;371
334;372
334;373
334;374
334;375
334;376
334;377
334;378
334;379
334;380
334;381
334;382
334;383
334;384
334;385
334;386
334;387
334;388
334;389
334;390
334;391
334;392
334;393
334;394
334;395
334;396
334;397
334;398
334;399
334;400
334;401
334;402
334;403
334;404
334;405
334;406
334;407
334;408
334;409
334;410
334;411
334;412
334;413
334;414
334;415
334;416
334;417
334;418
334;419
334;420
334;421
334;719
334;720
334;721
334;722
334;723
334;724
334;725
334;726
334;727
334;728
334;729
334;730
334;731
334;732
334;733
334;734
334;735
334;736
334;737
334;738
334;739
334;740
334;741
334;742
334;743
334;744
334;745
334;746
334;747
334;748
334;749
334;750
334;751
334;752
334;753
334;754
334;755
334;756
334;757
334;758
334;759
334;760
334;761
334;762
334;763
334;764
334;765
334;766
334;767
334;768
334;769
334;770
334;771
334;772
334;773
334;774
334;775
334;776
334;777
334;778
334;779
334;780
334;781
334;782
334;783
334;784
334;785
334;786
334;787
334;788
334;789
334;790
334;791
334;792
334;793
334;794
334;795
334;796
334;797
334;798
334;799
334;800
334;801
334;802
334;803
334;804
334;805
334;806
334;807
334;808
334;809
334;810
334;811
334;812
334;813
334;814
334;815
334;816
334;817
334;818
334;819
334;820
334;821
334;822
334;823
334;824
334;825
334;826
334;827
334;828
334;829
334;830
334;831
334;832
334;833
334;834
334;835
334;836
335;218
335;219
335;220
335;221
335;222
335;223
335;224
335;225
335;226
335;227
335;228
335;229
335;230
335;231
335;232
335;233
335;234
335;235
335;236
335;237
335;238
335;239
335;240
335;241
335;242
335;243
335;244
335;245
335;246
335;247
335;248
335;249
335;250
335;251
335;252
335;253
335;254
335;255
335;256
335;257
335;258
335;259
335;260
335;261
335;262
335;263
335;264
335;265
335;266
335;267
335;268
335;269
335;270
335;271
335;272
335;273
335;274
335;275
335;276
335;277
335;278
335;279
335;280
335;281
335;282
335;283
335;284
335;285
335;286
335;287
335;288
335;289
335;290
335;291
335;292
335;293
335;294
335;295
335;296
335;297
335;298
335;299
335;300
335;301
335;302
335;303
335;304
335;305
335;306
335;307
335;308
335;309
335;310
335;311
335;312
335;313
335;314
335;315
335;316
335;317
335;318
335;319
335;320
335;321
335;322
335;323
335;324
335;325
335;326
335;327
335;328
335;329
335;330
335;331
335;332
335;333
335;334
335;335
335;336
335;337
335;338
335;339
335;340
335;341
335;342
335;343
335;344
335;345
335;346
335;347
335;348
335;349
335;350
335;351
335;352
335;353
335;354
335;355
335;356
335;357
335;358
335;359
335;360
335;361
335;362
335;363
335;364
335;365
335;366
335;367
335;368
335;369
335;370
335;371
335;372
335;373
335;374
335;375
335;376
335;377
335;378
335;379
335;380
335;381
335;382
335;383
335;384
335;385
335;386
335;387
335;388
335;389
335;390
335;391
335;392
335;393
335;394
335;395
335;396
335;397
335;398
335;399
335;400
335;401
335;402
335;403
335;404
335;405
335;406
335;407
335;408
335;409
335;410
335;411
335;412
335;413
335;414
335;415
335;416
335;417
335;418
335;419
335;420
335;421
335;717
335;718
335;719
335;720
335;721
335;722
335;723
335;724
335;725
335;726
335;727
335;728
335;729
335;730
335;731
335;732
335;733
335;734
335;735
335;736
335;737
335;738
335;739
335;740
335;741
335;742
335;743
335;744
335;745
335;746
335;747
335;748
335;749
335;750
335;751
335;752
335;753
335;754
335;755
335;756
335;757
335;758
335;759
335;760
335;761
335;762
335;763
335;764
335;765
335;766
335;767
335;768
335;769
335;770
335;771
335;772
335;773
335;774
335;775
335;776
335;777
335;778
335;779
335;780
335;781
335;782
335;783
335;784
335;785
335;786
335;787
335;788
335;789
335;790
335;791
335;792
335;793
335;794
335;795
335;796
335;797
335;798
335;799
335;800
335;801
335;802
335;803
335;804
335;805
335;806
335;807
335;808
335;809
335;810
335;811
335;812
335;813
335;814
335;815
335;816
335;817
335;818
335;819
335;820
335;821
335;822
335;823
335;824
335;825
335;826
335;827
335;828
335;829
335;830
335;831
335;832
335;833
335;834
335;835
335;836
335;837
336;218
336;219
336;220
336;221
336;222
336;223
336;224
336;225
336;226
336;227
336;228
336;229
336;230
336;231
336;232
336;233
336;234
336;235
336;236
336;237
336;238
336;239
336;240
336;241
336;242
336;243
336;244
336;245
336;246
336;247
336;248
336;249
336;250
336;251
336;252
336;253
336;254
336;255
336;256
336;257
336;258
336;259
336;260
336;261
336;262
336;263
336;264
336;265
336;266
336;267
336;268
336;269
336;270
336;271
336;272
336;273
336;274
336;275
336;276
336;277
336;278
336;279
336;280
336;281
336;282
336;283
336;284
336;285
336;286
336;287
336;288
336;289
336;290
336;291
336;292
336;293
336;294
336;295
336;296
336;297
336;298
336;299
336;300
336;301
336;302
336;303
336;304
336;305
336;306
336;307
336;308
336;309
336;310
336;311
336;312
336;313
336;314
336;315
336;316
336;317
336;318
336;319
336;320
336;321
336;322
336;323
336;324
336;325
336;326
336;327
336;328
336;329
336;330
336;331
336;332
336;333
336;334
336;335
336;336
336;337
336;338
336;339
336;340
336;341
336;342
336;343
336;344
336;345
336;346
336;347
336;348
336;349
336;350
336;351
336;352
336;353
336;354
336;355
336;356
336;357
336;358
336;359
336;360
336;361
336;362
336;363
336;364
336;365
336;366
336;367
336;368
336;369
336;370
336;371
336;372
336;373
336;374
336;375
336;376
336;377
336;378
336;379
336;380
336;381
336;382
336;383
336;384
336;385
336;386
336;387
336;388
336;389
336;390
336;391
336;392
336;393
336;394
336;395
336;396
336;397
336;398
336;399
336;400
336;401
336;402
336;403
336;404
336;405
336;406
336;407
336;408
336;409
336;410
336;411
336;412
336;413
336;414
336;415
336;416
336;417
336;418
336;419
336;420
336;421
336;715
336;716
336;717
336;718
336;719
336;720
336;721
336;722
336;723
336;724
336;725
336;726
336;727
336;728
336;729
336;730
336;731
336;732
336;733
336;734
336;735
336;736
336;737
336;738
336;739
336;740
336;741
336;742
336;743
336;744
336;745
336;746
336;747
336;748
336;749
336;750
336;751
336;752
336;753
336;754
336;755
336;756
336;757
336;758
336;759
336;760
336;761
336;762
336;763
336;764
336;765
336;766
336;767
336;768
336;769
336;770
336;771
336;772
336;773
336;774
336;775
336;776
336;777
336;778
336;779
336;780
336;781
336;782
336;783
336;784
336;785
336;786
336;787
336;788
336;789
336;790
336;791
336;792
336;793
336;794
336;795
336;796
336;797
336;798
336;799
336;800
336;801
336;802
336;803
336;804
336;805
336;806
336;807
336;808
336;809
336;810
336;811
336;812
336;813
336;814
336;815
336;816
336;817
336;818
336;819
336;820
336;821
336;822
336;823
336;824
336;825
336;826
336;827
336;828
336;829
336;830
336;831
336;832
336;833
336;834
336;835
336;836
336;837
337;218
337;219
337;220
337;221
337;222
337;223
337;224
337;225
337;226
337;227
337;228
337;229
337;230
337;231
337;232
337;233
337;234
337;235
337;236
337;237
337;238
337;239
337;240
337;241
337;242
337;243
337;244
337;245
337;246
337;247
337;248
337;249
337;250
337;251
337;252
337;253
337;254
337;255
337;256
337;257
337;258
337;259
337;260
337;261
337;262
337;263
337;264
337;265
337;266
337;267
337;268
337;269
337;270
337;271
337;272
337;273
337;274
337;275
337;276
337;277
337;278
337;279
337;280
337;281
337;282
337;283
337;284
337;285
337;286
337;287
337;288
337;289
337;290
337;291
337;292
337;293
337;294
337;295
337;296
337;297
337;298
337;299
337;300
337;301
337;302
337;303
337;304
337;305
337;306
337;307
337;308
337;309
337;310
337;311
337;312
337;313
337;314
337;315
337;316
337;317
337;318
337;319
337;320
337;321
337;322
337;323
337;324
337;325
337;326
337;327
337;328
337;329
337;330
337;331
337;332
337;333
337;334
337;335
337;336
337;337
337;338
337;339
337;340
337;341
337;342
337;343
337;344
337;345
337;346
337;347
337;348
337;349
337;350
337;351
337;352
337;353
337;354
337;355
337;356
337;357
337;358
337;359
337;360
337;361
337;362
337;363
337;364
337;365
337;366
337;367
337;368
337;369
337;370
337;371
337;372
337;373
337;374
337;375
337;376
337;377
337;378
337;379
337;380
337;381
337;382
337;383
337;384
337;385
337;386
337;387
337;388
337;389
337;390
337;391
337;392
337;393
337;394
337;395
337;396
337;397
337;398
337;399
337;400
337;401
337;402
337;403
337;404
337;405
337;406
337;407
337;408
337;409
337;410
337;411
337;412
337;413
337;414
337;415
337;416
337;417
337;418
337;419
337;420
337;421
337;715
337;716
337;717
337;718
337;719
337;720
337;721
337;722
337;723
337;724
337;725
337;726
337;727
337;728
337;729
337;730
337;731
337;732
337;733
337;734
337;735
337;736
337;737
337;738
337;739
337;740
337;741
337;742
337;743
337;744
337;745
337;746
337;747
337;748
337;749
337;750
337;751
337;752
337;753
337;754
337;755
337;756
337;757
337;758
337;759
337;760
337;761
337;762
337;763
337;764
337;765
337;766
337;767
337;768
337;769
337;770
337;771
337;772
337;773
337;774
337;775
337;776
337;777
337;778
337;779
337;780
337;781
337;782
337;783
337;784
337;785
337;786
337;787
337;788
337;789
337;790
337;791
337;792
337;793
337;794
337;795
337;796
337;797
337;798
337;799
337;800
337;801
337;802
337;803
337;804
337;805
337;806
337;807
337;808
337;809
337;810
337;811
337;812
337;813
337;814
337;815
337;816
337;817
337;818
337;819
337;820
337;821
337;822
337;823
337;824
337;825
337;826
337;827
337;828
337;829
337;830
337;831
337;832
337;833
337;834
337;835
337;836
337;837
337;838
338;218
338;219
338;220
338;221
338;222
338;223
338;224
338;225
338;226
338;227
338;228
338;229
338;230
338;231
338;232
338;233
338;234
338;235
338;236
338;237
338;238
338;239
338;240
338;241
338;242
338;243
338;244
338;245
338;246
338;247
338;248
338;249
338;250
338;251
338;252
338;253
338;254
338;255
338;256
338;257
338;258
338;259
338;260
338;261
338;262
338;263
338;264
338;265
338;266
338;267
338;268
338;269
338;270
338;271
338;272
338;273
338;274
338;275
338;276
338;277
338;278
338;279
338;280
338;281
338;282
338;283
338;284
338;285
338;286
338;287
338;288
338;289
338;290
338;291
338;292
338;293
338;294
338;295
338;296
338;297
338;298
338;299
338;300
338;301
338;302
338;303
338;304
338;305
338;306
338;307
338;308
338;309
338;310
338;311
338;312
338;313
338;314
338;315
338;316
338;317
338;318
338;319
338;320
338;321
338;322
338;323
338;324
338;325
338;326
338;327
338;328
338;329
338;330
338;331
338;332
338;333
338;334
338;335
338;336
338;337
338;338
338;339
338;340
338;341
338;342
338;343
338;344
338;345
338;346
338;347
338;348
338;349
338;350
338;351
338;352
338;353
338;354
338;355
338;356
338;357
338;358
338;359
338;360
338;361
338;362
338;363
338;364
338;365
338;366
338;367
338;368
338;369
338;370
338;371
338;372
338;373
338;374
338;375
338;376
338;377
338;378
338;379
338;380
338;381
338;382
338;383
338;384
338;385
338;386
338;387
338;388
338;389
338;390
338;391
338;392
338;393
338;394
338;395
338;396
338;397
338;398
338;399
338;400
338;401
338;402
338;403
338;404
338;405
338;406
338;407
338;408
338;409
338;410
338;411
338;412
338;413
338;414
338;415
338;416
338;417
338;418
338;419
338;420
338;421
338;713
338;714
338;715
338;716
338;717
338;718
338;719
338;720
338;721
338;722
338;723
338;724
338;725
338;726
338;727
338;728
338;729
338;730
338;731
338;732
338;733
338;734
338;735
338;736
338;737
338;738
338;739
338;740
338;741
338;742
338;743
338;744
338;745
338;746
338;747
338;748
338;749
338;750
338;751
338;752
338;753
338;754
338;755
338;756
338;757
338;758
338;759
338;760
338;761
338;762
338;763
338;764
338;765
338;766
338;767
338;768
338;769
338;770
338;771
338;772
338;773
338;774
338;775
338;776
338;777
338;778
338;779
338;780
338;781
338;782
338;783
338;784
338;785
338;786
338;787
338;788
338;789
338;790
338;791
338;792
338;793
338;794
338;795
338;796
338;797
338;798
338;799
338;800
338;801
338;802
338;803
338;804
338;805
338;806
338;807
338;808
338;809
338;810
338;811
338;812
338;813
338;814
338;815
338;816
338;817
338;818
338;819
338;820
338;821
338;822
338;823
338;824
338;825
338;826
338;827
338;828
338;829
338;830
338;831
338;832
338;833
338;834
338;835
338;836
338;837
338;838
338;839
339;218
339;219
339;220
339;221
339;222
339;223
339;224
339;225
339;226
339;227
339;228
339;229
339;230
339;231
339;232
339;233
339;234
339;235
339;236
339;237
339;238
339;239
339;240
339;241
339;242
339;243
339;244
339;245
339;246
339;247
339;248
339;249
339;250
339;251
339;252
339;253
339;254
339;255
339;256
339;257
339;258
339;259
339;260
339;261
339;262
339;263
339;264
339;265
339;266
339;267
339;268
339;269
339;270
339;271
339;272
339;273
339;274
339;275
339;276
339;277
339;278
339;279
339;280
339;281
339;282
339;283
339;284
339;285
339;286
339;287
339;288
339;289
339;290
339;291
339;292
339;293
339;294
339;295
339;296
339;297
339;298
339;299
339;300
339;301
339;302
339;303
339;304
339;305
339;306
339;307
339;308
339;309
339;310
339;311
339;312
339;313
339;314
339;315
339;316
339;317
339;318
339;319
339;320
339;321
339;322
339;323
339;324
339;325
339;326
339;327
339;328
339;329
339;330
339;331
339;332
339;333
339;334
339;335
339;336
339;337
339;338
339;339
339;340
339;341
339;342
339;343
339;344
339;345
339;346
339;347
339;348
339;349
339;350
339;351
339;352
339;353
339;354
339;355
339;356
339;357
339;358
339;359
339;360
339;361
339;362
339;363
339;364
339;365
339;366
339;367
339;368
339;369
339;370
339;371
339;372
339;373
339;374
339;375
339;376
339;377
339;378
339;379
339;380
339;381
339;382
339;383
339;384
339;385
339;386
339;387
339;388
339;389
339;390
339;391
339;392
339;393
339;394
339;395
339;396
339;397
339;398
339;399
339;400
339;401
339;402
339;403
339;404
339;405
339;406
339;407
339;408
339;409
339;410
339;411
339;412
339;413
339;414
339;415
339;416
339;417
339;418
339;419
339;420
339;421
339;711
339;712
339;713
339;714
339;715
339;716
339;717
339;718
339;719
339;720
339;721
339;722
339;723
339;724
339;725
339;726
339;727
339;728
339;729
339;730
339;731
339;732
339;733
339;734
339;735
339;736
339;737
339;738
339;739
339;740
339;741
339;742
339;743
339;744
339;745
339;746
339;747
339;748
339;749
339;750
339;751
339;752
339;753
339;754
339;755
339;756
339;757
339;758
339;759
339;760
339;761
339;762
339;763
339;764
339;765
339;766
339;767
339;768
339;769
339;770
339;771
339;772
339;773
339;774
339;775
339;776
339;777
339;778
339;779
339;780
339;781
339;782
339;783
339;784
339;785
339;786
339;787
339;788
339;789
339;790
339;791
339;792
339;793
339;794
339;795
339;796
339;797
339;798
339;799
339;800
339;801
339;802
339;803
339;804
339;805
339;806
339;807
339;808
339;809
339;810
339;811
339;812
339;813
339;814
339;815
339;816
339;817
339;818
339;819
339;820
339;821
339;822
339;823
339;824
339;825
339;826
339;827
339;828
339;829
339;830
339;831
339;832
339;833
339;834
339;835
339;836
339;837
339;838
339;839
340;218
340;219
340;220
340;221
340;222
340;223
340;224
340;225
340;226
340;227
340;228
340;229
340;230
340;231
340;232
340;233
340;234
340;235
340;236
340;237
340;238
340;239
340;240
340;241
340;242
340;243
340;244
340;245
340;246
340;247
340;248
340;249
340;250
340;251
340;252
340;253
340;254
340;255
340;256
340;257
340;258
340;259
340;260
340;261
340;262
340;263
340;264
340;265
340;266
340;267
340;268
340;269
340;270
340;271
340;272
340;273
340;274
340;275
340;276
340;277
340;278
340;279
340;280
340;281
340;282
340;283
340;284
340;285
340;286
340;287
340;288
340;289
340;290
340;291
340;292
340;293
340;294
340;295
340;296
340;297
340;298
340;299
340;300
340;301
340;302
340;303
340;304
340;305
340;306
340;307
340;308
340;309
340;310
340;311
340;312
340;313
340;314
340;315
340;316
340;317
340;318
340;319
340;320
340;321
340;322
340;323
340;324
340;325
340;326
340;327
340;328
340;329
340;330
340;331
340;332
340;333
340;334
340;335
340;336
340;337
340;338
340;339
340;340
340;341
340;342
340;343
340;344
340;345
340;346
340;347
340;348
340;349
340;350
340;351
340;352
340;353
340;354
340;355
340;356
340;357
340;358
340;359
340;360
340;361
340;362
340;363
340;364
340;365
340;366
340;367
340;368
340;369
340;370
340;371
340;372
340;373
340;374
340;375
340;376
340;377
340;378
340;379
340;380
340;381
340;382
340;383
340;384
340;385
340;386
340;387
340;388
340;389
340;390
340;391
340;392
340;393
340;394
340;395
340;396
340;397
340;398
340;399
340;400
340;401
340;402
340;403
340;404
340;405
340;406
340;407
340;408
340;409
340;410
340;411
340;412
340;413
340;414
340;415
340;416
340;417
340;418
340;419
340;420
340;421
340;709
340;710
340;711
340;712
340;713
340;714
340;715
340;716
340;717
340;718
340;719
340;720
340;721
340;722
340;723
340;724
340;725
340;726
340;727
340;728
340;729
340;730
340;731
340;732
340;733
340;734
340;735
340;736
340;737
340;738
340;739
340;740
340;741
340;742
340;743
340;744
340;745
340;746
340;747
340;748
340;749
340;750
340;751
340;752
340;753
340;754
340;755
340;756
340;757
340;758
340;759
340;760
340;761
340;762
340;763
340;764
340;765
340;766
340;767
340;768
340;769
340;770
340;771
340;772
340;773
340;774
340;775
340;776
340;777
340;778
340;779
340;780
340;781
340;782
340;783
340;784
340;785
340;786
340;787
340;788
340;789
340;790
340;791
340;792
340;793
340;794
340;795
340;796
340;797
340;798
340;799
340;800
340;801
340;802
340;803
340;804
340;805
340;806
340;807
340;808
340;809
340;810
340;811
340;812
340;813
340;814
340;815
340;816
340;817
340;818
340;819
340;820
340;821
340;822
340;823
340;824
340;825
340;826
340;827
340;828
340;829
340;830
340;831
340;832
340;833
340;834
340;835
340;836
340;837
340;838
340;839
340;840
341;218
341;219
341;220
341;221
341;222
341;223
341;224
341;225
341;226
341;227
341;228
341;229
341;230
341;231
341;232
341;233
341;234
341;235
341;236
341;237
341;238
341;239
341;240
341;241
341;242
341;243
341;244
341;245
341;246
341;247
341;248
341;249
341;250
341;251
341;252
341;253
341;254
341;255
341;256
341;257
341;258
341;259
341;260
341;261
341;262
341;263
341;264
341;265
341;266
341;267
341;268
341;269
341;270
341;271
341;272
341;273
341;274
341;275
341;276
341;277
341;278
341;279
341;280
341;281
341;282
341;283
341;284
341;285
341;286
341;287
341;288
341;289
341;290
341;291
341;292
341;293
341;294
341;295
341;296
341;297
341;298
341;299
341;300
341;301
341;302
341;303
341;304
341;305
341;306
341;307
341;308
341;309
341;310
341;311
341;312
341;313
341;314
341;315
341;316
341;317
341;318
341;319
341;320
341;321
341;322
341;323
341;324
341;325
341;326
341;327
341;328
341;329
341;330
341;331
341;332
341;333
341;334
341;335
341;336
341;337
341;338
341;339
341;340
341;341
341;342
341;343
341;344
341;345
341;346
341;347
341;348
341;349
341;350
341;351
341;352
341;353
341;354
341;355
341;356
341;357
341;358
341;359
341;360
341;361
341;362
341;363
341;364
341;365
341;366
341;367
341;368
341;369
341;370
341;371
341;372
341;373
341;374
341;375
341;376
341;377
341;378
341;379
341;380
341;381
341;382
341;383
341;384
341;385
341;386
341;387
341;388
341;389
341;390
341;391
341;392
341;393
341;394
341;395
341;396
341;397
341;398
341;399
341;400
341;401
341;402
341;403
341;404
341;405
341;406
341;407
341;408
341;409
341;410
341;411
341;412
341;413
341;414
341;415
341;416
341;417
341;418
341;419
341;420
341;421
341;422
341;707
341;708
341;709
341;710
341;711
341;712
341;713
341;714
341;715
341;716
341;717
341;718
341;719
341;720
341;721
341;722
341;723
341;724
341;725
341;726
341;727
341;728
341;729
341;730
341;731
341;732
341;733
341;734
341;735
341;736
341;737
341;738
341;739
341;740
341;741
341;742
341;743
341;744
341;745
341;746
341;747
341;748
341;749
341;750
341;751
341;752
341;753
341;754
341;755
341;756
341;757
341;758
341;759
341;760
341;761
341;762
341;763
341;764
341;765
341;766
341;767
341;768
341;769
341;770
341;771
341;772
341;773
341;774
341;775
341;776
341;777
341;778
341;779
341;780
341;781
341;782
341;783
341;784
341;785
341;786
341;787
341;788
341;789
341;790
341;791
341;792
341;793
341;794
341;795
341;796
341;797
341;798
341;799
341;800
341;801
341;802
341;803
341;804
341;805
341;806
341;807
341;808
341;809
341;810
341;811
341;812
341;813
341;814
341;815
341;816
341;817
341;818
341;819
341;820
341;821
341;822
341;823
341;824
341;825
341;826
341;827
341;828
341;829
341;830
341;831
341;832
341;833
341;834
341;835
341;836
341;837
341;838
341;839
341;840
341;841
342;217
342;218
342;219
342;220
342;221
342;222
342;223
342;224
342;225
342;226
342;227
342;228
342;229
342;230
342;231
342;232
342;233
342;234
342;235
342;236
342;237
342;238
342;239
342;240
342;241
342;242
342;243
342;244
342;245
342;246
342;247
342;248
342;249
342;250
342;251
342;252
342;253
342;254
342;255
342;256
342;257
342;258
342;259
342;260
342;261
342;262
342;263
342;264
342;265
342;266
342;267
342;268
342;269
342;270
342;271
342;272
342;273
342;274
342;275
342;276
342;277
342;278
342;279
342;280
342;281
342;282
342;283
342;284
342;285
342;286
342;287
342;288
342;289
342;290
342;291
342;292
342;293
342;294
342;295
342;296
342;297
342;298
342;299
342;300
342;301
342;302
342;303
342;304
342;305
342;306
342;307
342;308
342;309
342;310
342;311
342;312
342;313
342;314
342;315
342;316
342;317
342;318
342;319
342;320
342;321
342;322
342;323
342;324
342;325
342;326
342;327
342;328
342;329
342;330
342;331
342;332
342;333
342;334
342;335
342;336
342;337
342;338
342;339
342;340
342;341
342;342
342;343
342;344
342;345
342;346
342;347
342;348
342;349
342;350
342;351
342;352
342;353
342;354
342;355
342;356
342;357
342;358
342;359
342;360
342;361
342;362
342;363
342;364
342;365
342;366
342;367
342;368
342;369
342;370
342;371
342;372
342;373
342;374
342;375
342;376
342;377
342;378
342;379
342;380
342;381
342;382
342;383
342;384
342;385
342;386
342;387
342;388
342;389
342;390
342;391
342;392
342;393
342;394
342;395
342;396
342;397
342;398
342;399
342;400
342;401
342;402
342;403
342;404
342;405
342;406
342;407
342;408
342;409
342;410
342;411
342;412
342;413
342;414
342;415
342;416
342;417
342;418
342;419
342;420
342;421
342;422
342;705
342;706
342;707
342;708
342;709
342;710
342;711
342;712
342;713
342;714
342;715
342;716
342;717
342;718
342;719
342;720
342;721
342;722
342;723
342;724
342;725
342;726
342;727
342;728
342;729
342;730
342;731
342;732
342;733
342;734
342;735
342;736
342;737
342;738
342;739
342;740
342;741
342;742
342;743
342;744
342;745
342;746
342;747
342;748
342;749
342;750
342;751
342;752
342;753
342;754
342;755
342;756
342;757
342;758
342;759
342;760
342;761
342;762
342;763
342;764
342;765
342;766
342;767
342;768
342;769
342;770
342;771
342;772
342;773
342;774
342;775
342;776
342;777
342;778
342;779
342;780
342;781
342;782
342;783
342;784
342;785
342;786
342;787
342;788
342;789
342;790
342;791
342;792
342;793
342;794
342;795
342;796
342;797
342;798
342;799
342;800
342;801
342;802
342;803
342;804
342;805
342;806
342;807
342;808
342;809
342;810
342;811
342;812
342;813
342;814
342;815
342;816
342;817
342;818
342;819
342;820
342;821
342;822
342;823
342;824
342;825
342;826
342;827
342;828
342;829
342;830
342;831
342;832
342;833
342;834
342;835
342;836
342;837
342;838
342;839
342;840
342;841
342;842
343;217
343;218
343;219
343;220
343;221
343;222
343;223
343;224
343;225
343;226
343;227
343;228
343;229
343;230
343;231
343;232
343;233
343;234
343;235
343;236
343;237
343;238
343;239
343;240
343;241
343;242
343;243
343;244
343;245
343;246
343;247
343;248
343;249
343;250
343;251
343;252
343;253
343;254
343;255
343;256
343;257
343;258
343;259
343;260
343;261
343;262
343;263
343;264
343;265
343;266
343;267
343;268
343;269
343;270
343;271
343;272
343;273
343;274
343;275
343;276
343;277
343;278
343;279
343;280
343;281
343;282
343;283
343;284
343;285
343;286
343;287
343;288
343;289
343;290
343;291
343;292
343;293
343;294
343;295
343;296
343;297
343;298
343;299
343;300
343;301
343;302
343;303
343;304
343;305
343;306
343;307
343;308
343;309
343;310
343;311
343;312
343;313
343;314
343;315
343;316
343;317
343;318
343;319
343;320
343;321
343;322
343;323
343;324
343;325
343;326
343;327
343;328
343;329
343;330
343;331
343;332
343;333
343;334
343;335
343;336
343;337
343;338
343;339
343;340
343;341
343;342
343;343
343;344
343;345
343;346
343;347
343;348
343;349
343;350
343;351
343;352
343;353
343;354
343;355
343;356
343;357
343;358
343;359
343;360
343;361
343;362
343;363
343;364
343;365
343;366
343;367
343;368
343;369
343;370
343;371
343;372
343;373
343;374
343;375
343;376
343;377
343;378
343;379
343;380
343;381
343;382
343;383
343;384
343;385
343;386
343;387
343;388
343;389
343;390
343;391
343;392
343;393
343;394
343;395
343;396
343;397
343;398
343;399
343;400
343;401
343;402
343;403
343;404
343;405
343;406
343;407
343;408
343;409
343;410
343;411
343;412
343;413
343;414
343;415
343;416
343;417
343;418
343;419
343;420
343;421
343;422
343;703
343;704
343;705
343;706
343;707
343;708
343;709
343;710
343;711
343;712
343;713
343;714
343;715
343;716
343;717
343;718
343;719
343;720
343;721
343;722
343;723
343;724
343;725
343;726
343;727
343;728
343;729
343;730
343;731
343;732
343;733
343;734
343;735
343;736
343;737
343;738
343;739
343;740
343;741
343;742
343;743
343;744
343;745
343;746
343;747
343;748
343;749
343;750
343;751
343;752
343;753
343;754
343;755
343;756
343;757
343;758
343;759
343;760
343;761
343;762
343;763
343;764
343;765
343;766
343;767
343;768
343;769
343;770
343;771
343;772
343;773
343;774
343;775
343;776
343;777
343;778
343;779
343;780
343;781
343;782
343;783
343;784
343;785
343;786
343;787
343;788
343;789
343;790
343;791
343;792
343;793
343;794
343;795
343;796
343;797
343;798
343;799
343;800
343;801
343;802
343;803
343;804
343;805
343;806
343;807
343;808
343;809
343;810
343;811
343;812
343;813
343;814
343;815
343;816
343;817
343;818
343;819
343;820
343;821
343;822
343;823
343;824
343;825
343;826
343;827
343;828
343;829
343;830
343;831
343;832
343;833
343;834
343;835
343;836
343;837
343;838
343;839
343;840
343;841
343;842
343;843
344;217
344;218
344;219
344;220
344;221
344;222
344;223
344;224
344;225
344;226
344;227
344;228
344;229
344;230
344;231
344;232
344;233
344;234
344;235
344;236
344;237
344;238
344;239
344;240
344;241
344;242
344;243
344;244
344;245
344;246
344;247
344;248
344;249
344;250
344;251
344;252
344;253
344;254
344;255
344;256
344;257
344;258
344;259
344;260
344;261
344;262
344;263
344;264
344;265
344;266
344;267
344;268
344;269
344;270
344;271
344;272
344;273
344;274
344;275
344;276
344;277
344;278
344;279
344;280
344;281
344;282
344;283
344;284
344;285
344;286
344;287
344;288
344;289
344;290
344;291
344;292
344;293
344;294
344;295
344;296
344;297
344;298
344;299
344;300
344;301
344;302
344;303
344;304
344;305
344;306
344;307
344;308
344;309
344;310
344;311
344;312
344;313
344;314
344;315
344;316
344;317
344;318
344;319
344;320
344;321
344;322
344;323
344;324
344;325
344;326
344;327
344;328
344;329
344;330
344;331
344;332
344;333
344;334
344;335
344;336
344;337
344;338
344;339
344;340
344;341
344;342
344;343
344;344
344;345
344;346
344;347
344;348
344;349
344;350
344;351
344;352
344;353
344;354
344;355
344;356
344;357
344;358
344;359
344;360
344;361
344;362
344;363
344;364
344;365
344;366
344;367
344;368
344;369
344;370
344;371
344;372
344;373
344;374
344;375
344;376
344;377
344;378
344;379
344;380
344;381
344;382
344;383
344;384
344;385
344;386
344;387
344;388
344;389
344;390
344;391
344;392
344;393
344;394
344;395
344;396
344;397
344;398
344;399
344;400
344;401
344;402
344;403
344;404
344;405
344;406
344;407
344;408
344;409
344;410
344;411
344;412
344;413
344;414
344;415
344;416
344;417
344;418
344;419
344;420
344;421
344;422
344;701
344;702
344;703
344;704
344;705
344;706
344;707
344;708
344;709
344;710
344;711
344;712
344;713
344;714
344;715
344;716
344;717
344;718
344;719
344;720
344;721
344;722
344;723
344;724
344;725
344;726
344;727
344;728
344;729
344;730
344;731
344;732
344;733
344;734
344;735
344;736
344;737
344;738
344;739
344;740
344;741
344;742
344;743
344;744
344;745
344;746
344;747
344;748
344;749
344;750
344;751
344;752
344;753
344;754
344;755
344;756
344;757
344;758
344;759
344;760
344;761
344;762
344;763
344;764
344;765
344;766
344;767
344;768
344;769
344;770
344;771
344;772
344;773
344;774
344;775
344;776
344;777
344;778
344;779
344;780
344;781
344;782
344;783
344;784
344;785
344;786
344;787
344;788
344;789
344;790
344;791
344;792
344;793
344;794
344;795
344;796
344;797
344;798
344;799
344;800
344;801
344;802
344;803
344;804
344;805
344;806
344;807
344;808
344;809
344;810
344;811
344;812
344;813
344;814
344;815
344;816
344;817
344;818
344;819
344;820
344;821
344;822
344;823
344;824
344;825
344;826
344;827
344;828
344;829
344;830
344;831
344;832
344;833
344;834
344;835
344;836
344;837
344;838
344;839
344;840
344;841
344;842
344;843
345;217
345;218
345;219
345;220
345;221
345;222
345;223
345;224
345;225
345;226
345;227
345;228
345;229
345;230
345;231
345;232
345;233
345;234
345;235
345;236
345;237
345;238
345;239
345;240
345;241
345;242
345;243
345;244
345;245
345;246
345;247
345;248
345;249
345;250
345;251
345;252
345;253
345;254
345;255
345;256
345;257
345;258
345;259
345;260
345;261
345;262
345;263
345;264
345;265
345;266
345;267
345;268
345;269
345;270
345;271
345;272
345;273
345;274
345;275
345;276
345;277
345;278
345;279
345;280
345;281
345;282
345;283
345;284
345;285
345;286
345;287
345;288
345;289
345;290
345;291
345;292
345;293
345;294
345;295
345;296
345;297
345;298
345;299
345;300
345;301
345;302
345;303
345;304
345;305
345;306
345;307
345;308
345;309
345;310
345;311
345;312
345;313
345;314
345;315
345;316
345;317
345;318
345;319
345;320
345;321
345;322
345;323
345;324
345;325
345;326
345;327
345;328
345;329
345;330
345;331
345;332
345;333
345;334
345;335
345;336
345;337
345;338
345;339
345;340
345;341
345;342
345;343
345;344
345;345
345;346
345;347
345;348
345;349
345;350
345;351
345;352
345;353
345;354
345;355
345;356
345;357
345;358
345;359
345;360
345;361
345;362
345;363
345;364
345;365
345;366
345;367
345;368
345;369
345;370
345;371
345;372
345;373
345;374
345;375
345;376
345;377
345;378
345;379
345;380
345;381
345;382
345;383
345;384
345;385
345;386
345;387
345;388
345;389
345;390
345;391
345;392
345;393
345;394
345;395
345;396
345;397
345;398
345;399
345;400
345;401
345;402
345;403
345;404
345;405
345;406
345;407
345;408
345;409
345;410
345;411
345;412
345;413
345;414
345;415
345;416
345;417
345;418
345;419
345;420
345;421
345;422
345;699
345;700
345;701
345;702
345;703
345;704
345;705
345;706
345;707
345;708
345;709
345;710
345;711
345;712
345;713
345;714
345;715
345;716
345;717
345;718
345;719
345;720
345;721
345;722
345;723
345;724
345;725
345;726
345;727
345;728
345;729
345;730
345;731
345;732
345;733
345;734
345;735
345;736
345;737
345;738
345;739
345;740
345;741
345;742
345;743
345;744
345;745
345;746
345;747
345;748
345;749
345;750
345;751
345;752
345;753
345;754
345;755
345;756
345;757
345;758
345;759
345;760
345;761
345;762
345;763
345;764
345;765
345;766
345;767
345;768
345;769
345;770
345;771
345;772
345;773
345;774
345;775
345;776
345;777
345;778
345;779
345;780
345;781
345;782
345;783
345;784
345;785
345;786
345;787
345;788
345;789
345;790
345;791
345;792
345;793
345;794
345;795
345;796
345;797
345;798
345;799
345;800
345;801
345;802
345;803
345;804
345;805
345;806
345;807
345;808
345;809
345;810
345;811
345;812
345;813
345;814
345;815
345;816
345;817
345;818
345;819
345;820
345;821
345;822
345;823
345;824
345;825
345;826
345;827
345;828
345;829
345;830
345;831
345;832
345;833
345;834
345;835
345;836
345;837
345;838
345;839
345;840
345;841
345;842
345;843
345;844
346;217
346;218
346;219
346;220
346;221
346;222
346;223
346;224
346;225
346;226
346;227
346;228
346;229
346;230
346;231
346;232
346;233
346;234
346;235
346;236
346;237
346;238
346;239
346;240
346;241
346;242
346;243
346;244
346;245
346;246
346;247
346;248
346;249
346;250
346;251
346;252
346;253
346;254
346;255
346;256
346;257
346;258
346;259
346;260
346;261
346;262
346;263
346;264
346;265
346;266
346;267
346;268
346;269
346;270
346;271
346;272
346;273
346;274
346;275
346;276
346;277
346;278
346;279
346;280
346;281
346;282
346;283
346;284
346;285
346;286
346;287
346;288
346;289
346;290
346;291
346;292
346;293
346;294
346;295
346;296
346;297
346;298
346;299
346;300
346;301
346;302
346;303
346;304
346;305
346;306
346;307
346;308
346;309
346;310
346;311
346;312
346;313
346;314
346;315
346;316
346;317
346;318
346;319
346;320
346;321
346;322
346;323
346;324
346;325
346;326
346;327
346;328
346;329
346;330
346;331
346;332
346;333
346;334
346;335
346;336
346;337
346;338
346;339
346;340
346;341
346;342
346;343
346;344
346;345
346;346
346;347
346;348
346;349
346;350
346;351
346;352
346;353
346;354
346;355
346;356
346;357
346;358
346;359
346;360
346;361
346;362
346;363
346;364
346;365
346;366
346;367
346;368
346;369
346;370
346;371
346;372
346;373
346;374
346;375
346;376
346;377
346;378
346;379
346;380
346;381
346;382
346;383
346;384
346;385
346;386
346;387
346;388
346;389
346;390
346;391
346;392
346;393
346;394
346;395
346;396
346;397
346;398
346;399
346;400
346;401
346;402
346;403
346;404
346;405
346;406
346;407
346;408
346;409
346;410
346;411
346;412
346;413
346;414
346;415
346;416
346;417
346;418
346;419
346;420
346;421
346;422
346;697
346;698
346;699
346;700
346;701
346;702
346;703
346;704
346;705
346;706
346;707
346;708
346;709
346;710
346;711
346;712
346;713
346;714
346;715
346;716
346;717
346;718
346;719
346;720
346;721
346;722
346;723
346;724
346;725
346;726
346;727
346;728
346;729
346;730
346;731
346;732
346;733
346;734
346;735
346;736
346;737
346;738
346;739
346;740
346;741
346;742
346;743
346;744
346;745
346;746
346;747
346;748
346;749
346;750
346;751
346;752
346;753
346;754
346;755
346;756
346;757
346;758
346;759
346;760
346;761
346;762
346;763
346;764
346;765
346;766
346;767
346;768
346;769
346;770
346;771
346;772
346;773
346;774
346;775
346;776
346;777
346;778
346;779
346;780
346;781
346;782
346;783
346;784
346;785
346;786
346;787
346;788
346;789
346;790
346;791
346;792
346;793
346;794
346;795
346;796
346;797
346;798
346;799
346;800
346;801
346;802
346;803
346;804
346;805
346;806
346;807
346;808
346;809
346;810
346;811
346;812
346;813
346;814
346;815
346;816
346;817
346;818
346;819
346;820
346;821
346;822
346;823
346;824
346;825
346;826
346;827
346;828
346;829
346;830
346;831
346;832
346;833
346;834
346;835
346;836
346;837
346;838
346;839
346;840
346;841
346;842
346;843
346;844
346;845
347;217
347;218
347;219
347;220
347;221
347;222
347;223
347;224
347;225
347;226
347;227
347;228
347;229
347;230
347;231
347;232
347;233
347;234
347;235
347;236
347;237
347;238
347;239
347;240
347;241
347;242
347;243
347;244
347;245
347;246
347;247
347;248
347;249
347;250
347;251
347;252
347;253
347;254
347;255
347;256
347;257
347;258
347;259
347;260
347;261
347;262
347;263
347;264
347;265
347;266
347;267
347;268
347;269
347;270
347;271
347;272
347;273
347;274
347;275
347;276
347;277
347;278
347;279
347;280
347;281
347;282
347;283
347;284
347;285
347;286
347;287
347;288
347;289
347;290
347;291
347;292
347;293
347;294
347;295
347;296
347;297
347;298
347;299
347;300
347;301
347;302
347;303
347;304
347;305
347;306
347;307
347;308
347;309
347;310
347;311
347;312
347;313
347;314
347;315
347;316
347;317
347;318
347;319
347;320
347;321
347;322
347;323
347;324
347;325
347;326
347;327
347;328
347;329
347;330
347;331
347;332
347;333
347;334
347;335
347;336
347;337
347;338
347;339
347;340
347;341
347;342
347;343
347;344
347;345
347;346
347;347
347;348
347;349
347;350
347;351
347;352
347;353
347;354
347;355
347;356
347;357
347;358
347;359
347;360
347;361
347;362
347;363
347;364
347;365
347;366
347;367
347;368
347;369
347;370
347;371
347;372
347;373
347;374
347;375
347;376
347;377
347;378
347;379
347;380
347;381
347;382
347;383
347;384
347;385
347;386
347;387
347;388
347;389
347;390
347;391
347;392
347;393
347;394
347;395
347;396
347;397
347;398
347;399
347;400
347;401
347;402
347;403
347;404
347;405
347;406
347;407
347;408
347;409
347;410
347;411
347;412
347;413
347;414
347;415
347;416
347;417
347;418
347;419
347;420
347;421
347;422
347;695
347;696
347;697
347;698
347;699
347;700
347;701
347;702
347;703
347;704
347;705
347;706
347;707
347;708
347;709
347;710
347;711
347;712
347;713
347;714
347;715
347;716
347;717
347;718
347;719
347;720
347;721
347;722
347;723
347;724
347;725
347;726
347;727
347;728
347;729
347;730
347;731
347;732
347;733
347;734
347;735
347;736
347;737
347;738
347;739
347;740
347;741
347;742
347;743
347;744
347;745
347;746
347;747
347;748
347;749
347;750
347;751
347;752
347;753
347;754
347;755
347;756
347;757
347;758
347;759
347;760
347;761
347;762
347;763
347;764
347;765
347;766
347;767
347;768
347;769
347;770
347;771
347;772
347;773
347;774
347;775
347;776
347;777
347;778
347;779
347;780
347;781
347;782
347;783
347;784
347;785
347;786
347;787
347;788
347;789
347;790
347;791
347;792
347;793
347;794
347;795
347;796
347;797
347;798
347;799
347;800
347;801
347;802
347;803
347;804
347;805
347;806
347;807
347;808
347;809
347;810
347;811
347;812
347;813
347;814
347;815
347;816
347;817
347;818
347;819
347;820
347;821
347;822
347;823
347;824
347;825
347;826
347;827
347;828
347;829
347;830
347;831
347;832
347;833
347;834
347;835
347;836
347;837
347;838
347;839
347;840
347;841
347;842
347;843
347;844
347;845
348;217
348;218
348;219
348;220
348;221
348;222
348;223
348;224
348;225
348;226
348;227
348;228
348;229
348;230
348;231
348;232
348;233
348;234
348;235
348;236
348;237
348;238
348;239
348;240
348;241
348;242
348;243
348;244
348;245
348;246
348;247
348;248
348;249
348;250
348;251
348;252
348;253
348;254
348;255
348;256
348;257
348;258
348;259
348;260
348;261
348;262
348;263
348;264
348;265
348;266
348;267
348;268
348;269
348;270
348;271
348;272
348;273
348;274
348;275
348;276
348;277
348;278
348;279
348;280
348;281
348;282
348;283
348;284
348;285
348;286
348;287
348;288
348;289
348;290
348;291
348;292
348;293
348;294
348;295
348;296
348;297
348;298
348;299
348;300
348;301
348;302
348;303
348;304
348;305
348;306
348;307
348;308
348;309
348;310
348;311
348;312
348;313
348;314
348;315
348;316
348;317
348;318
348;319
348;320
348;321
348;322
348;323
348;324
348;325
348;326
348;327
348;328
348;329
348;330
348;331
348;332
348;333
348;334
348;335
348;336
348;337
348;338
348;339
348;340
348;341
348;342
348;343
348;344
348;345
348;346
348;347
348;348
348;349
348;350
348;351
348;352
348;353
348;354
348;355
348;356
348;357
348;358
348;359
348;360
348;361
348;362
348;363
348;364
348;365
348;366
348;367
348;368
348;369
348;370
348;371
348;372
348;373
348;374
348;375
348;376
348;377
348;378
348;379
348;380
348;381
348;382
348;383
348;384
348;385
348;386
348;387
348;388
348;389
348;390
348;391
348;392
348;393
348;394
348;395
348;396
348;397
348;398
348;399
348;400
348;401
348;402
348;403
348;404
348;405
348;406
348;407
348;408
348;409
348;410
348;411
348;412
348;413
348;414
348;415
348;416
348;417
348;418
348;419
348;420
348;421
348;422
348;693
348;694
348;695
348;696
348;697
348;698
348;699
348;700
348;701
348;702
348;703
348;704
348;705
348;706
348;707
348;708
348;709
348;710
348;711
348;712
348;713
348;714
348;715
348;716
348;717
348;718
348;719
348;720
348;721
348;722
348;723
348;724
348;725
348;726
348;727
348;728
348;729
348;730
348;731
348;732
348;733
348;734
348;735
348;736
348;737
348;738
348;739
348;740
348;741
348;742
348;743
348;744
348;745
348;746
348;747
348;748
348;749
348;750
348;751
348;752
348;753
348;754
348;755
348;756
348;757
348;758
348;759
348;760
348;761
348;762
348;763
348;764
348;765
348;766
348;767
348;768
348;769
348;770
348;771
348;772
348;773
348;774
348;775
348;776
348;777
348;778
348;779
348;780
348;781
348;782
348;783
348;784
348;785
348;786
348;787
348;788
348;789
348;790
348;791
348;792
348;793
348;794
348;795
348;796
348;797
348;798
348;799
348;800
348;801
348;802
348;803
348;804
348;805
348;806
348;807
348;808
348;809
348;810
348;811
348;812
348;813
348;814
348;815
348;816
348;817
348;818
348;819
348;820
348;821
348;822
348;823
348;824
348;825
348;826
348;827
348;828
348;829
348;830
348;831
348;832
348;833
348;834
348;835
348;836
348;837
348;838
348;839
348;840
348;841
348;842
348;843
348;844
348;845
348;846
349;217
349;218
349;219
349;220
349;221
349;222
349;223
349;224
349;225
349;226
349;227
349;228
349;229
349;230
349;231
349;232
349;233
349;234
349;235
349;236
349;237
349;238
349;239
349;240
349;241
349;242
349;243
349;244
349;245
349;246
349;247
349;248
349;249
349;250
349;251
349;252
349;253
349;254
349;255
349;256
349;257
349;258
349;259
349;260
349;261
349;262
349;263
349;264
349;265
349;266
349;267
349;268
349;269
349;270
349;271
349;272
349;273
349;274
349;275
349;276
349;277
349;278
349;279
349;280
349;281
349;282
349;283
349;284
349;285
349;286
349;287
349;288
349;289
349;290
349;291
349;292
349;293
349;294
349;295
349;296
349;297
349;298
349;299
349;300
349;301
349;302
349;303
349;304
349;305
349;306
349;307
349;308
349;309
349;310
349;311
349;312
349;313
349;314
349;315
349;316
349;317
349;318
349;319
349;320
349;321
349;322
349;323
349;324
349;325
349;326
349;327
349;328
349;329
349;330
349;331
349;332
349;333
349;334
349;335
349;336
349;337
349;338
349;339
349;340
349;341
349;342
349;343
349;344
349;345
349;346
349;347
349;348
349;349
349;350
349;351
349;352
349;353
349;354
349;355
349;356
349;357
349;358
349;359
349;360
349;361
349;362
349;363
349;364
349;365
349;366
349;367
349;368
349;369
349;370
349;371
349;372
349;373
349;374
349;375
349;376
349;377
349;378
349;379
349;380
349;381
349;382
349;383
349;384
349;385
349;386
349;387
349;388
349;389
349;390
349;391
349;392
349;393
349;394
349;395
349;396
349;397
349;398
349;399
349;400
349;401
349;402
349;403
349;404
349;405
349;406
349;407
349;408
349;409
349;410
349;411
349;412
349;413
349;414
349;415
349;416
349;417
349;418
349;419
349;420
349;421
349;422
349;691
349;692
349;693
349;694
349;695
349;696
349;697
349;698
349;699
349;700
349;701
349;702
349;703
349;704
349;705
349;706
349;707
349;708
349;709
349;710
349;711
349;712
349;713
349;714
349;715
349;716
349;717
349;718
349;719
349;720
349;721
349;722
349;723
349;724
349;725
349;726
349;727
349;728
349;729
349;730
349;731
349;732
349;733
349;734
349;735
349;736
349;737
349;738
349;739
349;740
349;741
349;742
349;743
349;744
349;745
349;746
349;747
349;748
349;749
349;750
349;751
349;752
349;753
349;754
349;755
349;756
349;757
349;758
349;759
349;760
349;761
349;762
349;763
349;764
349;765
349;766
349;767
349;768
349;769
349;770
349;771
349;772
349;773
349;774
349;775
349;776
349;777
349;778
349;779
349;780
349;781
349;782
349;783
349;784
349;785
349;786
349;787
349;788
349;789
349;790
349;791
349;792
349;793
349;794
349;795
349;796
349;797
349;798
349;799
349;800
349;801
349;802
349;803
349;804
349;805
349;806
349;807
349;808
349;809
349;810
349;811
349;812
349;813
349;814
349;815
349;816
349;817
349;818
349;819
349;820
349;821
349;822
349;823
349;824
349;825
349;826
349;827
349;828
349;829
349;830
349;831
349;832
349;833
349;834
349;835
349;836
349;837
349;838
349;839
349;840
349;841
349;842
349;843
349;844
349;845
349;846
349;847
350;217
350;218
350;219
350;220
350;221
350;222
350;223
350;224
350;225
350;226
350;227
350;228
350;229
350;230
350;231
350;232
350;233
350;234
350;235
350;236
350;237
350;238
350;239
350;240
350;241
350;242
350;243
350;244
350;245
350;246
350;247
350;248
350;249
350;250
350;251
350;252
350;253
350;254
350;255
350;256
350;257
350;258
350;259
350;260
350;261
350;262
350;263
350;264
350;265
350;266
350;267
350;268
350;269
350;270
350;271
350;272
350;273
350;274
350;275
350;276
350;277
350;278
350;279
350;280
350;281
350;282
350;283
350;284
350;285
350;286
350;287
350;288
350;289
350;290
350;291
350;292
350;293
350;294
350;295
350;296
350;297
350;298
350;299
350;300
350;301
350;302
350;303
350;304
350;305
350;306
350;307
350;308
350;309
350;310
350;311
350;312
350;313
350;314
350;315
350;316
350;317
350;318
350;319
350;320
350;321
350;322
350;323
350;324
350;325
350;326
350;327
350;328
350;329
350;330
350;331
350;332
350;333
350;334
350;335
350;336
350;337
350;338
350;339
350;340
350;341
350;342
350;343
350;344
350;345
350;346
350;347
350;348
350;349
350;350
350;351
350;352
350;353
350;354
350;355
350;356
350;357
350;358
350;359
350;360
350;361
350;362
350;363
350;364
350;365
350;366
350;367
350;368
350;369
350;370
350;371
350;372
350;373
350;374
350;375
350;376
350;377
350;378
350;379
350;380
350;381
350;382
350;383
350;384
350;385
350;386
350;387
350;388
350;389
350;390
350;391
350;392
350;393
350;394
350;395
350;396
350;397
350;398
350;399
350;400
350;401
350;402
350;403
350;404
350;405
350;406
350;407
350;408
350;409
350;410
350;411
350;412
350;413
350;414
350;415
350;416
350;417
350;418
350;419
350;420
350;421
350;422
350;689
350;690
350;691
350;692
350;693
350;694
350;695
350;696
350;697
350;698
350;699
350;700
350;701
350;702
350;703
350;704
350;705
350;706
350;707
350;708
350;709
350;710
350;711
350;712
350;713
350;714
350;715
350;716
350;717
350;718
350;719
350;720
350;721
350;722
350;723
350;724
350;725
350;726
350;727
350;728
350;729
350;730
350;731
350;732
350;733
350;734
350;735
350;736
350;737
350;738
350;739
350;740
350;741
350;742
350;743
350;744
350;745
350;746
350;747
350;748
350;749
350;750
350;751
350;752
350;753
350;754
350;755
350;756
350;757
350;758
350;759
350;760
350;761
350;762
350;763
350;764
350;765
350;766
350;767
350;768
350;769
350;770
350;771
350;772
350;773
350;774
350;775
350;776
350;777
350;778
350;779
350;780
350;781
350;782
350;783
350;784
350;785
350;786
350;787
350;788
350;789
350;790
350;791
350;792
350;793
350;794
350;795
350;796
350;797
350;798
350;799
350;800
350;801
350;802
350;803
350;804
350;805
350;806
350;807
350;808
350;809
350;810
350;811
350;812
350;813
350;814
350;815
350;816
350;817
350;818
350;819
350;820
350;821
350;822
350;823
350;824
350;825
350;826
350;827
350;828
350;829
350;830
350;831
350;832
350;833
350;834
350;835
350;836
350;837
350;838
350;839
350;840
350;841
350;842
350;843
350;844
350;845
350;846
350;847
351;217
351;218
351;219
351;220
351;221
351;222
351;223
351;224
351;225
351;226
351;227
351;228
351;229
351;230
351;231
351;232
351;233
351;234
351;235
351;236
351;237
351;238
351;239
351;240
351;241
351;242
351;243
351;244
351;245
351;246
351;247
351;248
351;249
351;250
351;251
351;252
351;253
351;254
351;255
351;256
351;257
351;258
351;259
351;260
351;261
351;262
351;263
351;264
351;265
351;266
351;267
351;268
351;269
351;270
351;271
351;272
351;273
351;274
351;275
351;276
351;277
351;278
351;279
351;280
351;281
351;282
351;283
351;284
351;285
351;286
351;287
351;288
351;289
351;290
351;291
351;292
351;293
351;294
351;295
351;296
351;297
351;298
351;299
351;300
351;301
351;302
351;303
351;304
351;305
351;306
351;307
351;308
351;309
351;310
351;311
351;312
351;313
351;314
351;315
351;316
351;317
351;318
351;319
351;320
351;321
351;322
351;323
351;324
351;325
351;326
351;327
351;328
351;329
351;330
351;331
351;332
351;333
351;334
351;335
351;336
351;337
351;338
351;339
351;340
351;341
351;342
351;343
351;344
351;345
351;346
351;347
351;348
351;349
351;350
351;351
351;352
351;353
351;354
351;355
351;356
351;357
351;358
351;359
351;360
351;361
351;362
351;363
351;364
351;365
351;366
351;367
351;368
351;369
351;370
351;371
351;372
351;373
351;374
351;375
351;376
351;377
351;378
351;379
351;380
351;381
351;382
351;383
351;384
351;385
351;386
351;387
351;388
351;389
351;390
351;391
351;392
351;393
351;394
351;395
351;396
351;397
351;398
351;399
351;400
351;401
351;402
351;403
351;404
351;405
351;406
351;407
351;408
351;409
351;410
351;411
351;412
351;413
351;414
351;415
351;416
351;417
351;418
351;419
351;420
351;421
351;422
351;689
351;690
351;691
351;692
351;693
351;694
351;695
351;696
351;697
351;698
351;699
351;700
351;701
351;702
351;703
351;704
351;705
351;706
351;707
351;708
351;709
351;710
351;711
351;712
351;713
351;714
351;715
351;716
351;717
351;718
351;719
351;720
351;721
351;722
351;723
351;724
351;725
351;726
351;727
351;728
351;729
351;730
351;731
351;732
351;733
351;734
351;735
351;736
351;737
351;738
351;739
351;740
351;741
351;742
351;743
351;744
351;745
351;746
351;747
351;748
351;749
351;750
351;751
351;752
351;753
351;754
351;755
351;756
351;757
351;758
351;759
351;760
351;761
351;762
351;763
351;764
351;765
351;766
351;767
351;768
351;769
351;770
351;771
351;772
351;773
351;774
351;775
351;776
351;777
351;778
351;779
351;780
351;781
351;782
351;783
351;784
351;785
351;786
351;787
351;788
351;789
351;790
351;791
351;792
351;793
351;794
351;795
351;796
351;797
351;798
351;799
351;800
351;801
351;802
351;803
351;804
351;805
351;806
351;807
351;808
351;809
351;810
351;811
351;812
351;813
351;814
351;815
351;816
351;817
351;818
351;819
351;820
351;821
351;822
351;823
351;824
351;825
351;826
351;827
351;828
351;829
351;830
351;831
351;832
351;833
351;834
351;835
351;836
351;837
351;838
351;839
351;840
351;841
351;842
351;843
351;844
351;845
351;846
351;847
351;848
352;217
352;218
352;219
352;220
352;221
352;222
352;223
352;224
352;225
352;226
352;227
352;228
352;229
352;230
352;231
352;232
352;233
352;234
352;235
352;236
352;237
352;238
352;239
352;240
352;241
352;242
352;243
352;244
352;245
352;246
352;247
352;248
352;249
352;250
352;251
352;252
352;253
352;254
352;255
352;256
352;257
352;258
352;259
352;260
352;261
352;262
352;263
352;264
352;265
352;266
352;267
352;268
352;269
352;270
352;271
352;272
352;273
352;274
352;275
352;276
352;277
352;278
352;279
352;280
352;281
352;282
352;283
352;284
352;285
352;286
352;287
352;288
352;289
352;290
352;291
352;292
352;293
352;294
352;295
352;296
352;297
352;298
352;299
352;300
352;301
352;302
352;303
352;304
352;305
352;306
352;307
352;308
352;309
352;310
352;311
352;312
352;313
352;314
352;315
352;316
352;317
352;318
352;319
352;320
352;321
352;322
352;323
352;324
352;325
352;326
352;327
352;328
352;329
352;330
352;331
352;332
352;333
352;334
352;335
352;336
352;337
352;338
352;339
352;340
352;341
352;342
352;343
352;344
352;345
352;346
352;347
352;348
352;349
352;350
352;351
352;352
352;353
352;354
352;355
352;356
352;357
352;358
352;359
352;360
352;361
352;362
352;363
352;364
352;365
352;366
352;367
352;368
352;369
352;370
352;371
352;372
352;373
352;374
352;375
352;376
352;377
352;378
352;379
352;380
352;381
352;382
352;383
352;384
352;385
352;386
352;387
352;388
352;389
352;390
352;391
352;392
352;393
352;394
352;395
352;396
352;397
352;398
352;399
352;400
352;401
352;402
352;403
352;404
352;405
352;406
352;407
352;408
352;409
352;410
352;411
352;412
352;413
352;414
352;415
352;416
352;417
352;418
352;419
352;420
352;421
352;422
352;687
352;688
352;689
352;690
352;691
352;692
352;693
352;694
352;695
352;696
352;697
352;698
352;699
352;700
352;701
352;702
352;703
352;704
352;705
352;706
352;707
352;708
352;709
352;710
352;711
352;712
352;713
352;714
352;715
352;716
352;717
352;718
352;719
352;720
352;721
352;722
352;723
352;724
352;725
352;726
352;727
352;728
352;729
352;730
352;731
352;732
352;733
352;734
352;735
352;736
352;737
352;738
352;739
352;740
352;741
352;742
352;743
352;744
352;745
352;746
352;747
352;748
352;749
352;750
352;751
352;752
352;753
352;754
352;755
352;756
352;757
352;758
352;759
352;760
352;761
352;762
352;763
352;764
352;765
352;766
352;767
352;768
352;769
352;770
352;771
352;772
352;773
352;774
352;775
352;776
352;777
352;778
352;779
352;780
352;781
352;782
352;783
352;784
352;785
352;786
352;787
352;788
352;789
352;790
352;791
352;792
352;793
352;794
352;795
352;796
352;797
352;798
352;799
352;800
352;801
352;802
352;803
352;804
352;805
352;806
352;807
352;808
352;809
352;810
352;811
352;812
352;813
352;814
352;815
352;816
352;817
352;818
352;819
352;820
352;821
352;822
352;823
352;824
352;825
352;826
352;827
352;828
352;829
352;830
352;831
352;832
352;833
352;834
352;835
352;836
352;837
352;838
352;839
352;840
352;841
352;842
352;843
352;844
352;845
352;846
352;847
352;848
352;849
353;218
353;219
353;220
353;221
353;222
353;223
353;224
353;225
353;226
353;227
353;228
353;229
353;230
353;231
353;232
353;233
353;234
353;235
353;236
353;237
353;238
353;239
353;240
353;241
353;242
353;243
353;244
353;245
353;246
353;247
353;248
353;249
353;250
353;251
353;252
353;253
353;254
353;255
353;256
353;257
353;258
353;259
353;260
353;261
353;262
353;263
353;264
353;265
353;266
353;267
353;268
353;269
353;270
353;271
353;272
353;273
353;274
353;275
353;276
353;277
353;278
353;279
353;280
353;281
353;282
353;283
353;284
353;285
353;286
353;287
353;288
353;289
353;290
353;291
353;292
353;293
353;294
353;295
353;296
353;297
353;298
353;299
353;300
353;301
353;302
353;303
353;304
353;305
353;306
353;307
353;308
353;309
353;310
353;311
353;312
353;313
353;314
353;315
353;316
353;317
353;318
353;319
353;320
353;321
353;322
353;323
353;324
353;325
353;326
353;327
353;328
353;329
353;330
353;331
353;332
353;333
353;334
353;335
353;336
353;337
353;338
353;339
353;340
353;341
353;342
353;343
353;344
353;345
353;346
353;347
353;348
353;349
353;350
353;351
353;352
353;353
353;354
353;355
353;356
353;357
353;358
353;359
353;360
353;361
353;362
353;363
353;364
353;365
353;366
353;367
353;368
353;369
353;370
353;371
353;372
353;373
353;374
353;375
353;376
353;377
353;378
353;379
353;380
353;381
353;382
353;383
353;384
353;385
353;386
353;387
353;388
353;389
353;390
353;391
353;392
353;393
353;394
353;395
353;396
353;397
353;398
353;399
353;400
353;401
353;402
353;403
353;404
353;405
353;406
353;407
353;408
353;409
353;410
353;411
353;412
353;413
353;414
353;415
353;416
353;417
353;418
353;419
353;420
353;421
353;422
353;685
353;686
353;687
353;688
353;689
353;690
353;691
353;692
353;693
353;694
353;695
353;696
353;697
353;698
353;699
353;700
353;701
353;702
353;703
353;704
353;705
353;706
353;707
353;708
353;709
353;710
353;711
353;712
353;713
353;714
353;715
353;716
353;717
353;718
353;719
353;720
353;721
353;722
353;723
353;724
353;725
353;726
353;727
353;728
353;729
353;730
353;731
353;732
353;733
353;734
353;735
353;736
353;737
353;738
353;739
353;740
353;741
353;742
353;743
353;744
353;745
353;746
353;747
353;748
353;749
353;750
353;751
353;752
353;753
353;754
353;755
353;756
353;757
353;758
353;759
353;760
353;761
353;762
353;763
353;764
353;765
353;766
353;767
353;768
353;769
353;770
353;771
353;772
353;773
353;774
353;775
353;776
353;777
353;778
353;779
353;780
353;781
353;782
353;783
353;784
353;785
353;786
353;787
353;788
353;789
353;790
353;791
353;792
353;793
353;794
353;795
353;796
353;797
353;798
353;799
353;800
353;801
353;802
353;803
353;804
353;805
353;806
353;807
353;808
353;809
353;810
353;811
353;812
353;813
353;814
353;815
353;816
353;817
353;818
353;819
353;820
353;821
353;822
353;823
353;824
353;825
353;826
353;827
353;828
353;829
353;830
353;831
353;832
353;833
353;834
353;835
353;836
353;837
353;838
353;839
353;840
353;841
353;842
353;843
353;844
353;845
353;846
353;847
353;848
353;849
354;218
354;219
354;220
354;221
354;222
354;223
354;224
354;225
354;226
354;227
354;228
354;229
354;230
354;231
354;232
354;233
354;234
354;235
354;236
354;237
354;238
354;239
354;240
354;241
354;242
354;243
354;244
354;245
354;246
354;247
354;248
354;249
354;250
354;251
354;252
354;253
354;254
354;255
354;256
354;257
354;258
354;259
354;260
354;261
354;262
354;263
354;264
354;265
354;266
354;267
354;268
354;269
354;270
354;271
354;272
354;273
354;274
354;275
354;276
354;277
354;278
354;279
354;280
354;281
354;282
354;283
354;284
354;285
354;286
354;287
354;288
354;289
354;290
354;291
354;292
354;293
354;294
354;295
354;296
354;297
354;298
354;299
354;300
354;301
354;302
354;303
354;304
354;305
354;306
354;307
354;308
354;309
354;310
354;311
354;312
354;313
354;314
354;315
354;316
354;317
354;318
354;319
354;320
354;321
354;322
354;323
354;324
354;325
354;326
354;327
354;328
354;329
354;330
354;331
354;332
354;333
354;334
354;335
354;336
354;337
354;338
354;339
354;340
354;341
354;342
354;343
354;344
354;345
354;346
354;347
354;348
354;349
354;350
354;351
354;352
354;353
354;354
354;355
354;356
354;357
354;358
354;359
354;360
354;361
354;362
354;363
354;364
354;365
354;366
354;367
354;368
354;369
354;370
354;371
354;372
354;373
354;374
354;375
354;376
354;377
354;378
354;379
354;380
354;381
354;382
354;383
354;384
354;385
354;386
354;387
354;388
354;389
354;390
354;391
354;392
354;393
354;394
354;395
354;396
354;397
354;398
354;399
354;400
354;401
354;402
354;403
354;404
354;405
354;406
354;407
354;408
354;409
354;410
354;411
354;412
354;413
354;414
354;415
354;416
354;417
354;418
354;419
354;420
354;421
354;683
354;684
354;685
354;686
354;687
354;688
354;689
354;690
354;691
354;692
354;693
354;694
354;695
354;696
354;697
354;698
354;699
354;700
354;701
354;702
354;703
354;704
354;705
354;706
354;707
354;708
354;709
354;710
354;711
354;712
354;713
354;714
354;715
354;716
354;717
354;718
354;719
354;720
354;721
354;722
354;723
354;724
354;725
354;726
354;727
354;728
354;729
354;730
354;731
354;732
354;733
354;734
354;735
354;736
354;737
354;738
354;739
354;740
354;741
354;742
354;743
354;744
354;745
354;746
354;747
354;748
354;749
354;750
354;751
354;752
354;753
354;754
354;755
354;756
354;757
354;758
354;759
354;760
354;761
354;762
354;763
354;764
354;765
354;766
354;767
354;768
354;769
354;770
354;771
354;772
354;773
354;774
354;775
354;776
354;777
354;778
354;779
354;780
354;781
354;782
354;783
354;784
354;785
354;786
354;787
354;788
354;789
354;790
354;791
354;792
354;793
354;794
354;795
354;796
354;797
354;798
354;799
354;800
354;801
354;802
354;803
354;804
354;805
354;806
354;807
354;808
354;809
354;810
354;811
354;812
354;813
354;814
354;815
354;816
354;817
354;818
354;819
354;820
354;821
354;822
354;823
354;824
354;825
354;826
354;827
354;828
354;829
354;830
354;831
354;832
354;833
354;834
354;835
354;836
354;837
354;838
354;839
354;840
354;841
354;842
354;843
354;844
354;845
354;846
354;847
354;848
354;849
354;850
355;218
355;219
355;220
355;221
355;222
355;223
355;224
355;225
355;226
355;227
355;228
355;229
355;230
355;231
355;232
355;233
355;234
355;235
355;236
355;237
355;238
355;239
355;240
355;241
355;242
355;243
355;244
355;245
355;246
355;247
355;248
355;249
355;250
355;251
355;252
355;253
355;254
355;255
355;256
355;257
355;258
355;259
355;260
355;261
355;262
355;263
355;264
355;265
355;266
355;267
355;268
355;269
355;270
355;271
355;272
355;273
355;274
355;275
355;276
355;277
355;278
355;279
355;280
355;281
355;282
355;283
355;284
355;285
355;286
355;287
355;288
355;289
355;290
355;291
355;292
355;293
355;294
355;295
355;296
355;297
355;298
355;299
355;300
355;301
355;302
355;303
355;304
355;305
355;306
355;307
355;308
355;309
355;310
355;311
355;312
355;313
355;314
355;315
355;316
355;317
355;318
355;319
355;320
355;321
355;322
355;323
355;324
355;325
355;326
355;327
355;328
355;329
355;330
355;331
355;332
355;333
355;334
355;335
355;336
355;337
355;338
355;339
355;340
355;341
355;342
355;343
355;344
355;345
355;346
355;347
355;348
355;349
355;350
355;351
355;352
355;353
355;354
355;355
355;356
355;357
355;358
355;359
355;360
355;361
355;362
355;363
355;364
355;365
355;366
355;367
355;368
355;369
355;370
355;371
355;372
355;373
355;374
355;375
355;376
355;377
355;378
355;379
355;380
355;381
355;382
355;383
355;384
355;385
355;386
355;387
355;388
355;389
355;390
355;391
355;392
355;393
355;394
355;395
355;396
355;397
355;398
355;399
355;400
355;401
355;402
355;403
355;404
355;405
355;406
355;407
355;408
355;409
355;410
355;411
355;412
355;413
355;414
355;415
355;416
355;417
355;418
355;419
355;420
355;421
355;681
355;682
355;683
355;684
355;685
355;686
355;687
355;688
355;689
355;690
355;691
355;692
355;693
355;694
355;695
355;696
355;697
355;698
355;699
355;700
355;701
355;702
355;703
355;704
355;705
355;706
355;707
355;708
355;709
355;710
355;711
355;712
355;713
355;714
355;715
355;716
355;717
355;718
355;719
355;720
355;721
355;722
355;723
355;724
355;725
355;726
355;727
355;728
355;729
355;730
355;731
355;732
355;733
355;734
355;735
355;736
355;737
355;738
355;739
355;740
355;741
355;742
355;743
355;744
355;745
355;746
355;747
355;748
355;749
355;750
355;751
355;752
355;753
355;754
355;755
355;756
355;757
355;758
355;759
355;760
355;761
355;762
355;763
355;764
355;765
355;766
355;767
355;768
355;769
355;770
355;771
355;772
355;773
355;774
355;775
355;776
355;777
355;778
355;779
355;780
355;781
355;782
355;783
355;784
355;785
355;786
355;787
355;788
355;789
355;790
355;791
355;792
355;793
355;794
355;795
355;796
355;797
355;798
355;799
355;800
355;801
355;802
355;803
355;804
355;805
355;806
355;807
355;808
355;809
355;810
355;811
355;812
355;813
355;814
355;815
355;816
355;817
355;818
355;819
355;820
355;821
355;822
355;823
355;824
355;825
355;826
355;827
355;828
355;829
355;830
355;831
355;832
355;833
355;834
355;835
355;836
355;837
355;838
355;839
355;840
355;841
355;842
355;843
355;844
355;845
355;846
355;847
355;848
355;849
355;850
355;851
356;218
356;219
356;220
356;221
356;222
356;223
356;224
356;225
356;226
356;227
356;228
356;229
356;230
356;231
356;232
356;233
356;234
356;235
356;236
356;237
356;238
356;239
356;240
356;241
356;242
356;243
356;244
356;245
356;246
356;247
356;248
356;249
356;250
356;251
356;252
356;253
356;254
356;255
356;256
356;257
356;258
356;259
356;260
356;261
356;262
356;263
356;264
356;265
356;266
356;267
356;268
356;269
356;270
356;271
356;272
356;273
356;274
356;275
356;276
356;277
356;278
356;279
356;280
356;281
356;282
356;283
356;284
356;285
356;286
356;287
356;288
356;289
356;290
356;291
356;292
356;293
356;294
356;295
356;296
356;297
356;298
356;299
356;300
356;301
356;302
356;303
356;304
356;305
356;306
356;307
356;308
356;309
356;310
356;311
356;312
356;313
356;314
356;315
356;316
356;317
356;318
356;319
356;320
356;321
356;322
356;323
356;324
356;325
356;326
356;327
356;328
356;329
356;330
356;331
356;332
356;333
356;334
356;335
356;336
356;337
356;338
356;339
356;340
356;341
356;342
356;343
356;344
356;345
356;346
356;347
356;348
356;349
356;350
356;351
356;352
356;353
356;354
356;355
356;356
356;357
356;358
356;359
356;360
356;361
356;362
356;363
356;364
356;365
356;366
356;367
356;368
356;369
356;370
356;371
356;372
356;373
356;374
356;375
356;376
356;377
356;378
356;379
356;380
356;381
356;382
356;383
356;384
356;385
356;386
356;387
356;388
356;389
356;390
356;391
356;392
356;393
356;394
356;395
356;396
356;397
356;398
356;399
356;400
356;401
356;402
356;403
356;404
356;405
356;406
356;407
356;408
356;409
356;410
356;411
356;412
356;413
356;414
356;415
356;416
356;417
356;418
356;419
356;420
356;421
356;679
356;680
356;681
356;682
356;683
356;684
356;685
356;686
356;687
356;688
356;689
356;690
356;691
356;692
356;693
356;694
356;695
356;696
356;697
356;698
356;699
356;700
356;701
356;702
356;703
356;704
356;705
356;706
356;707
356;708
356;709
356;710
356;711
356;712
356;713
356;714
356;715
356;716
356;717
356;718
356;719
356;720
356;721
356;722
356;723
356;724
356;725
356;726
356;727
356;728
356;729
356;730
356;731
356;732
356;733
356;734
356;735
356;736
356;737
356;738
356;739
356;740
356;741
356;742
356;743
356;744
356;745
356;746
356;747
356;748
356;749
356;750
356;751
356;752
356;753
356;754
356;755
356;756
356;757
356;758
356;759
356;760
356;761
356;762
356;763
356;764
356;765
356;766
356;767
356;768
356;769
356;770
356;771
356;772
356;773
356;774
356;775
356;776
356;777
356;778
356;779
356;780
356;781
356;782
356;783
356;784
356;785
356;786
356;787
356;788
356;789
356;790
356;791
356;792
356;793
356;794
356;795
356;796
356;797
356;798
356;799
356;800
356;801
356;802
356;803
356;804
356;805
356;806
356;807
356;808
356;809
356;810
356;811
356;812
356;813
356;814
356;815
356;816
356;817
356;818
356;819
356;820
356;821
356;822
356;823
356;824
356;825
356;826
356;827
356;828
356;829
356;830
356;831
356;832
356;833
356;834
356;835
356;836
356;837
356;838
356;839
356;840
356;841
356;842
356;843
356;844
356;845
356;846
356;847
356;848
356;849
356;850
356;851
356;852
357;218
357;219
357;220
357;221
357;222
357;223
357;224
357;225
357;226
357;227
357;228
357;229
357;230
357;231
357;232
357;233
357;234
357;235
357;236
357;237
357;238
357;239
357;240
357;241
357;242
357;243
357;244
357;245
357;246
357;247
357;248
357;249
357;250
357;251
357;252
357;253
357;254
357;255
357;256
357;257
357;258
357;259
357;260
357;261
357;262
357;263
357;264
357;265
357;266
357;267
357;268
357;269
357;270
357;271
357;272
357;273
357;274
357;275
357;276
357;277
357;278
357;279
357;280
357;281
357;282
357;283
357;284
357;285
357;286
357;287
357;288
357;289
357;290
357;291
357;292
357;293
357;294
357;295
357;296
357;297
357;298
357;299
357;300
357;301
357;302
357;303
357;304
357;305
357;306
357;307
357;308
357;309
357;310
357;311
357;312
357;313
357;314
357;315
357;316
357;317
357;318
357;319
357;320
357;321
357;322
357;323
357;324
357;325
357;326
357;327
357;328
357;329
357;330
357;331
357;332
357;333
357;334
357;335
357;336
357;337
357;338
357;339
357;340
357;341
357;342
357;343
357;344
357;345
357;346
357;347
357;348
357;349
357;350
357;351
357;352
357;353
357;354
357;355
357;356
357;357
357;358
357;359
357;360
357;361
357;362
357;363
357;364
357;365
357;366
357;367
357;368
357;369
357;370
357;371
357;372
357;373
357;374
357;375
357;376
357;377
357;378
357;379
357;380
357;381
357;382
357;383
357;384
357;385
357;386
357;387
357;388
357;389
357;390
357;391
357;392
357;393
357;394
357;395
357;396
357;397
357;398
357;399
357;400
357;401
357;402
357;403
357;404
357;405
357;406
357;407
357;408
357;409
357;410
357;411
357;412
357;413
357;414
357;415
357;416
357;417
357;418
357;419
357;420
357;421
357;677
357;678
357;679
357;680
357;681
357;682
357;683
357;684
357;685
357;686
357;687
357;688
357;689
357;690
357;691
357;692
357;693
357;694
357;695
357;696
357;697
357;698
357;699
357;700
357;701
357;702
357;703
357;704
357;705
357;706
357;707
357;708
357;709
357;710
357;711
357;712
357;713
357;714
357;715
357;716
357;717
357;718
357;719
357;720
357;721
357;722
357;723
357;724
357;725
357;726
357;727
357;728
357;729
357;730
357;731
357;732
357;733
357;734
357;735
357;736
357;737
357;738
357;739
357;740
357;741
357;742
357;743
357;744
357;745
357;746
357;747
357;748
357;749
357;750
357;751
357;752
357;753
357;754
357;755
357;756
357;757
357;758
357;759
357;760
357;761
357;762
357;763
357;764
357;765
357;766
357;767
357;768
357;769
357;770
357;771
357;772
357;773
357;774
357;775
357;776
357;777
357;778
357;779
357;780
357;781
357;782
357;783
357;784
357;785
357;786
357;787
357;788
357;789
357;790
357;791
357;792
357;793
357;794
357;795
357;796
357;797
357;798
357;799
357;800
357;801
357;802
357;803
357;804
357;805
357;806
357;807
357;808
357;809
357;810
357;811
357;812
357;813
357;814
357;815
357;816
357;817
357;818
357;819
357;820
357;821
357;822
357;823
357;824
357;825
357;826
357;827
357;828
357;829
357;830
357;831
357;832
357;833
357;834
357;835
357;836
357;837
357;838
357;839
357;840
357;841
357;842
357;843
357;844
357;845
357;846
357;847
357;848
357;849
357;850
357;851
357;852
357;853
358;218
358;219
358;220
358;221
358;222
358;223
358;224
358;225
358;226
358;227
358;228
358;229
358;230
358;231
358;232
358;233
358;234
358;235
358;236
358;237
358;238
358;239
358;240
358;241
358;242
358;243
358;244
358;245
358;246
358;247
358;248
358;249
358;250
358;251
358;252
358;253
358;254
358;255
358;256
358;257
358;258
358;259
358;260
358;261
358;262
358;263
358;264
358;265
358;266
358;267
358;268
358;269
358;270
358;271
358;272
358;273
358;274
358;275
358;276
358;277
358;278
358;279
358;280
358;281
358;282
358;283
358;284
358;285
358;286
358;287
358;288
358;289
358;290
358;291
358;292
358;293
358;294
358;295
358;296
358;297
358;298
358;299
358;300
358;301
358;302
358;303
358;304
358;305
358;306
358;307
358;308
358;309
358;310
358;311
358;312
358;313
358;314
358;315
358;316
358;317
358;318
358;319
358;320
358;321
358;322
358;323
358;324
358;325
358;326
358;327
358;328
358;329
358;330
358;331
358;332
358;333
358;334
358;335
358;336
358;337
358;338
358;339
358;340
358;341
358;342
358;343
358;344
358;345
358;346
358;347
358;348
358;349
358;350
358;351
358;352
358;353
358;354
358;355
358;356
358;357
358;358
358;359
358;360
358;361
358;362
358;363
358;364
358;365
358;366
358;367
358;368
358;369
358;370
358;371
358;372
358;373
358;374
358;375
358;376
358;377
358;378
358;379
358;380
358;381
358;382
358;383
358;384
358;385
358;386
358;387
358;388
358;389
358;390
358;391
358;392
358;393
358;394
358;395
358;396
358;397
358;398
358;399
358;400
358;401
358;402
358;403
358;404
358;405
358;406
358;407
358;408
358;409
358;410
358;411
358;412
358;413
358;414
358;415
358;416
358;417
358;418
358;419
358;420
358;421
358;675
358;676
358;677
358;678
358;679
358;680
358;681
358;682
358;683
358;684
358;685
358;686
358;687
358;688
358;689
358;690
358;691
358;692
358;693
358;694
358;695
358;696
358;697
358;698
358;699
358;700
358;701
358;702
358;703
358;704
358;705
358;706
358;707
358;708
358;709
358;710
358;711
358;712
358;713
358;714
358;715
358;716
358;717
358;718
358;719
358;720
358;721
358;722
358;723
358;724
358;725
358;726
358;727
358;728
358;729
358;730
358;731
358;732
358;733
358;734
358;735
358;736
358;737
358;738
358;739
358;740
358;741
358;742
358;743
358;744
358;745
358;746
358;747
358;748
358;749
358;750
358;751
358;752
358;753
358;754
358;755
358;756
358;757
358;758
358;759
358;760
358;761
358;762
358;763
358;764
358;765
358;766
358;767
358;768
358;769
358;770
358;771
358;772
358;773
358;774
358;775
358;776
358;777
358;778
358;779
358;780
358;781
358;782
358;783
358;784
358;785
358;786
358;787
358;788
358;789
358;790
358;791
358;792
358;793
358;794
358;795
358;796
358;797
358;798
358;799
358;800
358;801
358;802
358;803
358;804
358;805
358;806
358;807
358;808
358;809
358;810
358;811
358;812
358;813
358;814
358;815
358;816
358;817
358;818
358;819
358;820
358;821
358;822
358;823
358;824
358;825
358;826
358;827
358;828
358;829
358;830
358;831
358;832
358;833
358;834
358;835
358;836
358;837
358;838
358;839
358;840
358;841
358;842
358;843
358;844
358;845
358;846
358;847
358;848
358;849
358;850
358;851
358;852
358;853
359;218
359;219
359;220
359;221
359;222
359;223
359;224
359;225
359;226
359;227
359;228
359;229
359;230
359;231
359;232
359;233
359;234
359;235
359;236
359;237
359;238
359;239
359;240
359;241
359;242
359;243
359;244
359;245
359;246
359;247
359;248
359;249
359;250
359;251
359;252
359;253
359;254
359;255
359;256
359;257
359;258
359;259
359;260
359;261
359;262
359;263
359;264
359;265
359;266
359;267
359;268
359;269
359;270
359;271
359;272
359;273
359;274
359;275
359;276
359;277
359;278
359;279
359;280
359;281
359;282
359;283
359;284
359;285
359;286
359;287
359;288
359;289
359;290
359;291
359;292
359;293
359;294
359;295
359;296
359;297
359;298
359;299
359;300
359;301
359;302
359;303
359;304
359;305
359;306
359;307
359;308
359;309
359;310
359;311
359;312
359;313
359;314
359;315
359;316
359;317
359;318
359;319
359;320
359;321
359;322
359;323
359;324
359;325
359;326
359;327
359;328
359;329
359;330
359;331
359;332
359;333
359;334
359;335
359;336
359;337
359;338
359;339
359;340
359;341
359;342
359;343
359;344
359;345
359;346
359;347
359;348
359;349
359;350
359;351
359;352
359;353
359;354
359;355
359;356
359;357
359;358
359;359
359;360
359;361
359;362
359;363
359;364
359;365
359;366
359;367
359;368
359;369
359;370
359;371
359;372
359;373
359;374
359;375
359;376
359;377
359;378
359;379
359;380
359;381
359;382
359;383
359;384
359;385
359;386
359;387
359;388
359;389
359;390
359;391
359;392
359;393
359;394
359;395
359;396
359;397
359;398
359;399
359;400
359;401
359;402
359;403
359;404
359;405
359;406
359;407
359;408
359;409
359;410
359;411
359;412
359;413
359;414
359;415
359;416
359;417
359;418
359;419
359;420
359;421
359;673
359;674
359;675
359;676
359;677
359;678
359;679
359;680
359;681
359;682
359;683
359;684
359;685
359;686
359;687
359;688
359;689
359;690
359;691
359;692
359;693
359;694
359;695
359;696
359;697
359;698
359;699
359;700
359;701
359;702
359;703
359;704
359;705
359;706
359;707
359;708
359;709
359;710
359;711
359;712
359;713
359;714
359;715
359;716
359;717
359;718
359;719
359;720
359;721
359;722
359;723
359;724
359;725
359;726
359;727
359;728
359;729
359;730
359;731
359;732
359;733
359;734
359;735
359;736
359;737
359;738
359;739
359;740
359;741
359;742
359;743
359;744
359;745
359;746
359;747
359;748
359;749
359;750
359;751
359;752
359;753
359;754
359;755
359;756
359;757
359;758
359;759
359;760
359;761
359;762
359;763
359;764
359;765
359;766
359;767
359;768
359;769
359;770
359;771
359;772
359;773
359;774
359;775
359;776
359;777
359;778
359;779
359;780
359;781
359;782
359;783
359;784
359;785
359;786
359;787
359;788
359;789
359;790
359;791
359;792
359;793
359;794
359;795
359;796
359;797
359;798
359;799
359;800
359;801
359;802
359;803
359;804
359;805
359;806
359;807
359;808
359;809
359;810
359;811
359;812
359;813
359;814
359;815
359;816
359;817
359;818
359;819
359;820
359;821
359;822
359;823
359;824
359;825
359;826
359;827
359;828
359;829
359;830
359;831
359;832
359;833
359;834
359;835
359;836
359;837
359;838
359;839
359;840
359;841
359;842
359;843
359;844
359;845
359;846
359;847
359;848
359;849
359;850
359;851
359;852
359;853
359;854
360;218
360;219
360;220
360;221
360;222
360;223
360;224
360;225
360;226
360;227
360;228
360;229
360;230
360;231
360;232
360;233
360;234
360;235
360;236
360;237
360;238
360;239
360;240
360;241
360;242
360;243
360;244
360;245
360;246
360;247
360;248
360;249
360;250
360;251
360;252
360;253
360;254
360;255
360;256
360;257
360;258
360;259
360;260
360;261
360;262
360;263
360;264
360;265
360;266
360;267
360;268
360;269
360;270
360;271
360;272
360;273
360;274
360;275
360;276
360;277
360;278
360;279
360;280
360;281
360;282
360;283
360;284
360;285
360;286
360;287
360;288
360;289
360;290
360;291
360;292
360;293
360;294
360;295
360;296
360;297
360;298
360;299
360;300
360;301
360;302
360;303
360;304
360;305
360;306
360;307
360;308
360;309
360;310
360;311
360;312
360;313
360;314
360;315
360;316
360;317
360;318
360;319
360;320
360;321
360;322
360;323
360;324
360;325
360;326
360;327
360;328
360;329
360;330
360;331
360;332
360;333
360;334
360;335
360;336
360;337
360;338
360;339
360;340
360;341
360;342
360;343
360;344
360;345
360;346
360;347
360;348
360;349
360;350
360;351
360;352
360;353
360;354
360;355
360;356
360;357
360;358
360;359
360;360
360;361
360;362
360;363
360;364
360;365
360;366
360;367
360;368
360;369
360;370
360;371
360;372
360;373
360;374
360;375
360;376
360;377
360;378
360;379
360;380
360;381
360;382
360;383
360;384
360;385
360;386
360;387
360;388
360;389
360;390
360;391
360;392
360;393
360;394
360;395
360;396
360;397
360;398
360;399
360;400
360;401
360;402
360;403
360;404
360;405
360;406
360;407
360;408
360;409
360;410
360;411
360;412
360;413
360;414
360;415
360;416
360;417
360;418
360;419
360;420
360;421
360;671
360;672
360;673
360;674
360;675
360;676
360;677
360;678
360;679
360;680
360;681
360;682
360;683
360;684
360;685
360;686
360;687
360;688
360;689
360;690
360;691
360;692
360;693
360;694
360;695
360;696
360;697
360;698
360;699
360;700
360;701
360;702
360;703
360;704
360;705
360;706
360;707
360;708
360;709
360;710
360;711
360;712
360;713
360;714
360;715
360;716
360;717
360;718
360;719
360;720
360;721
360;722
360;723
360;724
360;725
360;726
360;727
360;728
360;729
360;730
360;731
360;732
360;733
360;734
360;735
360;736
360;737
360;738
360;739
360;740
360;741
360;742
360;743
360;744
360;745
360;746
360;747
360;748
360;749
360;750
360;751
360;752
360;753
360;754
360;755
360;756
360;757
360;758
360;759
360;760
360;761
360;762
360;763
360;764
360;765
360;766
360;767
360;768
360;769
360;770
360;771
360;772
360;773
360;774
360;775
360;776
360;777
360;778
360;779
360;780
360;781
360;782
360;783
360;784
360;785
360;786
360;787
360;788
360;789
360;790
360;791
360;792
360;793
360;794
360;795
360;796
360;797
360;798
360;799
360;800
360;801
360;802
360;803
360;804
360;805
360;806
360;807
360;808
360;809
360;810
360;811
360;812
360;813
360;814
360;815
360;816
360;817
360;818
360;819
360;820
360;821
360;822
360;823
360;824
360;825
360;826
360;827
360;828
360;829
360;830
360;831
360;832
360;833
360;834
360;835
360;836
360;837
360;838
360;839
360;840
360;841
360;842
360;843
360;844
360;845
360;846
360;847
360;848
360;849
360;850
360;851
360;852
360;853
360;854
360;855
361;219
361;220
361;221
361;222
361;223
361;224
361;225
361;226
361;227
361;228
361;229
361;230
361;231
361;232
361;233
361;234
361;235
361;236
361;237
361;238
361;239
361;240
361;241
361;242
361;243
361;244
361;245
361;246
361;247
361;248
361;249
361;250
361;251
361;252
361;253
361;254
361;255
361;256
361;257
361;258
361;259
361;260
361;261
361;262
361;263
361;264
361;265
361;266
361;267
361;268
361;269
361;270
361;271
361;272
361;273
361;274
361;275
361;276
361;277
361;278
361;279
361;280
361;281
361;282
361;283
361;284
361;285
361;286
361;287
361;288
361;289
361;290
361;291
361;292
361;293
361;294
361;295
361;296
361;297
361;298
361;299
361;300
361;301
361;302
361;303
361;304
361;305
361;306
361;307
361;308
361;309
361;310
361;311
361;312
361;313
361;314
361;315
361;316
361;317
361;318
361;319
361;320
361;321
361;322
361;323
361;324
361;325
361;326
361;327
361;328
361;329
361;330
361;331
361;332
361;333
361;334
361;335
361;336
361;337
361;338
361;339
361;340
361;341
361;342
361;343
361;344
361;345
361;346
361;347
361;348
361;349
361;350
361;351
361;352
361;353
361;354
361;355
361;356
361;357
361;358
361;359
361;360
361;361
361;362
361;363
361;364
361;365
361;366
361;367
361;368
361;369
361;370
361;371
361;372
361;373
361;374
361;375
361;376
361;377
361;378
361;379
361;380
361;381
361;382
361;383
361;384
361;385
361;386
361;387
361;388
361;389
361;390
361;391
361;392
361;393
361;394
361;395
361;396
361;397
361;398
361;399
361;400
361;401
361;402
361;403
361;404
361;405
361;406
361;407
361;408
361;409
361;410
361;411
361;412
361;413
361;414
361;415
361;416
361;417
361;418
361;419
361;420
361;669
361;670
361;671
361;672
361;673
361;674
361;675
361;676
361;677
361;678
361;679
361;680
361;681
361;682
361;683
361;684
361;685
361;686
361;687
361;688
361;689
361;690
361;691
361;692
361;693
361;694
361;695
361;696
361;697
361;698
361;699
361;700
361;701
361;702
361;703
361;704
361;705
361;706
361;707
361;708
361;709
361;710
361;711
361;712
361;713
361;714
361;715
361;716
361;717
361;718
361;719
361;720
361;721
361;722
361;723
361;724
361;725
361;726
361;727
361;728
361;729
361;730
361;731
361;732
361;733
361;734
361;735
361;736
361;737
361;738
361;739
361;740
361;741
361;742
361;743
361;744
361;745
361;746
361;747
361;748
361;749
361;750
361;751
361;752
361;753
361;754
361;755
361;756
361;757
361;758
361;759
361;760
361;761
361;762
361;763
361;764
361;765
361;766
361;767
361;768
361;769
361;770
361;771
361;772
361;773
361;774
361;775
361;776
361;777
361;778
361;779
361;780
361;781
361;782
361;783
361;784
361;785
361;786
361;787
361;788
361;789
361;790
361;791
361;792
361;793
361;794
361;795
361;796
361;797
361;798
361;799
361;800
361;801
361;802
361;803
361;804
361;805
361;806
361;807
361;808
361;809
361;810
361;811
361;812
361;813
361;814
361;815
361;816
361;817
361;818
361;819
361;820
361;821
361;822
361;823
361;824
361;825
361;826
361;827
361;828
361;829
361;830
361;831
361;832
361;833
361;834
361;835
361;836
361;837
361;838
361;839
361;840
361;841
361;842
361;843
361;844
361;845
361;846
361;847
361;848
361;849
361;850
361;851
361;852
361;853
361;854
361;855
362;219
362;220
362;221
362;222
362;223
362;224
362;225
362;226
362;227
362;228
362;229
362;230
362;231
362;232
362;233
362;234
362;235
362;236
362;237
362;238
362;239
362;240
362;241
362;242
362;243
362;244
362;245
362;246
362;247
362;248
362;249
362;250
362;251
362;252
362;253
362;254
362;255
362;256
362;257
362;258
362;259
362;260
362;261
362;262
362;263
362;264
362;265
362;266
362;267
362;268
362;269
362;270
362;271
362;272
362;273
362;274
362;275
362;276
362;277
362;278
362;279
362;280
362;281
362;282
362;283
362;284
362;285
362;286
362;287
362;288
362;289
362;290
362;291
362;292
362;293
362;294
362;295
362;296
362;297
362;298
362;299
362;300
362;301
362;302
362;303
362;304
362;305
362;306
362;307
362;308
362;309
362;310
362;311
362;312
362;313
362;314
362;315
362;316
362;317
362;318
362;319
362;320
362;321
362;322
362;323
362;324
362;325
362;326
362;327
362;328
362;329
362;330
362;331
362;332
362;333
362;334
362;335
362;336
362;337
362;338
362;339
362;340
362;341
362;342
362;343
362;344
362;345
362;346
362;347
362;348
362;349
362;350
362;351
362;352
362;353
362;354
362;355
362;356
362;357
362;358
362;359
362;360
362;361
362;362
362;363
362;364
362;365
362;366
362;367
362;368
362;369
362;370
362;371
362;372
362;373
362;374
362;375
362;376
362;377
362;378
362;379
362;380
362;381
362;382
362;383
362;384
362;385
362;386
362;387
362;388
362;389
362;390
362;391
362;392
362;393
362;394
362;395
362;396
362;397
362;398
362;399
362;400
362;401
362;402
362;403
362;404
362;405
362;406
362;407
362;408
362;409
362;410
362;411
362;412
362;413
362;414
362;415
362;416
362;417
362;418
362;419
362;420
362;667
362;668
362;669
362;670
362;671
362;672
362;673
362;674
362;675
362;676
362;677
362;678
362;679
362;680
362;681
362;682
362;683
362;684
362;685
362;686
362;687
362;688
362;689
362;690
362;691
362;692
362;693
362;694
362;695
362;696
362;697
362;698
362;699
362;700
362;701
362;702
362;703
362;704
362;705
362;706
362;707
362;708
362;709
362;710
362;711
362;712
362;713
362;714
362;715
362;716
362;717
362;718
362;719
362;720
362;721
362;722
362;723
362;724
362;725
362;726
362;727
362;728
362;729
362;730
362;731
362;732
362;733
362;734
362;735
362;736
362;737
362;738
362;739
362;740
362;741
362;742
362;743
362;744
362;745
362;746
362;747
362;748
362;749
362;750
362;751
362;752
362;753
362;754
362;755
362;756
362;757
362;758
362;759
362;760
362;761
362;762
362;763
362;764
362;765
362;766
362;767
362;768
362;769
362;770
362;771
362;772
362;773
362;774
362;775
362;776
362;777
362;778
362;779
362;780
362;781
362;782
362;783
362;784
362;785
362;786
362;787
362;788
362;789
362;790
362;791
362;792
362;793
362;794
362;795
362;796
362;797
362;798
362;799
362;800
362;801
362;802
362;803
362;804
362;805
362;806
362;807
362;808
362;809
362;810
362;811
362;812
362;813
362;814
362;815
362;816
362;817
362;818
362;819
362;820
362;821
362;822
362;823
362;824
362;825
362;826
362;827
362;828
362;829
362;830
362;831
362;832
362;833
362;834
362;835
362;836
362;837
362;838
362;839
362;840
362;841
362;842
362;843
362;844
362;845
362;846
362;847
362;848
362;849
362;850
362;851
362;852
362;853
362;854
362;855
362;856
363;219
363;220
363;221
363;222
363;223
363;224
363;225
363;226
363;227
363;228
363;229
363;230
363;231
363;232
363;233
363;234
363;235
363;236
363;237
363;238
363;239
363;240
363;241
363;242
363;243
363;244
363;245
363;246
363;247
363;248
363;249
363;250
363;251
363;252
363;253
363;254
363;255
363;256
363;257
363;258
363;259
363;260
363;261
363;262
363;263
363;264
363;265
363;266
363;267
363;268
363;269
363;270
363;271
363;272
363;273
363;274
363;275
363;276
363;277
363;278
363;279
363;280
363;281
363;282
363;283
363;284
363;285
363;286
363;287
363;288
363;289
363;290
363;291
363;292
363;293
363;294
363;295
363;296
363;297
363;298
363;299
363;300
363;301
363;302
363;303
363;304
363;305
363;306
363;307
363;308
363;309
363;310
363;311
363;312
363;313
363;314
363;315
363;316
363;317
363;318
363;319
363;320
363;321
363;322
363;323
363;324
363;325
363;326
363;327
363;328
363;329
363;330
363;331
363;332
363;333
363;334
363;335
363;336
363;337
363;338
363;339
363;340
363;341
363;342
363;343
363;344
363;345
363;346
363;347
363;348
363;349
363;350
363;351
363;352
363;353
363;354
363;355
363;356
363;357
363;358
363;359
363;360
363;361
363;362
363;363
363;364
363;365
363;366
363;367
363;368
363;369
363;370
363;371
363;372
363;373
363;374
363;375
363;376
363;377
363;378
363;379
363;380
363;381
363;382
363;383
363;384
363;385
363;386
363;387
363;388
363;389
363;390
363;391
363;392
363;393
363;394
363;395
363;396
363;397
363;398
363;399
363;400
363;401
363;402
363;403
363;404
363;405
363;406
363;407
363;408
363;409
363;410
363;411
363;412
363;413
363;414
363;415
363;416
363;417
363;418
363;419
363;420
363;665
363;666
363;667
363;668
363;669
363;670
363;671
363;672
363;673
363;674
363;675
363;676
363;677
363;678
363;679
363;680
363;681
363;682
363;683
363;684
363;685
363;686
363;687
363;688
363;689
363;690
363;691
363;692
363;693
363;694
363;695
363;696
363;697
363;698
363;699
363;700
363;701
363;702
363;703
363;704
363;705
363;706
363;707
363;708
363;709
363;710
363;711
363;712
363;713
363;714
363;715
363;716
363;717
363;718
363;719
363;720
363;721
363;722
363;723
363;724
363;725
363;726
363;727
363;728
363;729
363;730
363;731
363;732
363;733
363;734
363;735
363;736
363;737
363;738
363;739
363;740
363;741
363;742
363;743
363;744
363;745
363;746
363;747
363;748
363;749
363;750
363;751
363;752
363;753
363;754
363;755
363;756
363;757
363;758
363;759
363;760
363;761
363;762
363;763
363;764
363;765
363;766
363;767
363;768
363;769
363;770
363;771
363;772
363;773
363;774
363;775
363;776
363;777
363;778
363;779
363;780
363;781
363;782
363;783
363;784
363;785
363;786
363;787
363;788
363;789
363;790
363;791
363;792
363;793
363;794
363;795
363;796
363;797
363;798
363;799
363;800
363;801
363;802
363;803
363;804
363;805
363;806
363;807
363;808
363;809
363;810
363;811
363;812
363;813
363;814
363;815
363;816
363;817
363;818
363;819
363;820
363;821
363;822
363;823
363;824
363;825
363;826
363;827
363;828
363;829
363;830
363;831
363;832
363;833
363;834
363;835
363;836
363;837
363;838
363;839
363;840
363;841
363;842
363;843
363;844
363;845
363;846
363;847
363;848
363;849
363;850
363;851
363;852
363;853
363;854
363;855
363;856
363;857
364;219
364;220
364;221
364;222
364;223
364;224
364;225
364;226
364;227
364;228
364;229
364;230
364;231
364;232
364;233
364;234
364;235
364;236
364;237
364;238
364;239
364;240
364;241
364;242
364;243
364;244
364;245
364;246
364;247
364;248
364;249
364;250
364;251
364;252
364;253
364;254
364;255
364;256
364;257
364;258
364;259
364;260
364;261
364;262
364;263
364;264
364;265
364;266
364;267
364;268
364;269
364;270
364;271
364;272
364;273
364;274
364;275
364;276
364;277
364;278
364;279
364;280
364;281
364;282
364;283
364;284
364;285
364;286
364;287
364;288
364;289
364;290
364;291
364;292
364;293
364;294
364;295
364;296
364;297
364;298
364;299
364;300
364;301
364;302
364;303
364;304
364;305
364;306
364;307
364;308
364;309
364;310
364;311
364;312
364;313
364;314
364;315
364;316
364;317
364;318
364;319
364;320
364;321
364;322
364;323
364;324
364;325
364;326
364;327
364;328
364;329
364;330
364;331
364;332
364;333
364;334
364;335
364;336
364;337
364;338
364;339
364;340
364;341
364;342
364;343
364;344
364;345
364;346
364;347
364;348
364;349
364;350
364;351
364;352
364;353
364;354
364;355
364;356
364;357
364;358
364;359
364;360
364;361
364;362
364;363
364;364
364;365
364;366
364;367
364;368
364;369
364;370
364;371
364;372
364;373
364;374
364;375
364;376
364;377
364;378
364;379
364;380
364;381
364;382
364;383
364;384
364;385
364;386
364;387
364;388
364;389
364;390
364;391
364;392
364;393
364;394
364;395
364;396
364;397
364;398
364;399
364;400
364;401
364;402
364;403
364;404
364;405
364;406
364;407
364;408
364;409
364;410
364;411
364;412
364;413
364;414
364;415
364;416
364;417
364;418
364;419
364;420
364;663
364;664
364;665
364;666
364;667
364;668
364;669
364;670
364;671
364;672
364;673
364;674
364;675
364;676
364;677
364;678
364;679
364;680
364;681
364;682
364;683
364;684
364;685
364;686
364;687
364;688
364;689
364;690
364;691
364;692
364;693
364;694
364;695
364;696
364;697
364;698
364;699
364;700
364;701
364;702
364;703
364;704
364;705
364;706
364;707
364;708
364;709
364;710
364;711
364;712
364;713
364;714
364;715
364;716
364;717
364;718
364;719
364;720
364;721
364;722
364;723
364;724
364;725
364;726
364;727
364;728
364;729
364;730
364;731
364;732
364;733
364;734
364;735
364;736
364;737
364;738
364;739
364;740
364;741
364;742
364;743
364;744
364;745
364;746
364;747
364;748
364;749
364;750
364;751
364;752
364;753
364;754
364;755
364;756
364;757
364;758
364;759
364;760
364;761
364;762
364;763
364;764
364;765
364;766
364;767
364;768
364;769
364;770
364;771
364;772
364;773
364;774
364;775
364;776
364;777
364;778
364;779
364;780
364;781
364;782
364;783
364;784
364;785
364;786
364;787
364;788
364;789
364;790
364;791
364;792
364;793
364;794
364;795
364;796
364;797
364;798
364;799
364;800
364;801
364;802
364;803
364;804
364;805
364;806
364;807
364;808
364;809
364;810
364;811
364;812
364;813
364;814
364;815
364;816
364;817
364;818
364;819
364;820
364;821
364;822
364;823
364;824
364;825
364;826
364;827
364;828
364;829
364;830
364;831
364;832
364;833
364;834
364;835
364;836
364;837
364;838
364;839
364;840
364;841
364;842
364;843
364;844
364;845
364;846
364;847
364;848
364;849
364;850
364;851
364;852
364;853
364;854
364;855
364;856
364;857
365;220
365;221
365;222
365;223
365;224
365;225
365;226
365;227
365;228
365;229
365;230
365;231
365;232
365;233
365;234
365;235
365;236
365;237
365;238
365;239
365;240
365;241
365;242
365;243
365;244
365;245
365;246
365;247
365;248
365;249
365;250
365;251
365;252
365;253
365;254
365;255
365;256
365;257
365;258
365;259
365;260
365;261
365;262
365;263
365;264
365;265
365;266
365;267
365;268
365;269
365;270
365;271
365;272
365;273
365;274
365;275
365;276
365;277
365;278
365;279
365;280
365;281
365;282
365;283
365;284
365;285
365;286
365;287
365;288
365;289
365;290
365;291
365;292
365;293
365;294
365;295
365;296
365;297
365;298
365;299
365;300
365;301
365;302
365;303
365;304
365;305
365;306
365;307
365;308
365;309
365;310
365;311
365;312
365;313
365;314
365;315
365;316
365;317
365;318
365;319
365;320
365;321
365;322
365;323
365;324
365;325
365;326
365;327
365;328
365;329
365;330
365;331
365;332
365;333
365;334
365;335
365;336
365;337
365;338
365;339
365;340
365;341
365;342
365;343
365;344
365;345
365;346
365;347
365;348
365;349
365;350
365;351
365;352
365;353
365;354
365;355
365;356
365;357
365;358
365;359
365;360
365;361
365;362
365;363
365;364
365;365
365;366
365;367
365;368
365;369
365;370
365;371
365;372
365;373
365;374
365;375
365;376
365;377
365;378
365;379
365;380
365;381
365;382
365;383
365;384
365;385
365;386
365;387
365;388
365;389
365;390
365;391
365;392
365;393
365;394
365;395
365;396
365;397
365;398
365;399
365;400
365;401
365;402
365;403
365;404
365;405
365;406
365;407
365;408
365;409
365;410
365;411
365;412
365;413
365;414
365;415
365;416
365;417
365;418
365;419
365;420
365;664
365;665
365;666
365;667
365;668
365;669
365;670
365;671
365;672
365;673
365;674
365;675
365;676
365;677
365;678
365;679
365;680
365;681
365;682
365;683
365;684
365;685
365;686
365;687
365;688
365;689
365;690
365;691
365;692
365;693
365;694
365;695
365;696
365;697
365;698
365;699
365;700
365;701
365;702
365;703
365;704
365;705
365;706
365;707
365;708
365;709
365;710
365;711
365;712
365;713
365;714
365;715
365;716
365;717
365;718
365;719
365;720
365;721
365;722
365;723
365;724
365;725
365;726
365;727
365;728
365;729
365;730
365;731
365;732
365;733
365;734
365;735
365;736
365;737
365;738
365;739
365;740
365;741
365;742
365;743
365;744
365;745
365;746
365;747
365;748
365;749
365;750
365;751
365;752
365;753
365;754
365;755
365;756
365;757
365;758
365;759
365;760
365;761
365;762
365;763
365;764
365;765
365;766
365;767
365;768
365;769
365;770
365;771
365;772
365;773
365;774
365;775
365;776
365;777
365;778
365;779
365;780
365;781
365;782
365;783
365;784
365;785
365;786
365;787
365;788
365;789
365;790
365;791
365;792
365;793
365;794
365;795
365;796
365;797
365;798
365;799
365;800
365;801
365;802
365;803
365;804
365;805
365;806
365;807
365;808
365;809
365;810
365;811
365;812
365;813
365;814
365;815
365;816
365;817
365;818
365;819
365;820
365;821
365;822
365;823
365;824
365;825
365;826
365;827
365;828
365;829
365;830
365;831
365;832
365;833
365;834
365;835
365;836
365;837
365;838
365;839
365;840
365;841
365;842
365;843
365;844
365;845
365;846
365;847
365;848
365;849
365;850
365;851
365;852
365;853
365;854
365;855
365;856
365;857
365;858
366;220
366;221
366;222
366;223
366;224
366;225
366;226
366;227
366;228
366;229
366;230
366;231
366;232
366;233
366;234
366;235
366;236
366;237
366;238
366;239
366;240
366;241
366;242
366;243
366;244
366;245
366;246
366;247
366;248
366;249
366;250
366;251
366;252
366;253
366;254
366;255
366;256
366;257
366;258
366;259
366;260
366;261
366;262
366;263
366;264
366;265
366;266
366;267
366;268
366;269
366;270
366;271
366;272
366;273
366;274
366;275
366;276
366;277
366;278
366;279
366;280
366;281
366;282
366;283
366;284
366;285
366;286
366;287
366;288
366;289
366;290
366;291
366;292
366;293
366;294
366;295
366;296
366;297
366;298
366;299
366;300
366;301
366;302
366;303
366;304
366;305
366;306
366;307
366;308
366;309
366;310
366;311
366;312
366;313
366;314
366;315
366;316
366;317
366;318
366;319
366;320
366;321
366;322
366;323
366;324
366;325
366;326
366;327
366;328
366;329
366;330
366;331
366;332
366;333
366;334
366;335
366;336
366;337
366;338
366;339
366;340
366;341
366;342
366;343
366;344
366;345
366;346
366;347
366;348
366;349
366;350
366;351
366;352
366;353
366;354
366;355
366;356
366;357
366;358
366;359
366;360
366;361
366;362
366;363
366;364
366;365
366;366
366;367
366;368
366;369
366;370
366;371
366;372
366;373
366;374
366;375
366;376
366;377
366;378
366;379
366;380
366;381
366;382
366;383
366;384
366;385
366;386
366;387
366;388
366;389
366;390
366;391
366;392
366;393
366;394
366;395
366;396
366;397
366;398
366;399
366;400
366;401
366;402
366;403
366;404
366;405
366;406
366;407
366;408
366;409
366;410
366;411
366;412
366;413
366;414
366;415
366;416
366;417
366;418
366;419
366;664
366;665
366;666
366;667
366;668
366;669
366;670
366;671
366;672
366;673
366;674
366;675
366;676
366;677
366;678
366;679
366;680
366;681
366;682
366;683
366;684
366;685
366;686
366;687
366;688
366;689
366;690
366;691
366;692
366;693
366;694
366;695
366;696
366;697
366;698
366;699
366;700
366;701
366;702
366;703
366;704
366;705
366;706
366;707
366;708
366;709
366;710
366;711
366;712
366;713
366;714
366;715
366;716
366;717
366;718
366;719
366;720
366;721
366;722
366;723
366;724
366;725
366;726
366;727
366;728
366;729
366;730
366;731
366;732
366;733
366;734
366;735
366;736
366;737
366;738
366;739
366;740
366;741
366;742
366;743
366;744
366;745
366;746
366;747
366;748
366;749
366;750
366;751
366;752
366;753
366;754
366;755
366;756
366;757
366;758
366;759
366;760
366;761
366;762
366;763
366;764
366;765
366;766
366;767
366;768
366;769
366;770
366;771
366;772
366;773
366;774
366;775
366;776
366;777
366;778
366;779
366;780
366;781
366;782
366;783
366;784
366;785
366;786
366;787
366;788
366;789
366;790
366;791
366;792
366;793
366;794
366;795
366;796
366;797
366;798
366;799
366;800
366;801
366;802
366;803
366;804
366;805
366;806
366;807
366;808
366;809
366;810
366;811
366;812
366;813
366;814
366;815
366;816
366;817
366;818
366;819
366;820
366;821
366;822
366;823
366;824
366;825
366;826
366;827
366;828
366;829
366;830
366;831
366;832
366;833
366;834
366;835
366;836
366;837
366;838
366;839
366;840
366;841
366;842
366;843
366;844
366;845
366;846
366;847
366;848
366;849
366;850
366;851
366;852
366;853
366;854
366;855
366;856
366;857
366;858
366;859
367;220
367;221
367;222
367;223
367;224
367;225
367;226
367;227
367;228
367;229
367;230
367;231
367;232
367;233
367;234
367;235
367;236
367;237
367;238
367;239
367;240
367;241
367;242
367;243
367;244
367;245
367;246
367;247
367;248
367;249
367;250
367;251
367;252
367;253
367;254
367;255
367;256
367;257
367;258
367;259
367;260
367;261
367;262
367;263
367;264
367;265
367;266
367;267
367;268
367;269
367;270
367;271
367;272
367;273
367;274
367;275
367;276
367;277
367;278
367;279
367;280
367;281
367;282
367;283
367;284
367;285
367;286
367;287
367;288
367;289
367;290
367;291
367;292
367;293
367;294
367;295
367;296
367;297
367;298
367;299
367;300
367;301
367;302
367;303
367;304
367;305
367;306
367;307
367;308
367;309
367;310
367;311
367;312
367;313
367;314
367;315
367;316
367;317
367;318
367;319
367;320
367;321
367;322
367;323
367;324
367;325
367;326
367;327
367;328
367;329
367;330
367;331
367;332
367;333
367;334
367;335
367;336
367;337
367;338
367;339
367;340
367;341
367;342
367;343
367;344
367;345
367;346
367;347
367;348
367;349
367;350
367;351
367;352
367;353
367;354
367;355
367;356
367;357
367;358
367;359
367;360
367;361
367;362
367;363
367;364
367;365
367;366
367;367
367;368
367;369
367;370
367;371
367;372
367;373
367;374
367;375
367;376
367;377
367;378
367;379
367;380
367;381
367;382
367;383
367;384
367;385
367;386
367;387
367;388
367;389
367;390
367;391
367;392
367;393
367;394
367;395
367;396
367;397
367;398
367;399
367;400
367;401
367;402
367;403
367;404
367;405
367;406
367;407
367;408
367;409
367;410
367;411
367;412
367;413
367;414
367;415
367;416
367;417
367;418
367;419
367;665
367;666
367;667
367;668
367;669
367;670
367;671
367;672
367;673
367;674
367;675
367;676
367;677
367;678
367;679
367;680
367;681
367;682
367;683
367;684
367;685
367;686
367;687
367;688
367;689
367;690
367;691
367;692
367;693
367;694
367;695
367;696
367;697
367;698
367;699
367;700
367;701
367;702
367;703
367;704
367;705
367;706
367;707
367;708
367;709
367;710
367;711
367;712
367;713
367;714
367;715
367;716
367;717
367;718
367;719
367;720
367;721
367;722
367;723
367;724
367;725
367;726
367;727
367;728
367;729
367;730
367;731
367;732
367;733
367;734
367;735
367;736
367;737
367;738
367;739
367;740
367;741
367;742
367;743
367;744
367;745
367;746
367;747
367;748
367;749
367;750
367;751
367;752
367;753
367;754
367;755
367;756
367;757
367;758
367;759
367;760
367;761
367;762
367;763
367;764
367;765
367;766
367;767
367;768
367;769
367;770
367;771
367;772
367;773
367;774
367;775
367;776
367;777
367;778
367;779
367;780
367;781
367;782
367;783
367;784
367;785
367;786
367;787
367;788
367;789
367;790
367;791
367;792
367;793
367;794
367;795
367;796
367;797
367;798
367;799
367;800
367;801
367;802
367;803
367;804
367;805
367;806
367;807
367;808
367;809
367;810
367;811
367;812
367;813
367;814
367;815
367;816
367;817
367;818
367;819
367;820
367;821
367;822
367;823
367;824
367;825
367;826
367;827
367;828
367;829
367;830
367;831
367;832
367;833
367;834
367;835
367;836
367;837
367;838
367;839
367;840
367;841
367;842
367;843
367;844
367;845
367;846
367;847
367;848
367;849
367;850
367;851
367;852
367;853
367;854
367;855
367;856
367;857
367;858
367;859
368;220
368;221
368;222
368;223
368;224
368;225
368;226
368;227
368;228
368;229
368;230
368;231
368;232
368;233
368;234
368;235
368;236
368;237
368;238
368;239
368;240
368;241
368;242
368;243
368;244
368;245
368;246
368;247
368;248
368;249
368;250
368;251
368;252
368;253
368;254
368;255
368;256
368;257
368;258
368;259
368;260
368;261
368;262
368;263
368;264
368;265
368;266
368;267
368;268
368;269
368;270
368;271
368;272
368;273
368;274
368;275
368;276
368;277
368;278
368;279
368;280
368;281
368;282
368;283
368;284
368;285
368;286
368;287
368;288
368;289
368;290
368;291
368;292
368;293
368;294
368;295
368;296
368;297
368;298
368;299
368;300
368;301
368;302
368;303
368;304
368;305
368;306
368;307
368;308
368;309
368;310
368;311
368;312
368;313
368;314
368;315
368;316
368;317
368;318
368;319
368;320
368;321
368;322
368;323
368;324
368;325
368;326
368;327
368;328
368;329
368;330
368;331
368;332
368;333
368;334
368;335
368;336
368;337
368;338
368;339
368;340
368;341
368;342
368;343
368;344
368;345
368;346
368;347
368;348
368;349
368;350
368;351
368;352
368;353
368;354
368;355
368;356
368;357
368;358
368;359
368;360
368;361
368;362
368;363
368;364
368;365
368;366
368;367
368;368
368;369
368;370
368;371
368;372
368;373
368;374
368;375
368;376
368;377
368;378
368;379
368;380
368;381
368;382
368;383
368;384
368;385
368;386
368;387
368;388
368;389
368;390
368;391
368;392
368;393
368;394
368;395
368;396
368;397
368;398
368;399
368;400
368;401
368;402
368;403
368;404
368;405
368;406
368;407
368;408
368;409
368;410
368;411
368;412
368;413
368;414
368;415
368;416
368;417
368;418
368;419
368;666
368;667
368;668
368;669
368;670
368;671
368;672
368;673
368;674
368;675
368;676
368;677
368;678
368;679
368;680
368;681
368;682
368;683
368;684
368;685
368;686
368;687
368;688
368;689
368;690
368;691
368;692
368;693
368;694
368;695
368;696
368;697
368;698
368;699
368;700
368;701
368;702
368;703
368;704
368;705
368;706
368;707
368;708
368;709
368;710
368;711
368;712
368;713
368;714
368;715
368;716
368;717
368;718
368;719
368;720
368;721
368;722
368;723
368;724
368;725
368;726
368;727
368;728
368;729
368;730
368;731
368;732
368;733
368;734
368;735
368;736
368;737
368;738
368;739
368;740
368;741
368;742
368;743
368;744
368;745
368;746
368;747
368;748
368;749
368;750
368;751
368;752
368;753
368;754
368;755
368;756
368;757
368;758
368;759
368;760
368;761
368;762
368;763
368;764
368;765
368;766
368;767
368;768
368;769
368;770
368;771
368;772
368;773
368;774
368;775
368;776
368;777
368;778
368;779
368;780
368;781
368;782
368;783
368;784
368;785
368;786
368;787
368;788
368;789
368;790
368;791
368;792
368;793
368;794
368;795
368;796
368;797
368;798
368;799
368;800
368;801
368;802
368;803
368;804
368;805
368;806
368;807
368;808
368;809
368;810
368;811
368;812
368;813
368;814
368;815
368;816
368;817
368;818
368;819
368;820
368;821
368;822
368;823
368;824
368;825
368;826
368;827
368;828
368;829
368;830
368;831
368;832
368;833
368;834
368;835
368;836
368;837
368;838
368;839
368;840
368;841
368;842
368;843
368;844
368;845
368;846
368;847
368;848
368;849
368;850
368;851
368;852
368;853
368;854
368;855
368;856
368;857
368;858
368;859
368;860
368;861
369;220
369;221
369;222
369;223
369;224
369;225
369;226
369;227
369;228
369;229
369;230
369;231
369;232
369;233
369;234
369;235
369;236
369;237
369;238
369;239
369;240
369;241
369;242
369;243
369;244
369;245
369;246
369;247
369;248
369;249
369;250
369;251
369;252
369;253
369;254
369;255
369;256
369;257
369;258
369;259
369;260
369;261
369;262
369;263
369;264
369;265
369;266
369;267
369;268
369;269
369;270
369;271
369;272
369;273
369;274
369;275
369;276
369;277
369;278
369;279
369;280
369;281
369;282
369;283
369;284
369;285
369;286
369;287
369;288
369;289
369;290
369;291
369;292
369;293
369;294
369;295
369;296
369;297
369;298
369;299
369;300
369;301
369;302
369;303
369;304
369;305
369;306
369;307
369;308
369;309
369;310
369;311
369;312
369;313
369;314
369;315
369;316
369;317
369;318
369;319
369;320
369;321
369;322
369;323
369;324
369;325
369;326
369;327
369;328
369;329
369;330
369;331
369;332
369;333
369;334
369;335
369;336
369;337
369;338
369;339
369;340
369;341
369;342
369;343
369;344
369;345
369;346
369;347
369;348
369;349
369;350
369;351
369;352
369;353
369;354
369;355
369;356
369;357
369;358
369;359
369;360
369;361
369;362
369;363
369;364
369;365
369;366
369;367
369;368
369;369
369;370
369;371
369;372
369;373
369;374
369;375
369;376
369;377
369;378
369;379
369;380
369;381
369;382
369;383
369;384
369;385
369;386
369;387
369;388
369;389
369;390
369;391
369;392
369;393
369;394
369;395
369;396
369;397
369;398
369;399
369;400
369;401
369;402
369;403
369;404
369;405
369;406
369;407
369;408
369;409
369;410
369;411
369;412
369;413
369;414
369;415
369;416
369;417
369;418
369;666
369;667
369;668
369;669
369;670
369;671
369;672
369;673
369;674
369;675
369;676
369;677
369;678
369;679
369;680
369;681
369;682
369;683
369;684
369;685
369;686
369;687
369;688
369;689
369;690
369;691
369;692
369;693
369;694
369;695
369;696
369;697
369;698
369;699
369;700
369;701
369;702
369;703
369;704
369;705
369;706
369;707
369;708
369;709
369;710
369;711
369;712
369;713
369;714
369;715
369;716
369;717
369;718
369;719
369;720
369;721
369;722
369;723
369;724
369;725
369;726
369;727
369;728
369;729
369;730
369;731
369;732
369;733
369;734
369;735
369;736
369;737
369;738
369;739
369;740
369;741
369;742
369;743
369;744
369;745
369;746
369;747
369;748
369;749
369;750
369;751
369;752
369;753
369;754
369;755
369;756
369;757
369;758
369;759
369;760
369;761
369;762
369;763
369;764
369;765
369;766
369;767
369;768
369;769
369;770
369;771
369;772
369;773
369;774
369;775
369;776
369;777
369;778
369;779
369;780
369;781
369;782
369;783
369;784
369;785
369;786
369;787
369;788
369;789
369;790
369;791
369;792
369;793
369;794
369;795
369;796
369;797
369;798
369;799
369;800
369;801
369;802
369;803
369;804
369;805
369;806
369;807
369;808
369;809
369;810
369;811
369;812
369;813
369;814
369;815
369;816
369;817
369;818
369;819
369;820
369;821
369;822
369;823
369;824
369;825
369;826
369;827
369;828
369;829
369;830
369;831
369;832
369;833
369;834
369;835
369;836
369;837
369;838
369;839
369;840
369;841
369;842
369;843
369;844
369;845
369;846
369;847
369;848
369;849
369;850
369;851
369;852
369;853
369;854
369;855
369;856
369;857
369;858
369;859
369;860
369;861
370;221
370;222
370;223
370;224
370;225
370;226
370;227
370;228
370;229
370;230
370;231
370;232
370;233
370;234
370;235
370;236
370;237
370;238
370;239
370;240
370;241
370;242
370;243
370;244
370;245
370;246
370;247
370;248
370;249
370;250
370;251
370;252
370;253
370;254
370;255
370;256
370;257
370;258
370;259
370;260
370;261
370;262
370;263
370;264
370;265
370;266
370;267
370;268
370;269
370;270
370;271
370;272
370;273
370;274
370;275
370;276
370;277
370;278
370;279
370;280
370;281
370;282
370;283
370;284
370;285
370;286
370;287
370;288
370;289
370;290
370;291
370;292
370;293
370;294
370;295
370;296
370;297
370;298
370;299
370;300
370;301
370;302
370;303
370;304
370;305
370;306
370;307
370;308
370;309
370;310
370;311
370;312
370;313
370;314
370;315
370;316
370;317
370;318
370;319
370;320
370;321
370;322
370;323
370;324
370;325
370;326
370;327
370;328
370;329
370;330
370;331
370;332
370;333
370;334
370;335
370;336
370;337
370;338
370;339
370;340
370;341
370;342
370;343
370;344
370;345
370;346
370;347
370;348
370;349
370;350
370;351
370;352
370;353
370;354
370;355
370;356
370;357
370;358
370;359
370;360
370;361
370;362
370;363
370;364
370;365
370;366
370;367
370;368
370;369
370;370
370;371
370;372
370;373
370;374
370;375
370;376
370;377
370;378
370;379
370;380
370;381
370;382
370;383
370;384
370;385
370;386
370;387
370;388
370;389
370;390
370;391
370;392
370;393
370;394
370;395
370;396
370;397
370;398
370;399
370;400
370;401
370;402
370;403
370;404
370;405
370;406
370;407
370;408
370;409
370;410
370;411
370;412
370;413
370;414
370;415
370;416
370;417
370;418
370;667
370;668
370;669
370;670
370;671
370;672
370;673
370;674
370;675
370;676
370;677
370;678
370;679
370;680
370;681
370;682
370;683
370;684
370;685
370;686
370;687
370;688
370;689
370;690
370;691
370;692
370;693
370;694
370;695
370;696
370;697
370;698
370;699
370;700
370;701
370;702
370;703
370;704
370;705
370;706
370;707
370;708
370;709
370;710
370;711
370;712
370;713
370;714
370;715
370;716
370;717
370;718
370;719
370;720
370;721
370;722
370;723
370;724
370;725
370;726
370;727
370;728
370;729
370;730
370;731
370;732
370;733
370;734
370;735
370;736
370;737
370;738
370;739
370;740
370;741
370;742
370;743
370;744
370;745
370;746
370;747
370;748
370;749
370;750
370;751
370;752
370;753
370;754
370;755
370;756
370;757
370;758
370;759
370;760
370;761
370;762
370;763
370;764
370;765
370;766
370;767
370;768
370;769
370;770
370;771
370;772
370;773
370;774
370;775
370;776
370;777
370;778
370;779
370;780
370;781
370;782
370;783
370;784
370;785
370;786
370;787
370;788
370;789
370;790
370;791
370;792
370;793
370;794
370;795
370;796
370;797
370;798
370;799
370;800
370;801
370;802
370;803
370;804
370;805
370;806
370;807
370;808
370;809
370;810
370;811
370;812
370;813
370;814
370;815
370;816
370;817
370;818
370;819
370;820
370;821
370;822
370;823
370;824
370;825
370;826
370;827
370;828
370;829
370;830
370;831
370;832
370;833
370;834
370;835
370;836
370;837
370;838
370;839
370;840
370;841
370;842
370;843
370;844
370;845
370;846
370;847
370;848
370;849
370;850
370;851
370;852
370;853
370;854
370;855
370;856
370;857
370;858
370;859
370;860
370;861
370;862
371;221
371;222
371;223
371;224
371;225
371;226
371;227
371;228
371;229
371;230
371;231
371;232
371;233
371;234
371;235
371;236
371;237
371;238
371;239
371;240
371;241
371;242
371;243
371;244
371;245
371;246
371;247
371;248
371;249
371;250
371;251
371;252
371;253
371;254
371;255
371;256
371;257
371;258
371;259
371;260
371;261
371;262
371;263
371;264
371;265
371;266
371;267
371;268
371;269
371;270
371;271
371;272
371;273
371;274
371;275
371;276
371;277
371;278
371;279
371;280
371;281
371;282
371;283
371;284
371;285
371;286
371;287
371;288
371;289
371;290
371;291
371;292
371;293
371;294
371;295
371;296
371;297
371;298
371;299
371;300
371;301
371;302
371;303
371;304
371;305
371;306
371;307
371;308
371;309
371;310
371;311
371;312
371;313
371;314
371;315
371;316
371;317
371;318
371;319
371;320
371;321
371;322
371;323
371;324
371;325
371;326
371;327
371;328
371;329
371;330
371;331
371;332
371;333
371;334
371;335
371;336
371;337
371;338
371;339
371;340
371;341
371;342
371;343
371;344
371;345
371;346
371;347
371;348
371;349
371;350
371;351
371;352
371;353
371;354
371;355
371;356
371;357
371;358
371;359
371;360
371;361
371;362
371;363
371;364
371;365
371;366
371;367
371;368
371;369
371;370
371;371
371;372
371;373
371;374
371;375
371;376
371;377
371;378
371;379
371;380
371;381
371;382
371;383
371;384
371;385
371;386
371;387
371;388
371;389
371;390
371;391
371;392
371;393
371;394
371;395
371;396
371;397
371;398
371;399
371;400
371;401
371;402
371;403
371;404
371;405
371;406
371;407
371;408
371;409
371;410
371;411
371;412
371;413
371;414
371;415
371;416
371;417
371;418
371;668
371;669
371;670
371;671
371;672
371;673
371;674
371;675
371;676
371;677
371;678
371;679
371;680
371;681
371;682
371;683
371;684
371;685
371;686
371;687
371;688
371;689
371;690
371;691
371;692
371;693
371;694
371;695
371;696
371;697
371;698
371;699
371;700
371;701
371;702
371;703
371;704
371;705
371;706
371;707
371;708
371;709
371;710
371;711
371;712
371;713
371;714
371;715
371;716
371;717
371;718
371;719
371;720
371;721
371;722
371;723
371;724
371;725
371;726
371;727
371;728
371;729
371;730
371;731
371;732
371;733
371;734
371;735
371;736
371;737
371;738
371;739
371;740
371;741
371;742
371;743
371;744
371;745
371;746
371;747
371;748
371;749
371;750
371;751
371;752
371;753
371;754
371;755
371;756
371;757
371;758
371;759
371;760
371;761
371;762
371;763
371;764
371;765
371;766
371;767
371;768
371;769
371;770
371;771
371;772
371;773
371;774
371;775
371;776
371;777
371;778
371;779
371;780
371;781
371;782
371;783
371;784
371;785
371;786
371;787
371;788
371;789
371;790
371;791
371;792
371;793
371;794
371;795
371;796
371;797
371;798
371;799
371;800
371;801
371;802
371;803
371;804
371;805
371;806
371;807
371;808
371;809
371;810
371;811
371;812
371;813
371;814
371;815
371;816
371;817
371;818
371;819
371;820
371;821
371;822
371;823
371;824
371;825
371;826
371;827
371;828
371;829
371;830
371;831
371;832
371;833
371;834
371;835
371;836
371;837
371;838
371;839
371;840
371;841
371;842
371;843
371;844
371;845
371;846
371;847
371;848
371;849
371;850
371;851
371;852
371;853
371;854
371;855
371;856
371;857
371;858
371;859
371;860
371;861
371;862
371;863
372;222
372;223
372;224
372;225
372;226
372;227
372;228
372;229
372;230
372;231
372;232
372;233
372;234
372;235
372;236
372;237
372;238
372;239
372;240
372;241
372;242
372;243
372;244
372;245
372;246
372;247
372;248
372;249
372;250
372;251
372;252
372;253
372;254
372;255
372;256
372;257
372;258
372;259
372;260
372;261
372;262
372;263
372;264
372;265
372;266
372;267
372;268
372;269
372;270
372;271
372;272
372;273
372;274
372;275
372;276
372;277
372;278
372;279
372;280
372;281
372;282
372;283
372;284
372;285
372;286
372;287
372;288
372;289
372;290
372;291
372;292
372;293
372;294
372;295
372;296
372;297
372;298
372;299
372;300
372;301
372;302
372;303
372;304
372;305
372;306
372;307
372;308
372;309
372;310
372;311
372;312
372;313
372;314
372;315
372;316
372;317
372;318
372;319
372;320
372;321
372;322
372;323
372;324
372;325
372;326
372;327
372;328
372;329
372;330
372;331
372;332
372;333
372;334
372;335
372;336
372;337
372;338
372;339
372;340
372;341
372;342
372;343
372;344
372;345
372;346
372;347
372;348
372;349
372;350
372;351
372;352
372;353
372;354
372;355
372;356
372;357
372;358
372;359
372;360
372;361
372;362
372;363
372;364
372;365
372;366
372;367
372;368
372;369
372;370
372;371
372;372
372;373
372;374
372;375
372;376
372;377
372;378
372;379
372;380
372;381
372;382
372;383
372;384
372;385
372;386
372;387
372;388
372;389
372;390
372;391
372;392
372;393
372;394
372;395
372;396
372;397
372;398
372;399
372;400
372;401
372;402
372;403
372;404
372;405
372;406
372;407
372;408
372;409
372;410
372;411
372;412
372;413
372;414
372;415
372;416
372;417
372;418
372;669
372;670
372;671
372;672
372;673
372;674
372;675
372;676
372;677
372;678
372;679
372;680
372;681
372;682
372;683
372;684
372;685
372;686
372;687
372;688
372;689
372;690
372;691
372;692
372;693
372;694
372;695
372;696
372;697
372;698
372;699
372;700
372;701
372;702
372;703
372;704
372;705
372;706
372;707
372;708
372;709
372;710
372;711
372;712
372;713
372;714
372;715
372;716
372;717
372;718
372;719
372;720
372;721
372;722
372;723
372;724
372;725
372;726
372;727
372;728
372;729
372;730
372;731
372;732
372;733
372;734
372;735
372;736
372;737
372;738
372;739
372;740
372;741
372;742
372;743
372;744
372;745
372;746
372;747
372;748
372;749
372;750
372;751
372;752
372;753
372;754
372;755
372;756
372;757
372;758
372;759
372;760
372;761
372;762
372;763
372;764
372;765
372;766
372;767
372;768
372;769
372;770
372;771
372;772
372;773
372;774
372;775
372;776
372;777
372;778
372;779
372;780
372;781
372;782
372;783
372;784
372;785
372;786
372;787
372;788
372;789
372;790
372;791
372;792
372;793
372;794
372;795
372;796
372;797
372;798
372;799
372;800
372;801
372;802
372;803
372;804
372;805
372;806
372;807
372;808
372;809
372;810
372;811
372;812
372;813
372;814
372;815
372;816
372;817
372;818
372;819
372;820
372;821
372;822
372;823
372;824
372;825
372;826
372;827
372;828
372;829
372;830
372;831
372;832
372;833
372;834
372;835
372;836
372;837
372;838
372;839
372;840
372;841
372;842
372;843
372;844
372;845
372;846
372;847
372;848
372;849
372;850
372;851
372;852
372;853
372;854
372;855
372;856
372;857
372;858
372;859
372;860
372;861
372;862
372;863
373;222
373;223
373;224
373;225
373;226
373;227
373;228
373;229
373;230
373;231
373;232
373;233
373;234
373;235
373;236
373;237
373;238
373;239
373;240
373;241
373;242
373;243
373;244
373;245
373;246
373;247
373;248
373;249
373;250
373;251
373;252
373;253
373;254
373;255
373;256
373;257
373;258
373;259
373;260
373;261
373;262
373;263
373;264
373;265
373;266
373;267
373;268
373;269
373;270
373;271
373;272
373;273
373;274
373;275
373;276
373;277
373;278
373;279
373;280
373;281
373;282
373;283
373;284
373;285
373;286
373;287
373;288
373;289
373;290
373;291
373;292
373;293
373;294
373;295
373;296
373;297
373;298
373;299
373;300
373;301
373;302
373;303
373;304
373;305
373;306
373;307
373;308
373;309
373;310
373;311
373;312
373;313
373;314
373;315
373;316
373;317
373;318
373;319
373;320
373;321
373;322
373;323
373;324
373;325
373;326
373;327
373;328
373;329
373;330
373;331
373;332
373;333
373;334
373;335
373;336
373;337
373;338
373;339
373;340
373;341
373;342
373;343
373;344
373;345
373;346
373;347
373;348
373;349
373;350
373;351
373;352
373;353
373;354
373;355
373;356
373;357
373;358
373;359
373;360
373;361
373;362
373;363
373;364
373;365
373;366
373;367
373;368
373;369
373;370
373;371
373;372
373;373
373;374
373;375
373;376
373;377
373;378
373;379
373;380
373;381
373;382
373;383
373;384
373;385
373;386
373;387
373;388
373;389
373;390
373;391
373;392
373;393
373;394
373;395
373;396
373;397
373;398
373;399
373;400
373;401
373;402
373;403
373;404
373;405
373;406
373;407
373;408
373;409
373;410
373;411
373;412
373;413
373;414
373;415
373;416
373;417
373;670
373;671
373;672
373;673
373;674
373;675
373;676
373;677
373;678
373;679
373;680
373;681
373;682
373;683
373;684
373;685
373;686
373;687
373;688
373;689
373;690
373;691
373;692
373;693
373;694
373;695
373;696
373;697
373;698
373;699
373;700
373;701
373;702
373;703
373;704
373;705
373;706
373;707
373;708
373;709
373;710
373;711
373;712
373;713
373;714
373;715
373;716
373;717
373;718
373;719
373;720
373;721
373;722
373;723
373;724
373;725
373;726
373;727
373;728
373;729
373;730
373;731
373;732
373;733
373;734
373;735
373;736
373;737
373;738
373;739
373;740
373;741
373;742
373;743
373;744
373;745
373;746
373;747
373;748
373;749
373;750
373;751
373;752
373;753
373;754
373;755
373;756
373;757
373;758
373;759
373;760
373;761
373;762
373;763
373;764
373;765
373;766
373;767
373;768
373;769
373;770
373;771
373;772
373;773
373;774
373;775
373;776
373;777
373;778
373;779
373;780
373;781
373;782
373;783
373;784
373;785
373;786
373;787
373;788
373;789
373;790
373;791
373;792
373;793
373;794
373;795
373;796
373;797
373;798
373;799
373;800
373;801
373;802
373;803
373;804
373;805
373;806
373;807
373;808
373;809
373;810
373;811
373;812
373;813
373;814
373;815
373;816
373;817
373;818
373;819
373;820
373;821
373;822
373;823
373;824
373;825
373;826
373;827
373;828
373;829
373;830
373;831
373;832
373;833
373;834
373;835
373;836
373;837
373;838
373;839
373;840
373;841
373;842
373;843
373;844
373;845
373;846
373;847
373;848
373;849
373;850
373;851
373;852
373;853
373;854
373;855
373;856
373;857
373;858
373;859
373;860
373;861
373;862
373;863
373;864
374;222
374;223
374;224
374;225
374;226
374;227
374;228
374;229
374;230
374;231
374;232
374;233
374;234
374;235
374;236
374;237
374;238
374;239
374;240
374;241
374;242
374;243
374;244
374;245
374;246
374;247
374;248
374;249
374;250
374;251
374;252
374;253
374;254
374;255
374;256
374;257
374;258
374;259
374;260
374;261
374;262
374;263
374;264
374;265
374;266
374;267
374;268
374;269
374;270
374;271
374;272
374;273
374;274
374;275
374;276
374;277
374;278
374;279
374;280
374;281
374;282
374;283
374;284
374;285
374;286
374;287
374;288
374;289
374;290
374;291
374;292
374;293
374;294
374;295
374;296
374;297
374;298
374;299
374;300
374;301
374;302
374;303
374;304
374;305
374;306
374;307
374;308
374;309
374;310
374;311
374;312
374;313
374;314
374;315
374;316
374;317
374;318
374;319
374;320
374;321
374;322
374;323
374;324
374;325
374;326
374;327
374;328
374;329
374;330
374;331
374;332
374;333
374;334
374;335
374;336
374;337
374;338
374;339
374;340
374;341
374;342
374;343
374;344
374;345
374;346
374;347
374;348
374;349
374;350
374;351
374;352
374;353
374;354
374;355
374;356
374;357
374;358
374;359
374;360
374;361
374;362
374;363
374;364
374;365
374;366
374;367
374;368
374;369
374;370
374;371
374;372
374;373
374;374
374;375
374;376
374;377
374;378
374;379
374;380
374;381
374;382
374;383
374;384
374;385
374;386
374;387
374;388
374;389
374;390
374;391
374;392
374;393
374;394
374;395
374;396
374;397
374;398
374;399
374;400
374;401
374;402
374;403
374;404
374;405
374;406
374;407
374;408
374;409
374;410
374;411
374;412
374;413
374;414
374;415
374;416
374;417
374;670
374;671
374;672
374;673
374;674
374;675
374;676
374;677
374;678
374;679
374;680
374;681
374;682
374;683
374;684
374;685
374;686
374;687
374;688
374;689
374;690
374;691
374;692
374;693
374;694
374;695
374;696
374;697
374;698
374;699
374;700
374;701
374;702
374;703
374;704
374;705
374;706
374;707
374;708
374;709
374;710
374;711
374;712
374;713
374;714
374;715
374;716
374;717
374;718
374;719
374;720
374;721
374;722
374;723
374;724
374;725
374;726
374;727
374;728
374;729
374;730
374;731
374;732
374;733
374;734
374;735
374;736
374;737
374;738
374;739
374;740
374;741
374;742
374;743
374;744
374;745
374;746
374;747
374;748
374;749
374;750
374;751
374;752
374;753
374;754
374;755
374;756
374;757
374;758
374;759
374;760
374;761
374;762
374;763
374;764
374;765
374;766
374;767
374;768
374;769
374;770
374;771
374;772
374;773
374;774
374;775
374;776
374;777
374;778
374;779
374;780
374;781
374;782
374;783
374;784
374;785
374;786
374;787
374;788
374;789
374;790
374;791
374;792
374;793
374;794
374;795
374;796
374;797
374;798
374;799
374;800
374;801
374;802
374;803
374;804
374;805
374;806
374;807
374;808
374;809
374;810
374;811
374;812
374;813
374;814
374;815
374;816
374;817
374;818
374;819
374;820
374;821
374;822
374;823
374;824
374;825
374;826
374;827
374;828
374;829
374;830
374;831
374;832
374;833
374;834
374;835
374;836
374;837
374;838
374;839
374;840
374;841
374;842
374;843
374;844
374;845
374;846
374;847
374;848
374;849
374;850
374;851
374;852
374;853
374;854
374;855
374;856
374;857
374;858
374;859
374;860
374;861
374;862
374;863
374;864
374;865
375;223
375;224
375;225
375;226
375;227
375;228
375;229
375;230
375;231
375;232
375;233
375;234
375;235
375;236
375;237
375;238
375;239
375;240
375;241
375;242
375;243
375;244
375;245
375;246
375;247
375;248
375;249
375;250
375;251
375;252
375;253
375;254
375;255
375;256
375;257
375;258
375;259
375;260
375;261
375;262
375;263
375;264
375;265
375;266
375;267
375;268
375;269
375;270
375;271
375;272
375;273
375;274
375;275
375;276
375;277
375;278
375;279
375;280
375;281
375;282
375;283
375;284
375;285
375;286
375;287
375;288
375;289
375;290
375;291
375;292
375;293
375;294
375;295
375;296
375;297
375;298
375;299
375;300
375;301
375;302
375;303
375;304
375;305
375;306
375;307
375;308
375;309
375;310
375;311
375;312
375;313
375;314
375;315
375;316
375;317
375;318
375;319
375;320
375;321
375;322
375;323
375;324
375;325
375;326
375;327
375;328
375;329
375;330
375;331
375;332
375;333
375;334
375;335
375;336
375;337
375;338
375;339
375;340
375;341
375;342
375;343
375;344
375;345
375;346
375;347
375;348
375;349
375;350
375;351
375;352
375;353
375;354
375;355
375;356
375;357
375;358
375;359
375;360
375;361
375;362
375;363
375;364
375;365
375;366
375;367
375;368
375;369
375;370
375;371
375;372
375;373
375;374
375;375
375;376
375;377
375;378
375;379
375;380
375;381
375;382
375;383
375;384
375;385
375;386
375;387
375;388
375;389
375;390
375;391
375;392
375;393
375;394
375;395
375;396
375;397
375;398
375;399
375;400
375;401
375;402
375;403
375;404
375;405
375;406
375;407
375;408
375;409
375;410
375;411
375;412
375;413
375;414
375;415
375;416
375;671
375;672
375;673
375;674
375;675
375;676
375;677
375;678
375;679
375;680
375;681
375;682
375;683
375;684
375;685
375;686
375;687
375;688
375;689
375;690
375;691
375;692
375;693
375;694
375;695
375;696
375;697
375;698
375;699
375;700
375;701
375;702
375;703
375;704
375;705
375;706
375;707
375;708
375;709
375;710
375;711
375;712
375;713
375;714
375;715
375;716
375;717
375;718
375;719
375;720
375;721
375;722
375;723
375;724
375;725
375;726
375;727
375;728
375;729
375;730
375;731
375;732
375;733
375;734
375;735
375;736
375;737
375;738
375;739
375;740
375;741
375;742
375;743
375;744
375;745
375;746
375;747
375;748
375;749
375;750
375;751
375;752
375;753
375;754
375;755
375;756
375;757
375;758
375;759
375;760
375;761
375;762
375;763
375;764
375;765
375;766
375;767
375;768
375;769
375;770
375;771
375;772
375;773
375;774
375;775
375;776
375;777
375;778
375;779
375;780
375;781
375;782
375;783
375;784
375;785
375;786
375;787
375;788
375;789
375;790
375;791
375;792
375;793
375;794
375;795
375;796
375;797
375;798
375;799
375;800
375;801
375;802
375;803
375;804
375;805
375;806
375;807
375;808
375;809
375;810
375;811
375;812
375;813
375;814
375;815
375;816
375;817
375;818
375;819
375;820
375;821
375;822
375;823
375;824
375;825
375;826
375;827
375;828
375;829
375;830
375;831
375;832
375;833
375;834
375;835
375;836
375;837
375;838
375;839
375;840
375;841
375;842
375;843
375;844
375;845
375;846
375;847
375;848
375;849
375;850
375;851
375;852
375;853
375;854
375;855
375;856
375;857
375;858
375;859
375;860
375;861
375;862
375;863
375;864
375;865
376;223
376;224
376;225
376;226
376;227
376;228
376;229
376;230
376;231
376;232
376;233
376;234
376;235
376;236
376;237
376;238
376;239
376;240
376;241
376;242
376;243
376;244
376;245
376;246
376;247
376;248
376;249
376;250
376;251
376;252
376;253
376;254
376;255
376;256
376;257
376;258
376;259
376;260
376;261
376;262
376;263
376;264
376;265
376;266
376;267
376;268
376;269
376;270
376;271
376;272
376;273
376;274
376;275
376;276
376;277
376;278
376;279
376;280
376;281
376;282
376;283
376;284
376;285
376;286
376;287
376;288
376;289
376;290
376;291
376;292
376;293
376;294
376;295
376;296
376;297
376;298
376;299
376;300
376;301
376;302
376;303
376;304
376;305
376;306
376;307
376;308
376;309
376;310
376;311
376;312
376;313
376;314
376;315
376;316
376;317
376;318
376;319
376;320
376;321
376;322
376;323
376;324
376;325
376;326
376;327
376;328
376;329
376;330
376;331
376;332
376;333
376;334
376;335
376;336
376;337
376;338
376;339
376;340
376;341
376;342
376;343
376;344
376;345
376;346
376;347
376;348
376;349
376;350
376;351
376;352
376;353
376;354
376;355
376;356
376;357
376;358
376;359
376;360
376;361
376;362
376;363
376;364
376;365
376;366
376;367
376;368
376;369
376;370
376;371
376;372
376;373
376;374
376;375
376;376
376;377
376;378
376;379
376;380
376;381
376;382
376;383
376;384
376;385
376;386
376;387
376;388
376;389
376;390
376;391
376;392
376;393
376;394
376;395
376;396
376;397
376;398
376;399
376;400
376;401
376;402
376;403
376;404
376;405
376;406
376;407
376;408
376;409
376;410
376;411
376;412
376;413
376;414
376;415
376;416
376;672
376;673
376;674
376;675
376;676
376;677
376;678
376;679
376;680
376;681
376;682
376;683
376;684
376;685
376;686
376;687
376;688
376;689
376;690
376;691
376;692
376;693
376;694
376;695
376;696
376;697
376;698
376;699
376;700
376;701
376;702
376;703
376;704
376;705
376;706
376;707
376;708
376;709
376;710
376;711
376;712
376;713
376;714
376;715
376;716
376;717
376;718
376;719
376;720
376;721
376;722
376;723
376;724
376;725
376;726
376;727
376;728
376;729
376;730
376;731
376;732
376;733
376;734
376;735
376;736
376;737
376;738
376;739
376;740
376;741
376;742
376;743
376;744
376;745
376;746
376;747
376;748
376;749
376;750
376;751
376;752
376;753
376;754
376;755
376;756
376;757
376;758
376;759
376;760
376;761
376;762
376;763
376;764
376;765
376;766
376;767
376;768
376;769
376;770
376;771
376;772
376;773
376;774
376;775
376;776
376;777
376;778
376;779
376;780
376;781
376;782
376;783
376;784
376;785
376;786
376;787
376;788
376;789
376;790
376;791
376;792
376;793
376;794
376;795
376;796
376;797
376;798
376;799
376;800
376;801
376;802
376;803
376;804
376;805
376;806
376;807
376;808
376;809
376;810
376;811
376;812
376;813
376;814
376;815
376;816
376;817
376;818
376;819
376;820
376;821
376;822
376;823
376;824
376;825
376;826
376;827
376;828
376;829
376;830
376;831
376;832
376;833
376;834
376;835
376;836
376;837
376;838
376;839
376;840
376;841
376;842
376;843
376;844
376;845
376;846
376;847
376;848
376;849
376;850
376;851
376;852
376;853
376;854
376;855
376;856
376;857
376;858
376;859
376;860
376;861
376;862
376;863
376;864
376;865
376;866
377;223
377;224
377;225
377;226
377;227
377;228
377;229
377;230
377;231
377;232
377;233
377;234
377;235
377;236
377;237
377;238
377;239
377;240
377;241
377;242
377;243
377;244
377;245
377;246
377;247
377;248
377;249
377;250
377;251
377;252
377;253
377;254
377;255
377;256
377;257
377;258
377;259
377;260
377;261
377;262
377;263
377;264
377;265
377;266
377;267
377;268
377;269
377;270
377;271
377;272
377;273
377;274
377;275
377;276
377;277
377;278
377;279
377;280
377;281
377;282
377;283
377;284
377;285
377;286
377;287
377;288
377;289
377;290
377;291
377;292
377;293
377;294
377;295
377;296
377;297
377;298
377;299
377;300
377;301
377;302
377;303
377;304
377;305
377;306
377;307
377;308
377;309
377;310
377;311
377;312
377;313
377;314
377;315
377;316
377;317
377;318
377;319
377;320
377;321
377;322
377;323
377;324
377;325
377;326
377;327
377;328
377;329
377;330
377;331
377;332
377;333
377;334
377;335
377;336
377;337
377;338
377;339
377;340
377;341
377;342
377;343
377;344
377;345
377;346
377;347
377;348
377;349
377;350
377;351
377;352
377;353
377;354
377;355
377;356
377;357
377;358
377;359
377;360
377;361
377;362
377;363
377;364
377;365
377;366
377;367
377;368
377;369
377;370
377;371
377;372
377;373
377;374
377;375
377;376
377;377
377;378
377;379
377;380
377;381
377;382
377;383
377;384
377;385
377;386
377;387
377;388
377;389
377;390
377;391
377;392
377;393
377;394
377;395
377;396
377;397
377;398
377;399
377;400
377;401
377;402
377;403
377;404
377;405
377;406
377;407
377;408
377;409
377;410
377;411
377;412
377;413
377;414
377;415
377;416
377;672
377;673
377;674
377;675
377;676
377;677
377;678
377;679
377;680
377;681
377;682
377;683
377;684
377;685
377;686
377;687
377;688
377;689
377;690
377;691
377;692
377;693
377;694
377;695
377;696
377;697
377;698
377;699
377;700
377;701
377;702
377;703
377;704
377;705
377;706
377;707
377;708
377;709
377;710
377;711
377;712
377;713
377;714
377;715
377;716
377;717
377;718
377;719
377;720
377;721
377;722
377;723
377;724
377;725
377;726
377;727
377;728
377;729
377;730
377;731
377;732
377;733
377;734
377;735
377;736
377;737
377;738
377;739
377;740
377;741
377;742
377;743
377;744
377;745
377;746
377;747
377;748
377;749
377;750
377;751
377;752
377;753
377;754
377;755
377;756
377;757
377;758
377;759
377;760
377;761
377;762
377;763
377;764
377;765
377;766
377;767
377;768
377;769
377;770
377;771
377;772
377;773
377;774
377;775
377;776
377;777
377;778
377;779
377;780
377;781
377;782
377;783
377;784
377;785
377;786
377;787
377;788
377;789
377;790
377;791
377;792
377;793
377;794
377;795
377;796
377;797
377;798
377;799
377;800
377;801
377;802
377;803
377;804
377;805
377;806
377;807
377;808
377;809
377;810
377;811
377;812
377;813
377;814
377;815
377;816
377;817
377;818
377;819
377;820
377;821
377;822
377;823
377;824
377;825
377;826
377;827
377;828
377;829
377;830
377;831
377;832
377;833
377;834
377;835
377;836
377;837
377;838
377;839
377;840
377;841
377;842
377;843
377;844
377;845
377;846
377;847
377;848
377;849
377;850
377;851
377;852
377;853
377;854
377;855
377;856
377;857
377;858
377;859
377;860
377;861
377;862
377;863
377;864
377;865
377;866
377;867
378;224
378;225
378;226
378;227
378;228
378;229
378;230
378;231
378;232
378;233
378;234
378;235
378;236
378;237
378;238
378;239
378;240
378;241
378;242
378;243
378;244
378;245
378;246
378;247
378;248
378;249
378;250
378;251
378;252
378;253
378;254
378;255
378;256
378;257
378;258
378;259
378;260
378;261
378;262
378;263
378;264
378;265
378;266
378;267
378;268
378;269
378;270
378;271
378;272
378;273
378;274
378;275
378;276
378;277
378;278
378;279
378;280
378;281
378;282
378;283
378;284
378;285
378;286
378;287
378;288
378;289
378;290
378;291
378;292
378;293
378;294
378;295
378;296
378;297
378;298
378;299
378;300
378;301
378;302
378;303
378;304
378;305
378;306
378;307
378;308
378;309
378;310
378;311
378;312
378;313
378;314
378;315
378;316
378;317
378;318
378;319
378;320
378;321
378;322
378;323
378;324
378;325
378;326
378;327
378;328
378;329
378;330
378;331
378;332
378;333
378;334
378;335
378;336
378;337
378;338
378;339
378;340
378;341
378;342
378;343
378;344
378;345
378;346
378;347
378;348
378;349
378;350
378;351
378;352
378;353
378;354
378;355
378;356
378;357
378;358
378;359
378;360
378;361
378;362
378;363
378;364
378;365
378;366
378;367
378;368
378;369
378;370
378;371
378;372
378;373
378;374
378;375
378;376
378;377
378;378
378;379
378;380
378;381
378;382
378;383
378;384
378;385
378;386
378;387
378;388
378;389
378;390
378;391
378;392
378;393
378;394
378;395
378;396
378;397
378;398
378;399
378;400
378;401
378;402
378;403
378;404
378;405
378;406
378;407
378;408
378;409
378;410
378;411
378;412
378;413
378;414
378;415
378;673
378;674
378;675
378;676
378;677
378;678
378;679
378;680
378;681
378;682
378;683
378;684
378;685
378;686
378;687
378;688
378;689
378;690
378;691
378;692
378;693
378;694
378;695
378;696
378;697
378;698
378;699
378;700
378;701
378;702
378;703
378;704
378;705
378;706
378;707
378;708
378;709
378;710
378;711
378;712
378;713
378;714
378;715
378;716
378;717
378;718
378;719
378;720
378;721
378;722
378;723
378;724
378;725
378;726
378;727
378;728
378;729
378;730
378;731
378;732
378;733
378;734
378;735
378;736
378;737
378;738
378;739
378;740
378;741
378;742
378;743
378;744
378;745
378;746
378;747
378;748
378;749
378;750
378;751
378;752
378;753
378;754
378;755
378;756
378;757
378;758
378;759
378;760
378;761
378;762
378;763
378;764
378;765
378;766
378;767
378;768
378;769
378;770
378;771
378;772
378;773
378;774
378;775
378;776
378;777
378;778
378;779
378;780
378;781
378;782
378;783
378;784
378;785
378;786
378;787
378;788
378;789
378;790
378;791
378;792
378;793
378;794
378;795
378;796
378;797
378;798
378;799
378;800
378;801
378;802
378;803
378;804
378;805
378;806
378;807
378;808
378;809
378;810
378;811
378;812
378;813
378;814
378;815
378;816
378;817
378;818
378;819
378;820
378;821
378;822
378;823
378;824
378;825
378;826
378;827
378;828
378;829
378;830
378;831
378;832
378;833
378;834
378;835
378;836
378;837
378;838
378;839
378;840
378;841
378;842
378;843
378;844
378;845
378;846
378;847
378;848
378;849
378;850
378;851
378;852
378;853
378;854
378;855
378;856
378;857
378;858
378;859
378;860
378;861
378;862
378;863
378;864
378;865
378;866
378;867
379;224
379;225
379;226
379;227
379;228
379;229
379;230
379;231
379;232
379;233
379;234
379;235
379;236
379;237
379;238
379;239
379;240
379;241
379;242
379;243
379;244
379;245
379;246
379;247
379;248
379;249
379;250
379;251
379;252
379;253
379;254
379;255
379;256
379;257
379;258
379;259
379;260
379;261
379;262
379;263
379;264
379;265
379;266
379;267
379;268
379;269
379;270
379;271
379;272
379;273
379;274
379;275
379;276
379;277
379;278
379;279
379;280
379;281
379;282
379;283
379;284
379;285
379;286
379;287
379;288
379;289
379;290
379;291
379;292
379;293
379;294
379;295
379;296
379;297
379;298
379;299
379;300
379;301
379;302
379;303
379;304
379;305
379;306
379;307
379;308
379;309
379;310
379;311
379;312
379;313
379;314
379;315
379;316
379;317
379;318
379;319
379;320
379;321
379;322
379;323
379;324
379;325
379;326
379;327
379;328
379;329
379;330
379;331
379;332
379;333
379;334
379;335
379;336
379;337
379;338
379;339
379;340
379;341
379;342
379;343
379;344
379;345
379;346
379;347
379;348
379;349
379;350
379;351
379;352
379;353
379;354
379;355
379;356
379;357
379;358
379;359
379;360
379;361
379;362
379;363
379;364
379;365
379;366
379;367
379;368
379;369
379;370
379;371
379;372
379;373
379;374
379;375
379;376
379;377
379;378
379;379
379;380
379;381
379;382
379;383
379;384
379;385
379;386
379;387
379;388
379;389
379;390
379;391
379;392
379;393
379;394
379;395
379;396
379;397
379;398
379;399
379;400
379;401
379;402
379;403
379;404
379;405
379;406
379;407
379;408
379;409
379;410
379;411
379;412
379;413
379;414
379;415
379;674
379;675
379;676
379;677
379;678
379;679
379;680
379;681
379;682
379;683
379;684
379;685
379;686
379;687
379;688
379;689
379;690
379;691
379;692
379;693
379;694
379;695
379;696
379;697
379;698
379;699
379;700
379;701
379;702
379;703
379;704
379;705
379;706
379;707
379;708
379;709
379;710
379;711
379;712
379;713
379;714
379;715
379;716
379;717
379;718
379;719
379;720
379;721
379;722
379;723
379;724
379;725
379;726
379;727
379;728
379;729
379;730
379;731
379;732
379;733
379;734
379;735
379;736
379;737
379;738
379;739
379;740
379;741
379;742
379;743
379;744
379;745
379;746
379;747
379;748
379;749
379;750
379;751
379;752
379;753
379;754
379;755
379;756
379;757
379;758
379;759
379;760
379;761
379;762
379;763
379;764
379;765
379;766
379;767
379;768
379;769
379;770
379;771
379;772
379;773
379;774
379;775
379;776
379;777
379;778
379;779
379;780
379;781
379;782
379;783
379;784
379;785
379;786
379;787
379;788
379;789
379;790
379;791
379;792
379;793
379;794
379;795
379;796
379;797
379;798
379;799
379;800
379;801
379;802
379;803
379;804
379;805
379;806
379;807
379;808
379;809
379;810
379;811
379;812
379;813
379;814
379;815
379;816
379;817
379;818
379;819
379;820
379;821
379;822
379;823
379;824
379;825
379;826
379;827
379;828
379;829
379;830
379;831
379;832
379;833
379;834
379;835
379;836
379;837
379;838
379;839
379;840
379;841
379;842
379;843
379;844
379;845
379;846
379;847
379;848
379;849
379;850
379;851
379;852
379;853
379;854
379;855
379;856
379;857
379;858
379;859
379;860
379;861
379;862
379;863
379;864
379;865
379;866
379;867
379;868
380;225
380;226
380;227
380;228
380;229
380;230
380;231
380;232
380;233
380;234
380;235
380;236
380;237
380;238
380;239
380;240
380;241
380;242
380;243
380;244
380;245
380;246
380;247
380;248
380;249
380;250
380;251
380;252
380;253
380;254
380;255
380;256
380;257
380;258
380;259
380;260
380;261
380;262
380;263
380;264
380;265
380;266
380;267
380;268
380;269
380;270
380;271
380;272
380;273
380;274
380;275
380;276
380;277
380;278
380;279
380;280
380;281
380;282
380;283
380;284
380;285
380;286
380;287
380;288
380;289
380;290
380;291
380;292
380;293
380;294
380;295
380;296
380;297
380;298
380;299
380;300
380;301
380;302
380;303
380;304
380;305
380;306
380;307
380;308
380;309
380;310
380;311
380;312
380;313
380;314
380;315
380;316
380;317
380;318
380;319
380;320
380;321
380;322
380;323
380;324
380;325
380;326
380;327
380;328
380;329
380;330
380;331
380;332
380;333
380;334
380;335
380;336
380;337
380;338
380;339
380;340
380;341
380;342
380;343
380;344
380;345
380;346
380;347
380;348
380;349
380;350
380;351
380;352
380;353
380;354
380;355
380;356
380;357
380;358
380;359
380;360
380;361
380;362
380;363
380;364
380;365
380;366
380;367
380;368
380;369
380;370
380;371
380;372
380;373
380;374
380;375
380;376
380;377
380;378
380;379
380;380
380;381
380;382
380;383
380;384
380;385
380;386
380;387
380;388
380;389
380;390
380;391
380;392
380;393
380;394
380;395
380;396
380;397
380;398
380;399
380;400
380;401
380;402
380;403
380;404
380;405
380;406
380;407
380;408
380;409
380;410
380;411
380;412
380;413
380;414
380;674
380;675
380;676
380;677
380;678
380;679
380;680
380;681
380;682
380;683
380;684
380;685
380;686
380;687
380;688
380;689
380;690
380;691
380;692
380;693
380;694
380;695
380;696
380;697
380;698
380;699
380;700
380;701
380;702
380;703
380;704
380;705
380;706
380;707
380;708
380;709
380;710
380;711
380;712
380;713
380;714
380;715
380;716
380;717
380;718
380;719
380;720
380;721
380;722
380;723
380;724
380;725
380;726
380;727
380;728
380;729
380;730
380;731
380;732
380;733
380;734
380;735
380;736
380;737
380;738
380;739
380;740
380;741
380;742
380;743
380;744
380;745
380;746
380;747
380;748
380;749
380;750
380;751
380;752
380;753
380;754
380;755
380;756
380;757
380;758
380;759
380;760
380;761
380;762
380;763
380;764
380;765
380;766
380;767
380;768
380;769
380;770
380;771
380;772
380;773
380;774
380;775
380;776
380;777
380;778
380;779
380;780
380;781
380;782
380;783
380;784
380;785
380;786
380;787
380;788
380;789
380;790
380;791
380;792
380;793
380;794
380;795
380;796
380;797
380;798
380;799
380;800
380;801
380;802
380;803
380;804
380;805
380;806
380;807
380;808
380;809
380;810
380;811
380;812
380;813
380;814
380;815
380;816
380;817
380;818
380;819
380;820
380;821
380;822
380;823
380;824
380;825
380;826
380;827
380;828
380;829
380;830
380;831
380;832
380;833
380;834
380;835
380;836
380;837
380;838
380;839
380;840
380;841
380;842
380;843
380;844
380;845
380;846
380;847
380;848
380;849
380;850
380;851
380;852
380;853
380;854
380;855
380;856
380;857
380;858
380;859
380;860
380;861
380;862
380;863
380;864
380;865
380;866
380;867
380;868
380;869
381;225
381;226
381;227
381;228
381;229
381;230
381;231
381;232
381;233
381;234
381;235
381;236
381;237
381;238
381;239
381;240
381;241
381;242
381;243
381;244
381;245
381;246
381;247
381;248
381;249
381;250
381;251
381;252
381;253
381;254
381;255
381;256
381;257
381;258
381;259
381;260
381;261
381;262
381;263
381;264
381;265
381;266
381;267
381;268
381;269
381;270
381;271
381;272
381;273
381;274
381;275
381;276
381;277
381;278
381;279
381;280
381;281
381;282
381;283
381;284
381;285
381;286
381;287
381;288
381;289
381;290
381;291
381;292
381;293
381;294
381;295
381;296
381;297
381;298
381;299
381;300
381;301
381;302
381;303
381;304
381;305
381;306
381;307
381;308
381;309
381;310
381;311
381;312
381;313
381;314
381;315
381;316
381;317
381;318
381;319
381;320
381;321
381;322
381;323
381;324
381;325
381;326
381;327
381;328
381;329
381;330
381;331
381;332
381;333
381;334
381;335
381;336
381;337
381;338
381;339
381;340
381;341
381;342
381;343
381;344
381;345
381;346
381;347
381;348
381;349
381;350
381;351
381;352
381;353
381;354
381;355
381;356
381;357
381;358
381;359
381;360
381;361
381;362
381;363
381;364
381;365
381;366
381;367
381;368
381;369
381;370
381;371
381;372
381;373
381;374
381;375
381;376
381;377
381;378
381;379
381;380
381;381
381;382
381;383
381;384
381;385
381;386
381;387
381;388
381;389
381;390
381;391
381;392
381;393
381;394
381;395
381;396
381;397
381;398
381;399
381;400
381;401
381;402
381;403
381;404
381;405
381;406
381;407
381;408
381;409
381;410
381;411
381;412
381;413
381;414
381;675
381;676
381;677
381;678
381;679
381;680
381;681
381;682
381;683
381;684
381;685
381;686
381;687
381;688
381;689
381;690
381;691
381;692
381;693
381;694
381;695
381;696
381;697
381;698
381;699
381;700
381;701
381;702
381;703
381;704
381;705
381;706
381;707
381;708
381;709
381;710
381;711
381;712
381;713
381;714
381;715
381;716
381;717
381;718
381;719
381;720
381;721
381;722
381;723
381;724
381;725
381;726
381;727
381;728
381;729
381;730
381;731
381;732
381;733
381;734
381;735
381;736
381;737
381;738
381;739
381;740
381;741
381;742
381;743
381;744
381;745
381;746
381;747
381;748
381;749
381;750
381;751
381;752
381;753
381;754
381;755
381;756
381;757
381;758
381;759
381;760
381;761
381;762
381;763
381;764
381;765
381;766
381;767
381;768
381;769
381;770
381;771
381;772
381;773
381;774
381;775
381;776
381;777
381;778
381;779
381;780
381;781
381;782
381;783
381;784
381;785
381;786
381;787
381;788
381;789
381;790
381;791
381;792
381;793
381;794
381;795
381;796
381;797
381;798
381;799
381;800
381;801
381;802
381;803
381;804
381;805
381;806
381;807
381;808
381;809
381;810
381;811
381;812
381;813
381;814
381;815
381;816
381;817
381;818
381;819
381;820
381;821
381;822
381;823
381;824
381;825
381;826
381;827
381;828
381;829
381;830
381;831
381;832
381;833
381;834
381;835
381;836
381;837
381;838
381;839
381;840
381;841
381;842
381;843
381;844
381;845
381;846
381;847
381;848
381;849
381;850
381;851
381;852
381;853
381;854
381;855
381;856
381;857
381;858
381;859
381;860
381;861
381;862
381;863
381;864
381;865
381;866
381;867
381;868
381;869
381;870
382;226
382;227
382;228
382;229
382;230
382;231
382;232
382;233
382;234
382;235
382;236
382;237
382;238
382;239
382;240
382;241
382;242
382;243
382;244
382;245
382;246
382;247
382;248
382;249
382;250
382;251
382;252
382;253
382;254
382;255
382;256
382;257
382;258
382;259
382;260
382;261
382;262
382;263
382;264
382;265
382;266
382;267
382;268
382;269
382;270
382;271
382;272
382;273
382;274
382;275
382;276
382;277
382;278
382;279
382;280
382;281
382;282
382;283
382;284
382;285
382;286
382;287
382;288
382;289
382;290
382;291
382;292
382;293
382;294
382;295
382;296
382;297
382;298
382;299
382;300
382;301
382;302
382;303
382;304
382;305
382;306
382;307
382;308
382;309
382;310
382;311
382;312
382;313
382;314
382;315
382;316
382;317
382;318
382;319
382;320
382;321
382;322
382;323
382;324
382;325
382;326
382;327
382;328
382;329
382;330
382;331
382;332
382;333
382;334
382;335
382;336
382;337
382;338
382;339
382;340
382;341
382;342
382;343
382;344
382;345
382;346
382;347
382;348
382;349
382;350
382;351
382;352
382;353
382;354
382;355
382;356
382;357
382;358
382;359
382;360
382;361
382;362
382;363
382;364
382;365
382;366
382;367
382;368
382;369
382;370
382;371
382;372
382;373
382;374
382;375
382;376
382;377
382;378
382;379
382;380
382;381
382;382
382;383
382;384
382;385
382;386
382;387
382;388
382;389
382;390
382;391
382;392
382;393
382;394
382;395
382;396
382;397
382;398
382;399
382;400
382;401
382;402
382;403
382;404
382;405
382;406
382;407
382;408
382;409
382;410
382;411
382;412
382;413
382;414
382;676
382;677
382;678
382;679
382;680
382;681
382;682
382;683
382;684
382;685
382;686
382;687
382;688
382;689
382;690
382;691
382;692
382;693
382;694
382;695
382;696
382;697
382;698
382;699
382;700
382;701
382;702
382;703
382;704
382;705
382;706
382;707
382;708
382;709
382;710
382;711
382;712
382;713
382;714
382;715
382;716
382;717
382;718
382;719
382;720
382;721
382;722
382;723
382;724
382;725
382;726
382;727
382;728
382;729
382;730
382;731
382;732
382;733
382;734
382;735
382;736
382;737
382;738
382;739
382;740
382;741
382;742
382;743
382;744
382;745
382;746
382;747
382;748
382;749
382;750
382;751
382;752
382;753
382;754
382;755
382;756
382;757
382;758
382;759
382;760
382;761
382;762
382;763
382;764
382;765
382;766
382;767
382;768
382;769
382;770
382;771
382;772
382;773
382;774
382;775
382;776
382;777
382;778
382;779
382;780
382;781
382;782
382;783
382;784
382;785
382;786
382;787
382;788
382;789
382;790
382;791
382;792
382;793
382;794
382;795
382;796
382;797
382;798
382;799
382;800
382;801
382;802
382;803
382;804
382;805
382;806
382;807
382;808
382;809
382;810
382;811
382;812
382;813
382;814
382;815
382;816
382;817
382;818
382;819
382;820
382;821
382;822
382;823
382;824
382;825
382;826
382;827
382;828
382;829
382;830
382;831
382;832
382;833
382;834
382;835
382;836
382;837
382;838
382;839
382;840
382;841
382;842
382;843
382;844
382;845
382;846
382;847
382;848
382;849
382;850
382;851
382;852
382;853
382;854
382;855
382;856
382;857
382;858
382;859
382;860
382;861
382;862
382;863
382;864
382;865
382;866
382;867
382;868
382;869
382;870
382;871
383;226
383;227
383;228
383;229
383;230
383;231
383;232
383;233
383;234
383;235
383;236
383;237
383;238
383;239
383;240
383;241
383;242
383;243
383;244
383;245
383;246
383;247
383;248
383;249
383;250
383;251
383;252
383;253
383;254
383;255
383;256
383;257
383;258
383;259
383;260
383;261
383;262
383;263
383;264
383;265
383;266
383;267
383;268
383;269
383;270
383;271
383;272
383;273
383;274
383;275
383;276
383;277
383;278
383;279
383;280
383;281
383;282
383;283
383;284
383;285
383;286
383;287
383;288
383;289
383;290
383;291
383;292
383;293
383;294
383;295
383;296
383;297
383;298
383;299
383;300
383;301
383;302
383;303
383;304
383;305
383;306
383;307
383;308
383;309
383;310
383;311
383;312
383;313
383;314
383;315
383;316
383;317
383;318
383;319
383;320
383;321
383;322
383;323
383;324
383;325
383;326
383;327
383;328
383;329
383;330
383;331
383;332
383;333
383;334
383;335
383;336
383;337
383;338
383;339
383;340
383;341
383;342
383;343
383;344
383;345
383;346
383;347
383;348
383;349
383;350
383;351
383;352
383;353
383;354
383;355
383;356
383;357
383;358
383;359
383;360
383;361
383;362
383;363
383;364
383;365
383;366
383;367
383;368
383;369
383;370
383;371
383;372
383;373
383;374
383;375
383;376
383;377
383;378
383;379
383;380
383;381
383;382
383;383
383;384
383;385
383;386
383;387
383;388
383;389
383;390
383;391
383;392
383;393
383;394
383;395
383;396
383;397
383;398
383;399
383;400
383;401
383;402
383;403
383;404
383;405
383;406
383;407
383;408
383;409
383;410
383;411
383;412
383;413
383;676
383;677
383;678
383;679
383;680
383;681
383;682
383;683
383;684
383;685
383;686
383;687
383;688
383;689
383;690
383;691
383;692
383;693
383;694
383;695
383;696
383;697
383;698
383;699
383;700
383;701
383;702
383;703
383;704
383;705
383;706
383;707
383;708
383;709
383;710
383;711
383;712
383;713
383;714
383;715
383;716
383;717
383;718
383;719
383;720
383;721
383;722
383;723
383;724
383;725
383;726
383;727
383;728
383;729
383;730
383;731
383;732
383;733
383;734
383;735
383;736
383;737
383;738
383;739
383;740
383;741
383;742
383;743
383;744
383;745
383;746
383;747
383;748
383;749
383;750
383;751
383;752
383;753
383;754
383;755
383;756
383;757
383;758
383;759
383;760
383;761
383;762
383;763
383;764
383;765
383;766
383;767
383;768
383;769
383;770
383;771
383;772
383;773
383;774
383;775
383;776
383;777
383;778
383;779
383;780
383;781
383;782
383;783
383;784
383;785
383;786
383;787
383;788
383;789
383;790
383;791
383;792
383;793
383;794
383;795
383;796
383;797
383;798
383;799
383;800
383;801
383;802
383;803
383;804
383;805
383;806
383;807
383;808
383;809
383;810
383;811
383;812
383;813
383;814
383;815
383;816
383;817
383;818
383;819
383;820
383;821
383;822
383;823
383;824
383;825
383;826
383;827
383;828
383;829
383;830
383;831
383;832
383;833
383;834
383;835
383;836
383;837
383;838
383;839
383;840
383;841
383;842
383;843
383;844
383;845
383;846
383;847
383;848
383;849
383;850
383;851
383;852
383;853
383;854
383;855
383;856
383;857
383;858
383;859
383;860
383;861
383;862
383;863
383;864
383;865
383;866
383;867
383;868
383;869
383;870
383;871
384;227
384;228
384;229
384;230
384;231
384;232
384;233
384;234
384;235
384;236
384;237
384;238
384;239
384;240
384;241
384;242
384;243
384;244
384;245
384;246
384;247
384;248
384;249
384;250
384;251
384;252
384;253
384;254
384;255
384;256
384;257
384;258
384;259
384;260
384;261
384;262
384;263
384;264
384;265
384;266
384;267
384;268
384;269
384;270
384;271
384;272
384;273
384;274
384;275
384;276
384;277
384;278
384;279
384;280
384;281
384;282
384;283
384;284
384;285
384;286
384;287
384;288
384;289
384;290
384;291
384;292
384;293
384;294
384;295
384;296
384;297
384;298
384;299
384;300
384;301
384;302
384;303
384;304
384;305
384;306
384;307
384;308
384;309
384;310
384;311
384;312
384;313
384;314
384;315
384;316
384;317
384;318
384;319
384;320
384;321
384;322
384;323
384;324
384;325
384;326
384;327
384;328
384;329
384;330
384;331
384;332
384;333
384;334
384;335
384;336
384;337
384;338
384;339
384;340
384;341
384;342
384;343
384;344
384;345
384;346
384;347
384;348
384;349
384;350
384;351
384;352
384;353
384;354
384;355
384;356
384;357
384;358
384;359
384;360
384;361
384;362
384;363
384;364
384;365
384;366
384;367
384;368
384;369
384;370
384;371
384;372
384;373
384;374
384;375
384;376
384;377
384;378
384;379
384;380
384;381
384;382
384;383
384;384
384;385
384;386
384;387
384;388
384;389
384;390
384;391
384;392
384;393
384;394
384;395
384;396
384;397
384;398
384;399
384;400
384;401
384;402
384;403
384;404
384;405
384;406
384;407
384;408
384;409
384;410
384;411
384;412
384;678
384;679
384;680
384;681
384;682
384;683
384;684
384;685
384;686
384;687
384;688
384;689
384;690
384;691
384;692
384;693
384;694
384;695
384;696
384;697
384;698
384;699
384;700
384;701
384;702
384;703
384;704
384;705
384;706
384;707
384;708
384;709
384;710
384;711
384;712
384;713
384;714
384;715
384;716
384;717
384;718
384;719
384;720
384;721
384;722
384;723
384;724
384;725
384;726
384;727
384;728
384;729
384;730
384;731
384;732
384;733
384;734
384;735
384;736
384;737
384;738
384;739
384;740
384;741
384;742
384;743
384;744
384;745
384;746
384;747
384;748
384;749
384;750
384;751
384;752
384;753
384;754
384;755
384;756
384;757
384;758
384;759
384;760
384;761
384;762
384;763
384;764
384;765
384;766
384;767
384;768
384;769
384;770
384;771
384;772
384;773
384;774
384;775
384;776
384;777
384;778
384;779
384;780
384;781
384;782
384;783
384;784
384;785
384;786
384;787
384;788
384;789
384;790
384;791
384;792
384;793
384;794
384;795
384;796
384;797
384;798
384;799
384;800
384;801
384;802
384;803
384;804
384;805
384;806
384;807
384;808
384;809
384;810
384;811
384;812
384;813
384;814
384;815
384;816
384;817
384;818
384;819
384;820
384;821
384;822
384;823
384;824
384;825
384;826
384;827
384;828
384;829
384;830
384;831
384;832
384;833
384;834
384;835
384;836
384;837
384;838
384;839
384;840
384;841
384;842
384;843
384;844
384;845
384;846
384;847
384;848
384;849
384;850
384;851
384;852
384;853
384;854
384;855
384;856
384;857
384;858
384;859
384;860
384;861
384;862
384;863
384;864
384;865
384;866
384;867
384;868
384;869
384;870
384;871
384;872
385;227
385;228
385;229
385;230
385;231
385;232
385;233
385;234
385;235
385;236
385;237
385;238
385;239
385;240
385;241
385;242
385;243
385;244
385;245
385;246
385;247
385;248
385;249
385;250
385;251
385;252
385;253
385;254
385;255
385;256
385;257
385;258
385;259
385;260
385;261
385;262
385;263
385;264
385;265
385;266
385;267
385;268
385;269
385;270
385;271
385;272
385;273
385;274
385;275
385;276
385;277
385;278
385;279
385;280
385;281
385;282
385;283
385;284
385;285
385;286
385;287
385;288
385;289
385;290
385;291
385;292
385;293
385;294
385;295
385;296
385;297
385;298
385;299
385;300
385;301
385;302
385;303
385;304
385;305
385;306
385;307
385;308
385;309
385;310
385;311
385;312
385;313
385;314
385;315
385;316
385;317
385;318
385;319
385;320
385;321
385;322
385;323
385;324
385;325
385;326
385;327
385;328
385;329
385;330
385;331
385;332
385;333
385;334
385;335
385;336
385;337
385;338
385;339
385;340
385;341
385;342
385;343
385;344
385;345
385;346
385;347
385;348
385;349
385;350
385;351
385;352
385;353
385;354
385;355
385;356
385;357
385;358
385;359
385;360
385;361
385;362
385;363
385;364
385;365
385;366
385;367
385;368
385;369
385;370
385;371
385;372
385;373
385;374
385;375
385;376
385;377
385;378
385;379
385;380
385;381
385;382
385;383
385;384
385;385
385;386
385;387
385;388
385;389
385;390
385;391
385;392
385;393
385;394
385;395
385;396
385;397
385;398
385;399
385;400
385;401
385;402
385;403
385;404
385;405
385;406
385;407
385;408
385;409
385;410
385;411
385;412
385;678
385;679
385;680
385;681
385;682
385;683
385;684
385;685
385;686
385;687
385;688
385;689
385;690
385;691
385;692
385;693
385;694
385;695
385;696
385;697
385;698
385;699
385;700
385;701
385;702
385;703
385;704
385;705
385;706
385;707
385;708
385;709
385;710
385;711
385;712
385;713
385;714
385;715
385;716
385;717
385;718
385;719
385;720
385;721
385;722
385;723
385;724
385;725
385;726
385;727
385;728
385;729
385;730
385;731
385;732
385;733
385;734
385;735
385;736
385;737
385;738
385;739
385;740
385;741
385;742
385;743
385;744
385;745
385;746
385;747
385;748
385;749
385;750
385;751
385;752
385;753
385;754
385;755
385;756
385;757
385;758
385;759
385;760
385;761
385;762
385;763
385;764
385;765
385;766
385;767
385;768
385;769
385;770
385;771
385;772
385;773
385;774
385;775
385;776
385;777
385;778
385;779
385;780
385;781
385;782
385;783
385;784
385;785
385;786
385;787
385;788
385;789
385;790
385;791
385;792
385;793
385;794
385;795
385;796
385;797
385;798
385;799
385;800
385;801
385;802
385;803
385;804
385;805
385;806
385;807
385;808
385;809
385;810
385;811
385;812
385;813
385;814
385;815
385;816
385;817
385;818
385;819
385;820
385;821
385;822
385;823
385;824
385;825
385;826
385;827
385;828
385;829
385;830
385;831
385;832
385;833
385;834
385;835
385;836
385;837
385;838
385;839
385;840
385;841
385;842
385;843
385;844
385;845
385;846
385;847
385;848
385;849
385;850
385;851
385;852
385;853
385;854
385;855
385;856
385;857
385;858
385;859
385;860
385;861
385;862
385;863
385;864
385;865
385;866
385;867
385;868
385;869
385;870
385;871
385;872
385;873
386;228
386;229
386;230
386;231
386;232
386;233
386;234
386;235
386;236
386;237
386;238
386;239
386;240
386;241
386;242
386;243
386;244
386;245
386;246
386;247
386;248
386;249
386;250
386;251
386;252
386;253
386;254
386;255
386;256
386;257
386;258
386;259
386;260
386;261
386;262
386;263
386;264
386;265
386;266
386;267
386;268
386;269
386;270
386;271
386;272
386;273
386;274
386;275
386;276
386;277
386;278
386;279
386;280
386;281
386;282
386;283
386;284
386;285
386;286
386;287
386;288
386;289
386;290
386;291
386;292
386;293
386;294
386;295
386;296
386;297
386;298
386;299
386;300
386;301
386;302
386;303
386;304
386;305
386;306
386;307
386;308
386;309
386;310
386;311
386;312
386;313
386;314
386;315
386;316
386;317
386;318
386;319
386;320
386;321
386;322
386;323
386;324
386;325
386;326
386;327
386;328
386;329
386;330
386;331
386;332
386;333
386;334
386;335
386;336
386;337
386;338
386;339
386;340
386;341
386;342
386;343
386;344
386;345
386;346
386;347
386;348
386;349
386;350
386;351
386;352
386;353
386;354
386;355
386;356
386;357
386;358
386;359
386;360
386;361
386;362
386;363
386;364
386;365
386;366
386;367
386;368
386;369
386;370
386;371
386;372
386;373
386;374
386;375
386;376
386;377
386;378
386;379
386;380
386;381
386;382
386;383
386;384
386;385
386;386
386;387
386;388
386;389
386;390
386;391
386;392
386;393
386;394
386;395
386;396
386;397
386;398
386;399
386;400
386;401
386;402
386;403
386;404
386;405
386;406
386;407
386;408
386;409
386;410
386;411
386;679
386;680
386;681
386;682
386;683
386;684
386;685
386;686
386;687
386;688
386;689
386;690
386;691
386;692
386;693
386;694
386;695
386;696
386;697
386;698
386;699
386;700
386;701
386;702
386;703
386;704
386;705
386;706
386;707
386;708
386;709
386;710
386;711
386;712
386;713
386;714
386;715
386;716
386;717
386;718
386;719
386;720
386;721
386;722
386;723
386;724
386;725
386;726
386;727
386;728
386;729
386;730
386;731
386;732
386;733
386;734
386;735
386;736
386;737
386;738
386;739
386;740
386;741
386;742
386;743
386;744
386;745
386;746
386;747
386;748
386;749
386;750
386;751
386;752
386;753
386;754
386;755
386;756
386;757
386;758
386;759
386;760
386;761
386;762
386;763
386;764
386;765
386;766
386;767
386;768
386;769
386;770
386;771
386;772
386;773
386;774
386;775
386;776
386;777
386;778
386;779
386;780
386;781
386;782
386;783
386;784
386;785
386;786
386;787
386;788
386;789
386;790
386;791
386;792
386;793
386;794
386;795
386;796
386;797
386;798
386;799
386;800
386;801
386;802
386;803
386;804
386;805
386;806
386;807
386;808
386;809
386;810
386;811
386;812
386;813
386;814
386;815
386;816
386;817
386;818
386;819
386;820
386;821
386;822
386;823
386;824
386;825
386;826
386;827
386;828
386;829
386;830
386;831
386;832
386;833
386;834
386;835
386;836
386;837
386;838
386;839
386;840
386;841
386;842
386;843
386;844
386;845
386;846
386;847
386;848
386;849
386;850
386;851
386;852
386;853
386;854
386;855
386;856
386;857
386;858
386;859
386;860
386;861
386;862
386;863
386;864
386;865
386;866
386;867
386;868
386;869
386;870
386;871
386;872
386;873
387;228
387;229
387;230
387;231
387;232
387;233
387;234
387;235
387;236
387;237
387;238
387;239
387;240
387;241
387;242
387;243
387;244
387;245
387;246
387;247
387;248
387;249
387;250
387;251
387;252
387;253
387;254
387;255
387;256
387;257
387;258
387;259
387;260
387;261
387;262
387;263
387;264
387;265
387;266
387;267
387;268
387;269
387;270
387;271
387;272
387;273
387;274
387;275
387;276
387;277
387;278
387;279
387;280
387;281
387;282
387;283
387;284
387;285
387;286
387;287
387;288
387;289
387;290
387;291
387;292
387;293
387;294
387;295
387;296
387;297
387;298
387;299
387;300
387;301
387;302
387;303
387;304
387;305
387;306
387;307
387;308
387;309
387;310
387;311
387;312
387;313
387;314
387;315
387;316
387;317
387;318
387;319
387;320
387;321
387;322
387;323
387;324
387;325
387;326
387;327
387;328
387;329
387;330
387;331
387;332
387;333
387;334
387;335
387;336
387;337
387;338
387;339
387;340
387;341
387;342
387;343
387;344
387;345
387;346
387;347
387;348
387;349
387;350
387;351
387;352
387;353
387;354
387;355
387;356
387;357
387;358
387;359
387;360
387;361
387;362
387;363
387;364
387;365
387;366
387;367
387;368
387;369
387;370
387;371
387;372
387;373
387;374
387;375
387;376
387;377
387;378
387;379
387;380
387;381
387;382
387;383
387;384
387;385
387;386
387;387
387;388
387;389
387;390
387;391
387;392
387;393
387;394
387;395
387;396
387;397
387;398
387;399
387;400
387;401
387;402
387;403
387;404
387;405
387;406
387;407
387;408
387;409
387;410
387;411
387;680
387;681
387;682
387;683
387;684
387;685
387;686
387;687
387;688
387;689
387;690
387;691
387;692
387;693
387;694
387;695
387;696
387;697
387;698
387;699
387;700
387;701
387;702
387;703
387;704
387;705
387;706
387;707
387;708
387;709
387;710
387;711
387;712
387;713
387;714
387;715
387;716
387;717
387;718
387;719
387;720
387;721
387;722
387;723
387;724
387;725
387;726
387;727
387;728
387;729
387;730
387;731
387;732
387;733
387;734
387;735
387;736
387;737
387;738
387;739
387;740
387;741
387;742
387;743
387;744
387;745
387;746
387;747
387;748
387;749
387;750
387;751
387;752
387;753
387;754
387;755
387;756
387;757
387;758
387;759
387;760
387;761
387;762
387;763
387;764
387;765
387;766
387;767
387;768
387;769
387;770
387;771
387;772
387;773
387;774
387;775
387;776
387;777
387;778
387;779
387;780
387;781
387;782
387;783
387;784
387;785
387;786
387;787
387;788
387;789
387;790
387;791
387;792
387;793
387;794
387;795
387;796
387;797
387;798
387;799
387;800
387;801
387;802
387;803
387;804
387;805
387;806
387;807
387;808
387;809
387;810
387;811
387;812
387;813
387;814
387;815
387;816
387;817
387;818
387;819
387;820
387;821
387;822
387;823
387;824
387;825
387;826
387;827
387;828
387;829
387;830
387;831
387;832
387;833
387;834
387;835
387;836
387;837
387;838
387;839
387;840
387;841
387;842
387;843
387;844
387;845
387;846
387;847
387;848
387;849
387;850
387;851
387;852
387;853
387;854
387;855
387;856
387;857
387;858
387;859
387;860
387;861
387;862
387;863
387;864
387;865
387;866
387;867
387;868
387;869
387;870
387;871
387;872
387;873
387;874
388;229
388;230
388;231
388;232
388;233
388;234
388;235
388;236
388;237
388;238
388;239
388;240
388;241
388;242
388;243
388;244
388;245
388;246
388;247
388;248
388;249
388;250
388;251
388;252
388;253
388;254
388;255
388;256
388;257
388;258
388;259
388;260
388;261
388;262
388;263
388;264
388;265
388;266
388;267
388;268
388;269
388;270
388;271
388;272
388;273
388;274
388;275
388;276
388;277
388;278
388;279
388;280
388;281
388;282
388;283
388;284
388;285
388;286
388;287
388;288
388;289
388;290
388;291
388;292
388;293
388;294
388;295
388;296
388;297
388;298
388;299
388;300
388;301
388;302
388;303
388;304
388;305
388;306
388;307
388;308
388;309
388;310
388;311
388;312
388;313
388;314
388;315
388;316
388;317
388;318
388;319
388;320
388;321
388;322
388;323
388;324
388;325
388;326
388;327
388;328
388;329
388;330
388;331
388;332
388;333
388;334
388;335
388;336
388;337
388;338
388;339
388;340
388;341
388;342
388;343
388;344
388;345
388;346
388;347
388;348
388;349
388;350
388;351
388;352
388;353
388;354
388;355
388;356
388;357
388;358
388;359
388;360
388;361
388;362
388;363
388;364
388;365
388;366
388;367
388;368
388;369
388;370
388;371
388;372
388;373
388;374
388;375
388;376
388;377
388;378
388;379
388;380
388;381
388;382
388;383
388;384
388;385
388;386
388;387
388;388
388;389
388;390
388;391
388;392
388;393
388;394
388;395
388;396
388;397
388;398
388;399
388;400
388;401
388;402
388;403
388;404
388;405
388;406
388;407
388;408
388;409
388;410
388;680
388;681
388;682
388;683
388;684
388;685
388;686
388;687
388;688
388;689
388;690
388;691
388;692
388;693
388;694
388;695
388;696
388;697
388;698
388;699
388;700
388;701
388;702
388;703
388;704
388;705
388;706
388;707
388;708
388;709
388;710
388;711
388;712
388;713
388;714
388;715
388;716
388;717
388;718
388;719
388;720
388;721
388;722
388;723
388;724
388;725
388;726
388;727
388;728
388;729
388;730
388;731
388;732
388;733
388;734
388;735
388;736
388;737
388;738
388;739
388;740
388;741
388;742
388;743
388;744
388;745
388;746
388;747
388;748
388;749
388;750
388;751
388;752
388;753
388;754
388;755
388;756
388;757
388;758
388;759
388;760
388;761
388;762
388;763
388;764
388;765
388;766
388;767
388;768
388;769
388;770
388;771
388;772
388;773
388;774
388;775
388;776
388;777
388;778
388;779
388;780
388;781
388;782
388;783
388;784
388;785
388;786
388;787
388;788
388;789
388;790
388;791
388;792
388;793
388;794
388;795
388;796
388;797
388;798
388;799
388;800
388;801
388;802
388;803
388;804
388;805
388;806
388;807
388;808
388;809
388;810
388;811
388;812
388;813
388;814
388;815
388;816
388;817
388;818
388;819
388;820
388;821
388;822
388;823
388;824
388;825
388;826
388;827
388;828
388;829
388;830
388;831
388;832
388;833
388;834
388;835
388;836
388;837
388;838
388;839
388;840
388;841
388;842
388;843
388;844
388;845
388;846
388;847
388;848
388;849
388;850
388;851
388;852
388;853
388;854
388;855
388;856
388;857
388;858
388;859
388;860
388;861
388;862
388;863
388;864
388;865
388;866
388;867
388;868
388;869
388;870
388;871
388;872
388;873
388;874
388;875
389;230
389;231
389;232
389;233
389;234
389;235
389;236
389;237
389;238
389;239
389;240
389;241
389;242
389;243
389;244
389;245
389;246
389;247
389;248
389;249
389;250
389;251
389;252
389;253
389;254
389;255
389;256
389;257
389;258
389;259
389;260
389;261
389;262
389;263
389;264
389;265
389;266
389;267
389;268
389;269
389;270
389;271
389;272
389;273
389;274
389;275
389;276
389;277
389;278
389;279
389;280
389;281
389;282
389;283
389;284
389;285
389;286
389;287
389;288
389;289
389;290
389;291
389;292
389;293
389;294
389;295
389;296
389;297
389;298
389;299
389;300
389;301
389;302
389;303
389;304
389;305
389;306
389;307
389;308
389;309
389;310
389;311
389;312
389;313
389;314
389;315
389;316
389;317
389;318
389;319
389;320
389;321
389;322
389;323
389;324
389;325
389;326
389;327
389;328
389;329
389;330
389;331
389;332
389;333
389;334
389;335
389;336
389;337
389;338
389;339
389;340
389;341
389;342
389;343
389;344
389;345
389;346
389;347
389;348
389;349
389;350
389;351
389;352
389;353
389;354
389;355
389;356
389;357
389;358
389;359
389;360
389;361
389;362
389;363
389;364
389;365
389;366
389;367
389;368
389;369
389;370
389;371
389;372
389;373
389;374
389;375
389;376
389;377
389;378
389;379
389;380
389;381
389;382
389;383
389;384
389;385
389;386
389;387
389;388
389;389
389;390
389;391
389;392
389;393
389;394
389;395
389;396
389;397
389;398
389;399
389;400
389;401
389;402
389;403
389;404
389;405
389;406
389;407
389;408
389;409
389;410
389;681
389;682
389;683
389;684
389;685
389;686
389;687
389;688
389;689
389;690
389;691
389;692
389;693
389;694
389;695
389;696
389;697
389;698
389;699
389;700
389;701
389;702
389;703
389;704
389;705
389;706
389;707
389;708
389;709
389;710
389;711
389;712
389;713
389;714
389;715
389;716
389;717
389;718
389;719
389;720
389;721
389;722
389;723
389;724
389;725
389;726
389;727
389;728
389;729
389;730
389;731
389;732
389;733
389;734
389;735
389;736
389;737
389;738
389;739
389;740
389;741
389;742
389;743
389;744
389;745
389;746
389;747
389;748
389;749
389;750
389;751
389;752
389;753
389;754
389;755
389;756
389;757
389;758
389;759
389;760
389;761
389;762
389;763
389;764
389;765
389;766
389;767
389;768
389;769
389;770
389;771
389;772
389;773
389;774
389;775
389;776
389;777
389;778
389;779
389;780
389;781
389;782
389;783
389;784
389;785
389;786
389;787
389;788
389;789
389;790
389;791
389;792
389;793
389;794
389;795
389;796
389;797
389;798
389;799
389;800
389;801
389;802
389;803
389;804
389;805
389;806
389;807
389;808
389;809
389;810
389;811
389;812
389;813
389;814
389;815
389;816
389;817
389;818
389;819
389;820
389;821
389;822
389;823
389;824
389;825
389;826
389;827
389;828
389;829
389;830
389;831
389;832
389;833
389;834
389;835
389;836
389;837
389;838
389;839
389;840
389;841
389;842
389;843
389;844
389;845
389;846
389;847
389;848
389;849
389;850
389;851
389;852
389;853
389;854
389;855
389;856
389;857
389;858
389;859
389;860
389;861
389;862
389;863
389;864
389;865
389;866
389;867
389;868
389;869
389;870
389;871
389;872
389;873
389;874
389;875
390;230
390;231
390;232
390;233
390;234
390;235
390;236
390;237
390;238
390;239
390;240
390;241
390;242
390;243
390;244
390;245
390;246
390;247
390;248
390;249
390;250
390;251
390;252
390;253
390;254
390;255
390;256
390;257
390;258
390;259
390;260
390;261
390;262
390;263
390;264
390;265
390;266
390;267
390;268
390;269
390;270
390;271
390;272
390;273
390;274
390;275
390;276
390;277
390;278
390;279
390;280
390;281
390;282
390;283
390;284
390;285
390;286
390;287
390;288
390;289
390;290
390;291
390;292
390;293
390;294
390;295
390;296
390;297
390;298
390;299
390;300
390;301
390;302
390;303
390;304
390;305
390;306
390;307
390;308
390;309
390;310
390;311
390;312
390;313
390;314
390;315
390;316
390;317
390;318
390;319
390;320
390;321
390;322
390;323
390;324
390;325
390;326
390;327
390;328
390;329
390;330
390;331
390;332
390;333
390;334
390;335
390;336
390;337
390;338
390;339
390;340
390;341
390;342
390;343
390;344
390;345
390;346
390;347
390;348
390;349
390;350
390;351
390;352
390;353
390;354
390;355
390;356
390;357
390;358
390;359
390;360
390;361
390;362
390;363
390;364
390;365
390;366
390;367
390;368
390;369
390;370
390;371
390;372
390;373
390;374
390;375
390;376
390;377
390;378
390;379
390;380
390;381
390;382
390;383
390;384
390;385
390;386
390;387
390;388
390;389
390;390
390;391
390;392
390;393
390;394
390;395
390;396
390;397
390;398
390;399
390;400
390;401
390;402
390;403
390;404
390;405
390;406
390;407
390;408
390;409
390;682
390;683
390;684
390;685
390;686
390;687
390;688
390;689
390;690
390;691
390;692
390;693
390;694
390;695
390;696
390;697
390;698
390;699
390;700
390;701
390;702
390;703
390;704
390;705
390;706
390;707
390;708
390;709
390;710
390;711
390;712
390;713
390;714
390;715
390;716
390;717
390;718
390;719
390;720
390;721
390;722
390;723
390;724
390;725
390;726
390;727
390;728
390;729
390;730
390;731
390;732
390;733
390;734
390;735
390;736
390;737
390;738
390;739
390;740
390;741
390;742
390;743
390;744
390;745
390;746
390;747
390;748
390;749
390;750
390;751
390;752
390;753
390;754
390;755
390;756
390;757
390;758
390;759
390;760
390;761
390;762
390;763
390;764
390;765
390;766
390;767
390;768
390;769
390;770
390;771
390;772
390;773
390;774
390;775
390;776
390;777
390;778
390;779
390;780
390;781
390;782
390;783
390;784
390;785
390;786
390;787
390;788
390;789
390;790
390;791
390;792
390;793
390;794
390;795
390;796
390;797
390;798
390;799
390;800
390;801
390;802
390;803
390;804
390;805
390;806
390;807
390;808
390;809
390;810
390;811
390;812
390;813
390;814
390;815
390;816
390;817
390;818
390;819
390;820
390;821
390;822
390;823
390;824
390;825
390;826
390;827
390;828
390;829
390;830
390;831
390;832
390;833
390;834
390;835
390;836
390;837
390;838
390;839
390;840
390;841
390;842
390;843
390;844
390;845
390;846
390;847
390;848
390;849
390;850
390;851
390;852
390;853
390;854
390;855
390;856
390;857
390;858
390;859
390;860
390;861
390;862
390;863
390;864
390;865
390;866
390;867
390;868
390;869
390;870
390;871
390;872
390;873
390;874
390;875
390;876
391;231
391;232
391;233
391;234
391;235
391;236
391;237
391;238
391;239
391;240
391;241
391;242
391;243
391;244
391;245
391;246
391;247
391;248
391;249
391;250
391;251
391;252
391;253
391;254
391;255
391;256
391;257
391;258
391;259
391;260
391;261
391;262
391;263
391;264
391;265
391;266
391;267
391;268
391;269
391;270
391;271
391;272
391;273
391;274
391;275
391;276
391;277
391;278
391;279
391;280
391;281
391;282
391;283
391;284
391;285
391;286
391;287
391;288
391;289
391;290
391;291
391;292
391;293
391;294
391;295
391;296
391;297
391;298
391;299
391;300
391;301
391;302
391;303
391;304
391;305
391;306
391;307
391;308
391;309
391;310
391;311
391;312
391;313
391;314
391;315
391;316
391;317
391;318
391;319
391;320
391;321
391;322
391;323
391;324
391;325
391;326
391;327
391;328
391;329
391;330
391;331
391;332
391;333
391;334
391;335
391;336
391;337
391;338
391;339
391;340
391;341
391;342
391;343
391;344
391;345
391;346
391;347
391;348
391;349
391;350
391;351
391;352
391;353
391;354
391;355
391;356
391;357
391;358
391;359
391;360
391;361
391;362
391;363
391;364
391;365
391;366
391;367
391;368
391;369
391;370
391;371
391;372
391;373
391;374
391;375
391;376
391;377
391;378
391;379
391;380
391;381
391;382
391;383
391;384
391;385
391;386
391;387
391;388
391;389
391;390
391;391
391;392
391;393
391;394
391;395
391;396
391;397
391;398
391;399
391;400
391;401
391;402
391;403
391;404
391;405
391;406
391;407
391;408
391;682
391;683
391;684
391;685
391;686
391;687
391;688
391;689
391;690
391;691
391;692
391;693
391;694
391;695
391;696
391;697
391;698
391;699
391;700
391;701
391;702
391;703
391;704
391;705
391;706
391;707
391;708
391;709
391;710
391;711
391;712
391;713
391;714
391;715
391;716
391;717
391;718
391;719
391;720
391;721
391;722
391;723
391;724
391;725
391;726
391;727
391;728
391;729
391;730
391;731
391;732
391;733
391;734
391;735
391;736
391;737
391;738
391;739
391;740
391;741
391;742
391;743
391;744
391;745
391;746
391;747
391;748
391;749
391;750
391;751
391;752
391;753
391;754
391;755
391;756
391;757
391;758
391;759
391;760
391;761
391;762
391;763
391;764
391;765
391;766
391;767
391;768
391;769
391;770
391;771
391;772
391;773
391;774
391;775
391;776
391;777
391;778
391;779
391;780
391;781
391;782
391;783
391;784
391;785
391;786
391;787
391;788
391;789
391;790
391;791
391;792
391;793
391;794
391;795
391;796
391;797
391;798
391;799
391;800
391;801
391;802
391;803
391;804
391;805
391;806
391;807
391;808
391;809
391;810
391;811
391;812
391;813
391;814
391;815
391;816
391;817
391;818
391;819
391;820
391;821
391;822
391;823
391;824
391;825
391;826
391;827
391;828
391;829
391;830
391;831
391;832
391;833
391;834
391;835
391;836
391;837
391;838
391;839
391;840
391;841
391;842
391;843
391;844
391;845
391;846
391;847
391;848
391;849
391;850
391;851
391;852
391;853
391;854
391;855
391;856
391;857
391;858
391;859
391;860
391;861
391;862
391;863
391;864
391;865
391;866
391;867
391;868
391;869
391;870
391;871
391;872
391;873
391;874
391;875
391;876
391;877
392;232
392;233
392;234
392;235
392;236
392;237
392;238
392;239
392;240
392;241
392;242
392;243
392;244
392;245
392;246
392;247
392;248
392;249
392;250
392;251
392;252
392;253
392;254
392;255
392;256
392;257
392;258
392;259
392;260
392;261
392;262
392;263
392;264
392;265
392;266
392;267
392;268
392;269
392;270
392;271
392;272
392;273
392;274
392;275
392;276
392;277
392;278
392;279
392;280
392;281
392;282
392;283
392;284
392;285
392;286
392;287
392;288
392;289
392;290
392;291
392;292
392;293
392;294
392;295
392;296
392;297
392;298
392;299
392;300
392;301
392;302
392;303
392;304
392;305
392;306
392;307
392;308
392;309
392;310
392;311
392;312
392;313
392;314
392;315
392;316
392;317
392;318
392;319
392;320
392;321
392;322
392;323
392;324
392;325
392;326
392;327
392;328
392;329
392;330
392;331
392;332
392;333
392;334
392;335
392;336
392;337
392;338
392;339
392;340
392;341
392;342
392;343
392;344
392;345
392;346
392;347
392;348
392;349
392;350
392;351
392;352
392;353
392;354
392;355
392;356
392;357
392;358
392;359
392;360
392;361
392;362
392;363
392;364
392;365
392;366
392;367
392;368
392;369
392;370
392;371
392;372
392;373
392;374
392;375
392;376
392;377
392;378
392;379
392;380
392;381
392;382
392;383
392;384
392;385
392;386
392;387
392;388
392;389
392;390
392;391
392;392
392;393
392;394
392;395
392;396
392;397
392;398
392;399
392;400
392;401
392;402
392;403
392;404
392;405
392;406
392;407
392;408
392;683
392;684
392;685
392;686
392;687
392;688
392;689
392;690
392;691
392;692
392;693
392;694
392;695
392;696
392;697
392;698
392;699
392;700
392;701
392;702
392;703
392;704
392;705
392;706
392;707
392;708
392;709
392;710
392;711
392;712
392;713
392;714
392;715
392;716
392;717
392;718
392;719
392;720
392;721
392;722
392;723
392;724
392;725
392;726
392;727
392;728
392;729
392;730
392;731
392;732
392;733
392;734
392;735
392;736
392;737
392;738
392;739
392;740
392;741
392;742
392;743
392;744
392;745
392;746
392;747
392;748
392;749
392;750
392;751
392;752
392;753
392;754
392;755
392;756
392;757
392;758
392;759
392;760
392;761
392;762
392;763
392;764
392;765
392;766
392;767
392;768
392;769
392;770
392;771
392;772
392;773
392;774
392;775
392;776
392;777
392;778
392;779
392;780
392;781
392;782
392;783
392;784
392;785
392;786
392;787
392;788
392;789
392;790
392;791
392;792
392;793
392;794
392;795
392;796
392;797
392;798
392;799
392;800
392;801
392;802
392;803
392;804
392;805
392;806
392;807
392;808
392;809
392;810
392;811
392;812
392;813
392;814
392;815
392;816
392;817
392;818
392;819
392;820
392;821
392;822
392;823
392;824
392;825
392;826
392;827
392;828
392;829
392;830
392;831
392;832
392;833
392;834
392;835
392;836
392;837
392;838
392;839
392;840
392;841
392;842
392;843
392;844
392;845
392;846
392;847
392;848
392;849
392;850
392;851
392;852
392;853
392;854
392;855
392;856
392;857
392;858
392;859
392;860
392;861
392;862
392;863
392;864
392;865
392;866
392;867
392;868
392;869
392;870
392;871
392;872
392;873
392;874
392;875
392;876
392;877
393;232
393;233
393;234
393;235
393;236
393;237
393;238
393;239
393;240
393;241
393;242
393;243
393;244
393;245
393;246
393;247
393;248
393;249
393;250
393;251
393;252
393;253
393;254
393;255
393;256
393;257
393;258
393;259
393;260
393;261
393;262
393;263
393;264
393;265
393;266
393;267
393;268
393;269
393;270
393;271
393;272
393;273
393;274
393;275
393;276
393;277
393;278
393;279
393;280
393;281
393;282
393;283
393;284
393;285
393;286
393;287
393;288
393;289
393;290
393;291
393;292
393;293
393;294
393;295
393;296
393;297
393;298
393;299
393;300
393;301
393;302
393;303
393;304
393;305
393;306
393;307
393;308
393;309
393;310
393;311
393;312
393;313
393;314
393;315
393;316
393;317
393;318
393;319
393;320
393;321
393;322
393;323
393;324
393;325
393;326
393;327
393;328
393;329
393;330
393;331
393;332
393;333
393;334
393;335
393;336
393;337
393;338
393;339
393;340
393;341
393;342
393;343
393;344
393;345
393;346
393;347
393;348
393;349
393;350
393;351
393;352
393;353
393;354
393;355
393;356
393;357
393;358
393;359
393;360
393;361
393;362
393;363
393;364
393;365
393;366
393;367
393;368
393;369
393;370
393;371
393;372
393;373
393;374
393;375
393;376
393;377
393;378
393;379
393;380
393;381
393;382
393;383
393;384
393;385
393;386
393;387
393;388
393;389
393;390
393;391
393;392
393;393
393;394
393;395
393;396
393;397
393;398
393;399
393;400
393;401
393;402
393;403
393;404
393;405
393;406
393;407
393;684
393;685
393;686
393;687
393;688
393;689
393;690
393;691
393;692
393;693
393;694
393;695
393;696
393;697
393;698
393;699
393;700
393;701
393;702
393;703
393;704
393;705
393;706
393;707
393;708
393;709
393;710
393;711
393;712
393;713
393;714
393;715
393;716
393;717
393;718
393;719
393;720
393;721
393;722
393;723
393;724
393;725
393;726
393;727
393;728
393;729
393;730
393;731
393;732
393;733
393;734
393;735
393;736
393;737
393;738
393;739
393;740
393;741
393;742
393;743
393;744
393;745
393;746
393;747
393;748
393;749
393;750
393;751
393;752
393;753
393;754
393;755
393;756
393;757
393;758
393;759
393;760
393;761
393;762
393;763
393;764
393;765
393;766
393;767
393;768
393;769
393;770
393;771
393;772
393;773
393;774
393;775
393;776
393;777
393;778
393;779
393;780
393;781
393;782
393;783
393;784
393;785
393;786
393;787
393;788
393;789
393;790
393;791
393;792
393;793
393;794
393;795
393;796
393;797
393;798
393;799
393;800
393;801
393;802
393;803
393;804
393;805
393;806
393;807
393;808
393;809
393;810
393;811
393;812
393;813
393;814
393;815
393;816
393;817
393;818
393;819
393;820
393;821
393;822
393;823
393;824
393;825
393;826
393;827
393;828
393;829
393;830
393;831
393;832
393;833
393;834
393;835
393;836
393;837
393;838
393;839
393;840
393;841
393;842
393;843
393;844
393;845
393;846
393;847
393;848
393;849
393;850
393;851
393;852
393;853
393;854
393;855
393;856
393;857
393;858
393;859
393;860
393;861
393;862
393;863
393;864
393;865
393;866
393;867
393;868
393;869
393;870
393;871
393;872
393;873
393;874
393;875
393;876
393;877
393;878
393;879
394;233
394;234
394;235
394;236
394;237
394;238
394;239
394;240
394;241
394;242
394;243
394;244
394;245
394;246
394;247
394;248
394;249
394;250
394;251
394;252
394;253
394;254
394;255
394;256
394;257
394;258
394;259
394;260
394;261
394;262
394;263
394;264
394;265
394;266
394;267
394;268
394;269
394;270
394;271
394;272
394;273
394;274
394;275
394;276
394;277
394;278
394;279
394;280
394;281
394;282
394;283
394;284
394;285
394;286
394;287
394;288
394;289
394;290
394;291
394;292
394;293
394;294
394;295
394;296
394;297
394;298
394;299
394;300
394;301
394;302
394;303
394;304
394;305
394;306
394;307
394;308
394;309
394;310
394;311
394;312
394;313
394;314
394;315
394;316
394;317
394;318
394;319
394;320
394;321
394;322
394;323
394;324
394;325
394;326
394;327
394;328
394;329
394;330
394;331
394;332
394;333
394;334
394;335
394;336
394;337
394;338
394;339
394;340
394;341
394;342
394;343
394;344
394;345
394;346
394;347
394;348
394;349
394;350
394;351
394;352
394;353
394;354
394;355
394;356
394;357
394;358
394;359
394;360
394;361
394;362
394;363
394;364
394;365
394;366
394;367
394;368
394;369
394;370
394;371
394;372
394;373
394;374
394;375
394;376
394;377
394;378
394;379
394;380
394;381
394;382
394;383
394;384
394;385
394;386
394;387
394;388
394;389
394;390
394;391
394;392
394;393
394;394
394;395
394;396
394;397
394;398
394;399
394;400
394;401
394;402
394;403
394;404
394;405
394;406
394;684
394;685
394;686
394;687
394;688
394;689
394;690
394;691
394;692
394;693
394;694
394;695
394;696
394;697
394;698
394;699
394;700
394;701
394;702
394;703
394;704
394;705
394;706
394;707
394;708
394;709
394;710
394;711
394;712
394;713
394;714
394;715
394;716
394;717
394;718
394;719
394;720
394;721
394;722
394;723
394;724
394;725
394;726
394;727
394;728
394;729
394;730
394;731
394;732
394;733
394;734
394;735
394;736
394;737
394;738
394;739
394;740
394;741
394;742
394;743
394;744
394;745
394;746
394;747
394;748
394;749
394;750
394;751
394;752
394;753
394;754
394;755
394;756
394;757
394;758
394;759
394;760
394;761
394;762
394;763
394;764
394;765
394;766
394;767
394;768
394;769
394;770
394;771
394;772
394;773
394;774
394;775
394;776
394;777
394;778
394;779
394;780
394;781
394;782
394;783
394;784
394;785
394;786
394;787
394;788
394;789
394;790
394;791
394;792
394;793
394;794
394;795
394;796
394;797
394;798
394;799
394;800
394;801
394;802
394;803
394;804
394;805
394;806
394;807
394;808
394;809
394;810
394;811
394;812
394;813
394;814
394;815
394;816
394;817
394;818
394;819
394;820
394;821
394;822
394;823
394;824
394;825
394;826
394;827
394;828
394;829
394;830
394;831
394;832
394;833
394;834
394;835
394;836
394;837
394;838
394;839
394;840
394;841
394;842
394;843
394;844
394;845
394;846
394;847
394;848
394;849
394;850
394;851
394;852
394;853
394;854
394;855
394;856
394;857
394;858
394;859
394;860
394;861
394;862
394;863
394;864
394;865
394;866
394;867
394;868
394;869
394;870
394;871
394;872
394;873
394;874
394;875
394;876
394;877
394;878
394;879
395;234
395;235
395;236
395;237
395;238
395;239
395;240
395;241
395;242
395;243
395;244
395;245
395;246
395;247
395;248
395;249
395;250
395;251
395;252
395;253
395;254
395;255
395;256
395;257
395;258
395;259
395;260
395;261
395;262
395;263
395;264
395;265
395;266
395;267
395;268
395;269
395;270
395;271
395;272
395;273
395;274
395;275
395;276
395;277
395;278
395;279
395;280
395;281
395;282
395;283
395;284
395;285
395;286
395;287
395;288
395;289
395;290
395;291
395;292
395;293
395;294
395;295
395;296
395;297
395;298
395;299
395;300
395;301
395;302
395;303
395;304
395;305
395;306
395;307
395;308
395;309
395;310
395;311
395;312
395;313
395;314
395;315
395;316
395;317
395;318
395;319
395;320
395;321
395;322
395;323
395;324
395;325
395;326
395;327
395;328
395;329
395;330
395;331
395;332
395;333
395;334
395;335
395;336
395;337
395;338
395;339
395;340
395;341
395;342
395;343
395;344
395;345
395;346
395;347
395;348
395;349
395;350
395;351
395;352
395;353
395;354
395;355
395;356
395;357
395;358
395;359
395;360
395;361
395;362
395;363
395;364
395;365
395;366
395;367
395;368
395;369
395;370
395;371
395;372
395;373
395;374
395;375
395;376
395;377
395;378
395;379
395;380
395;381
395;382
395;383
395;384
395;385
395;386
395;387
395;388
395;389
395;390
395;391
395;392
395;393
395;394
395;395
395;396
395;397
395;398
395;399
395;400
395;401
395;402
395;403
395;404
395;405
395;406
395;685
395;686
395;687
395;688
395;689
395;690
395;691
395;692
395;693
395;694
395;695
395;696
395;697
395;698
395;699
395;700
395;701
395;702
395;703
395;704
395;705
395;706
395;707
395;708
395;709
395;710
395;711
395;712
395;713
395;714
395;715
395;716
395;717
395;718
395;719
395;720
395;721
395;722
395;723
395;724
395;725
395;726
395;727
395;728
395;729
395;730
395;731
395;732
395;733
395;734
395;735
395;736
395;737
395;738
395;739
395;740
395;741
395;742
395;743
395;744
395;745
395;746
395;747
395;748
395;749
395;750
395;751
395;752
395;753
395;754
395;755
395;756
395;757
395;758
395;759
395;760
395;761
395;762
395;763
395;764
395;765
395;766
395;767
395;768
395;769
395;770
395;771
395;772
395;773
395;774
395;775
395;776
395;777
395;778
395;779
395;780
395;781
395;782
395;783
395;784
395;785
395;786
395;787
395;788
395;789
395;790
395;791
395;792
395;793
395;794
395;795
395;796
395;797
395;798
395;799
395;800
395;801
395;802
395;803
395;804
395;805
395;806
395;807
395;808
395;809
395;810
395;811
395;812
395;813
395;814
395;815
395;816
395;817
395;818
395;819
395;820
395;821
395;822
395;823
395;824
395;825
395;826
395;827
395;828
395;829
395;830
395;831
395;832
395;833
395;834
395;835
395;836
395;837
395;838
395;839
395;840
395;841
395;842
395;843
395;844
395;845
395;846
395;847
395;848
395;849
395;850
395;851
395;852
395;853
395;854
395;855
395;856
395;857
395;858
395;859
395;860
395;861
395;862
395;863
395;864
395;865
395;866
395;867
395;868
395;869
395;870
395;871
395;872
395;873
395;874
395;875
395;876
395;877
395;878
395;879
395;880
396;234
396;235
396;236
396;237
396;238
396;239
396;240
396;241
396;242
396;243
396;244
396;245
396;246
396;247
396;248
396;249
396;250
396;251
396;252
396;253
396;254
396;255
396;256
396;257
396;258
396;259
396;260
396;261
396;262
396;263
396;264
396;265
396;266
396;267
396;268
396;269
396;270
396;271
396;272
396;273
396;274
396;275
396;276
396;277
396;278
396;279
396;280
396;281
396;282
396;283
396;284
396;285
396;286
396;287
396;288
396;289
396;290
396;291
396;292
396;293
396;294
396;295
396;296
396;297
396;298
396;299
396;300
396;301
396;302
396;303
396;304
396;305
396;306
396;307
396;308
396;309
396;310
396;311
396;312
396;313
396;314
396;315
396;316
396;317
396;318
396;319
396;320
396;321
396;322
396;323
396;324
396;325
396;326
396;327
396;328
396;329
396;330
396;331
396;332
396;333
396;334
396;335
396;336
396;337
396;338
396;339
396;340
396;341
396;342
396;343
396;344
396;345
396;346
396;347
396;348
396;349
396;350
396;351
396;352
396;353
396;354
396;355
396;356
396;357
396;358
396;359
396;360
396;361
396;362
396;363
396;364
396;365
396;366
396;367
396;368
396;369
396;370
396;371
396;372
396;373
396;374
396;375
396;376
396;377
396;378
396;379
396;380
396;381
396;382
396;383
396;384
396;385
396;386
396;387
396;388
396;389
396;390
396;391
396;392
396;393
396;394
396;395
396;396
396;397
396;398
396;399
396;400
396;401
396;402
396;403
396;404
396;405
396;686
396;687
396;688
396;689
396;690
396;691
396;692
396;693
396;694
396;695
396;696
396;697
396;698
396;699
396;700
396;701
396;702
396;703
396;704
396;705
396;706
396;707
396;708
396;709
396;710
396;711
396;712
396;713
396;714
396;715
396;716
396;717
396;718
396;719
396;720
396;721
396;722
396;723
396;724
396;725
396;726
396;727
396;728
396;729
396;730
396;731
396;732
396;733
396;734
396;735
396;736
396;737
396;738
396;739
396;740
396;741
396;742
396;743
396;744
396;745
396;746
396;747
396;748
396;749
396;750
396;751
396;752
396;753
396;754
396;755
396;756
396;757
396;758
396;759
396;760
396;761
396;762
396;763
396;764
396;765
396;766
396;767
396;768
396;769
396;770
396;771
396;772
396;773
396;774
396;775
396;776
396;777
396;778
396;779
396;780
396;781
396;782
396;783
396;784
396;785
396;786
396;787
396;788
396;789
396;790
396;791
396;792
396;793
396;794
396;795
396;796
396;797
396;798
396;799
396;800
396;801
396;802
396;803
396;804
396;805
396;806
396;807
396;808
396;809
396;810
396;811
396;812
396;813
396;814
396;815
396;816
396;817
396;818
396;819
396;820
396;821
396;822
396;823
396;824
396;825
396;826
396;827
396;828
396;829
396;830
396;831
396;832
396;833
396;834
396;835
396;836
396;837
396;838
396;839
396;840
396;841
396;842
396;843
396;844
396;845
396;846
396;847
396;848
396;849
396;850
396;851
396;852
396;853
396;854
396;855
396;856
396;857
396;858
396;859
396;860
396;861
396;862
396;863
396;864
396;865
396;866
396;867
396;868
396;869
396;870
396;871
396;872
396;873
396;874
396;875
396;876
396;877
396;878
396;879
396;880
396;881
397;235
397;236
397;237
397;238
397;239
397;240
397;241
397;242
397;243
397;244
397;245
397;246
397;247
397;248
397;249
397;250
397;251
397;252
397;253
397;254
397;255
397;256
397;257
397;258
397;259
397;260
397;261
397;262
397;263
397;264
397;265
397;266
397;267
397;268
397;269
397;270
397;271
397;272
397;273
397;274
397;275
397;276
397;277
397;278
397;279
397;280
397;281
397;282
397;283
397;284
397;285
397;286
397;287
397;288
397;289
397;290
397;291
397;292
397;293
397;294
397;295
397;296
397;297
397;298
397;299
397;300
397;301
397;302
397;303
397;304
397;305
397;306
397;307
397;308
397;309
397;310
397;311
397;312
397;313
397;314
397;315
397;316
397;317
397;318
397;319
397;320
397;321
397;322
397;323
397;324
397;325
397;326
397;327
397;328
397;329
397;330
397;331
397;332
397;333
397;334
397;335
397;336
397;337
397;338
397;339
397;340
397;341
397;342
397;343
397;344
397;345
397;346
397;347
397;348
397;349
397;350
397;351
397;352
397;353
397;354
397;355
397;356
397;357
397;358
397;359
397;360
397;361
397;362
397;363
397;364
397;365
397;366
397;367
397;368
397;369
397;370
397;371
397;372
397;373
397;374
397;375
397;376
397;377
397;378
397;379
397;380
397;381
397;382
397;383
397;384
397;385
397;386
397;387
397;388
397;389
397;390
397;391
397;392
397;393
397;394
397;395
397;396
397;397
397;398
397;399
397;400
397;401
397;402
397;403
397;404
397;686
397;687
397;688
397;689
397;690
397;691
397;692
397;693
397;694
397;695
397;696
397;697
397;698
397;699
397;700
397;701
397;702
397;703
397;704
397;705
397;706
397;707
397;708
397;709
397;710
397;711
397;712
397;713
397;714
397;715
397;716
397;717
397;718
397;719
397;720
397;721
397;722
397;723
397;724
397;725
397;726
397;727
397;728
397;729
397;730
397;731
397;732
397;733
397;734
397;735
397;736
397;737
397;738
397;739
397;740
397;741
397;742
397;743
397;744
397;745
397;746
397;747
397;748
397;749
397;750
397;751
397;752
397;753
397;754
397;755
397;756
397;757
397;758
397;759
397;760
397;761
397;762
397;763
397;764
397;765
397;766
397;767
397;768
397;769
397;770
397;771
397;772
397;773
397;774
397;775
397;776
397;777
397;778
397;779
397;780
397;781
397;782
397;783
397;784
397;785
397;786
397;787
397;788
397;789
397;790
397;791
397;792
397;793
397;794
397;795
397;796
397;797
397;798
397;799
397;800
397;801
397;802
397;803
397;804
397;805
397;806
397;807
397;808
397;809
397;810
397;811
397;812
397;813
397;814
397;815
397;816
397;817
397;818
397;819
397;820
397;821
397;822
397;823
397;824
397;825
397;826
397;827
397;828
397;829
397;830
397;831
397;832
397;833
397;834
397;835
397;836
397;837
397;838
397;839
397;840
397;841
397;842
397;843
397;844
397;845
397;846
397;847
397;848
397;849
397;850
397;851
397;852
397;853
397;854
397;855
397;856
397;857
397;858
397;859
397;860
397;861
397;862
397;863
397;864
397;865
397;866
397;867
397;868
397;869
397;870
397;871
397;872
397;873
397;874
397;875
397;876
397;877
397;878
397;879
397;880
397;881
398;236
398;237
398;238
398;239
398;240
398;241
398;242
398;243
398;244
398;245
398;246
398;247
398;248
398;249
398;250
398;251
398;252
398;253
398;254
398;255
398;256
398;257
398;258
398;259
398;260
398;261
398;262
398;263
398;264
398;265
398;266
398;267
398;268
398;269
398;270
398;271
398;272
398;273
398;274
398;275
398;276
398;277
398;278
398;279
398;280
398;281
398;282
398;283
398;284
398;285
398;286
398;287
398;288
398;289
398;290
398;291
398;292
398;293
398;294
398;295
398;296
398;297
398;298
398;299
398;300
398;301
398;302
398;303
398;304
398;305
398;306
398;307
398;308
398;309
398;310
398;311
398;312
398;313
398;314
398;315
398;316
398;317
398;318
398;319
398;320
398;321
398;322
398;323
398;324
398;325
398;326
398;327
398;328
398;329
398;330
398;331
398;332
398;333
398;334
398;335
398;336
398;337
398;338
398;339
398;340
398;341
398;342
398;343
398;344
398;345
398;346
398;347
398;348
398;349
398;350
398;351
398;352
398;353
398;354
398;355
398;356
398;357
398;358
398;359
398;360
398;361
398;362
398;363
398;364
398;365
398;366
398;367
398;368
398;369
398;370
398;371
398;372
398;373
398;374
398;375
398;376
398;377
398;378
398;379
398;380
398;381
398;382
398;383
398;384
398;385
398;386
398;387
398;388
398;389
398;390
398;391
398;392
398;393
398;394
398;395
398;396
398;397
398;398
398;399
398;400
398;401
398;402
398;403
398;688
398;689
398;690
398;691
398;692
398;693
398;694
398;695
398;696
398;697
398;698
398;699
398;700
398;701
398;702
398;703
398;704
398;705
398;706
398;707
398;708
398;709
398;710
398;711
398;712
398;713
398;714
398;715
398;716
398;717
398;718
398;719
398;720
398;721
398;722
398;723
398;724
398;725
398;726
398;727
398;728
398;729
398;730
398;731
398;732
398;733
398;734
398;735
398;736
398;737
398;738
398;739
398;740
398;741
398;742
398;743
398;744
398;745
398;746
398;747
398;748
398;749
398;750
398;751
398;752
398;753
398;754
398;755
398;756
398;757
398;758
398;759
398;760
398;761
398;762
398;763
398;764
398;765
398;766
398;767
398;768
398;769
398;770
398;771
398;772
398;773
398;774
398;775
398;776
398;777
398;778
398;779
398;780
398;781
398;782
398;783
398;784
398;785
398;786
398;787
398;788
398;789
398;790
398;791
398;792
398;793
398;794
398;795
398;796
398;797
398;798
398;799
398;800
398;801
398;802
398;803
398;804
398;805
398;806
398;807
398;808
398;809
398;810
398;811
398;812
398;813
398;814
398;815
398;816
398;817
398;818
398;819
398;820
398;821
398;822
398;823
398;824
398;825
398;826
398;827
398;828
398;829
398;830
398;831
398;832
398;833
398;834
398;835
398;836
398;837
398;838
398;839
398;840
398;841
398;842
398;843
398;844
398;845
398;846
398;847
398;848
398;849
398;850
398;851
398;852
398;853
398;854
398;855
398;856
398;857
398;858
398;859
398;860
398;861
398;862
398;863
398;864
398;865
398;866
398;867
398;868
398;869
398;870
398;871
398;872
398;873
398;874
398;875
398;876
398;877
398;878
398;879
398;880
398;881
398;882
399;237
399;238
399;239
399;240
399;241
399;242
399;243
399;244
399;245
399;246
399;247
399;248
399;249
399;250
399;251
399;252
399;253
399;254
399;255
399;256
399;257
399;258
399;259
399;260
399;261
399;262
399;263
399;264
399;265
399;266
399;267
399;268
399;269
399;270
399;271
399;272
399;273
399;274
399;275
399;276
399;277
399;278
399;279
399;280
399;281
399;282
399;283
399;284
399;285
399;286
399;287
399;288
399;289
399;290
399;291
399;292
399;293
399;294
399;295
399;296
399;297
399;298
399;299
399;300
399;301
399;302
399;303
399;304
399;305
399;306
399;307
399;308
399;309
399;310
399;311
399;312
399;313
399;314
399;315
399;316
399;317
399;318
399;319
399;320
399;321
399;322
399;323
399;324
399;325
399;326
399;327
399;328
399;329
399;330
399;331
399;332
399;333
399;334
399;335
399;336
399;337
399;338
399;339
399;340
399;341
399;342
399;343
399;344
399;345
399;346
399;347
399;348
399;349
399;350
399;351
399;352
399;353
399;354
399;355
399;356
399;357
399;358
399;359
399;360
399;361
399;362
399;363
399;364
399;365
399;366
399;367
399;368
399;369
399;370
399;371
399;372
399;373
399;374
399;375
399;376
399;377
399;378
399;379
399;380
399;381
399;382
399;383
399;384
399;385
399;386
399;387
399;388
399;389
399;390
399;391
399;392
399;393
399;394
399;395
399;396
399;397
399;398
399;399
399;400
399;401
399;402
399;688
399;689
399;690
399;691
399;692
399;693
399;694
399;695
399;696
399;697
399;698
399;699
399;700
399;701
399;702
399;703
399;704
399;705
399;706
399;707
399;708
399;709
399;710
399;711
399;712
399;713
399;714
399;715
399;716
399;717
399;718
399;719
399;720
399;721
399;722
399;723
399;724
399;725
399;726
399;727
399;728
399;729
399;730
399;731
399;732
399;733
399;734
399;735
399;736
399;737
399;738
399;739
399;740
399;741
399;742
399;743
399;744
399;745
399;746
399;747
399;748
399;749
399;750
399;751
399;752
399;753
399;754
399;755
399;756
399;757
399;758
399;759
399;760
399;761
399;762
399;763
399;764
399;765
399;766
399;767
399;768
399;769
399;770
399;771
399;772
399;773
399;774
399;775
399;776
399;777
399;778
399;779
399;780
399;781
399;782
399;783
399;784
399;785
399;786
399;787
399;788
399;789
399;790
399;791
399;792
399;793
399;794
399;795
399;796
399;797
399;798
399;799
399;800
399;801
399;802
399;803
399;804
399;805
399;806
399;807
399;808
399;809
399;810
399;811
399;812
399;813
399;814
399;815
399;816
399;817
399;818
399;819
399;820
399;821
399;822
399;823
399;824
399;825
399;826
399;827
399;828
399;829
399;830
399;831
399;832
399;833
399;834
399;835
399;836
399;837
399;838
399;839
399;840
399;841
399;842
399;843
399;844
399;845
399;846
399;847
399;848
399;849
399;850
399;851
399;852
399;853
399;854
399;855
399;856
399;857
399;858
399;859
399;860
399;861
399;862
399;863
399;864
399;865
399;866
399;867
399;868
399;869
399;870
399;871
399;872
399;873
399;874
399;875
399;876
399;877
399;878
399;879
399;880
399;881
399;882
399;883
400;238
400;239
400;240
400;241
400;242
400;243
400;244
400;245
400;246
400;247
400;248
400;249
400;250
400;251
400;252
400;253
400;254
400;255
400;256
400;257
400;258
400;259
400;260
400;261
400;262
400;263
400;264
400;265
400;266
400;267
400;268
400;269
400;270
400;271
400;272
400;273
400;274
400;275
400;276
400;277
400;278
400;279
400;280
400;281
400;282
400;283
400;284
400;285
400;286
400;287
400;288
400;289
400;290
400;291
400;292
400;293
400;294
400;295
400;296
400;297
400;298
400;299
400;300
400;301
400;302
400;303
400;304
400;305
400;306
400;307
400;308
400;309
400;310
400;311
400;312
400;313
400;314
400;315
400;316
400;317
400;318
400;319
400;320
400;321
400;322
400;323
400;324
400;325
400;326
400;327
400;328
400;329
400;330
400;331
400;332
400;333
400;334
400;335
400;336
400;337
400;338
400;339
400;340
400;341
400;342
400;343
400;344
400;345
400;346
400;347
400;348
400;349
400;350
400;351
400;352
400;353
400;354
400;355
400;356
400;357
400;358
400;359
400;360
400;361
400;362
400;363
400;364
400;365
400;366
400;367
400;368
400;369
400;370
400;371
400;372
400;373
400;374
400;375
400;376
400;377
400;378
400;379
400;380
400;381
400;382
400;383
400;384
400;385
400;386
400;387
400;388
400;389
400;390
400;391
400;392
400;393
400;394
400;395
400;396
400;397
400;398
400;399
400;400
400;401
400;402
400;689
400;690
400;691
400;692
400;693
400;694
400;695
400;696
400;697
400;698
400;699
400;700
400;701
400;702
400;703
400;704
400;705
400;706
400;707
400;708
400;709
400;710
400;711
400;712
400;713
400;714
400;715
400;716
400;717
400;718
400;719
400;720
400;721
400;722
400;723
400;724
400;725
400;726
400;727
400;728
400;729
400;730
400;731
400;732
400;733
400;734
400;735
400;736
400;737
400;738
400;739
400;740
400;741
400;742
400;743
400;744
400;745
400;746
400;747
400;748
400;749
400;750
400;751
400;752
400;753
400;754
400;755
400;756
400;757
400;758
400;759
400;760
400;761
400;762
400;763
400;764
400;765
400;766
400;767
400;768
400;769
400;770
400;771
400;772
400;773
400;774
400;775
400;776
400;777
400;778
400;779
400;780
400;781
400;782
400;783
400;784
400;785
400;786
400;787
400;788
400;789
400;790
400;791
400;792
400;793
400;794
400;795
400;796
400;797
400;798
400;799
400;800
400;801
400;802
400;803
400;804
400;805
400;806
400;807
400;808
400;809
400;810
400;811
400;812
400;813
400;814
400;815
400;816
400;817
400;818
400;819
400;820
400;821
400;822
400;823
400;824
400;825
400;826
400;827
400;828
400;829
400;830
400;831
400;832
400;833
400;834
400;835
400;836
400;837
400;838
400;839
400;840
400;841
400;842
400;843
400;844
400;845
400;846
400;847
400;848
400;849
400;850
400;851
400;852
400;853
400;854
400;855
400;856
400;857
400;858
400;859
400;860
400;861
400;862
400;863
400;864
400;865
400;866
400;867
400;868
400;869
400;870
400;871
400;872
400;873
400;874
400;875
400;876
400;877
400;878
400;879
400;880
400;881
400;882
400;883
401;238
401;239
401;240
401;241
401;242
401;243
401;244
401;245
401;246
401;247
401;248
401;249
401;250
401;251
401;252
401;253
401;254
401;255
401;256
401;257
401;258
401;259
401;260
401;261
401;262
401;263
401;264
401;265
401;266
401;267
401;268
401;269
401;270
401;271
401;272
401;273
401;274
401;275
401;276
401;277
401;278
401;279
401;280
401;281
401;282
401;283
401;284
401;285
401;286
401;287
401;288
401;289
401;290
401;291
401;292
401;293
401;294
401;295
401;296
401;297
401;298
401;299
401;300
401;301
401;302
401;303
401;304
401;305
401;306
401;307
401;308
401;309
401;310
401;311
401;312
401;313
401;314
401;315
401;316
401;317
401;318
401;319
401;320
401;321
401;322
401;323
401;324
401;325
401;326
401;327
401;328
401;329
401;330
401;331
401;332
401;333
401;334
401;335
401;336
401;337
401;338
401;339
401;340
401;341
401;342
401;343
401;344
401;345
401;346
401;347
401;348
401;349
401;350
401;351
401;352
401;353
401;354
401;355
401;356
401;357
401;358
401;359
401;360
401;361
401;362
401;363
401;364
401;365
401;366
401;367
401;368
401;369
401;370
401;371
401;372
401;373
401;374
401;375
401;376
401;377
401;378
401;379
401;380
401;381
401;382
401;383
401;384
401;385
401;386
401;387
401;388
401;389
401;390
401;391
401;392
401;393
401;394
401;395
401;396
401;397
401;398
401;399
401;400
401;690
401;691
401;692
401;693
401;694
401;695
401;696
401;697
401;698
401;699
401;700
401;701
401;702
401;703
401;704
401;705
401;706
401;707
401;708
401;709
401;710
401;711
401;712
401;713
401;714
401;715
401;716
401;717
401;718
401;719
401;720
401;721
401;722
401;723
401;724
401;725
401;726
401;727
401;728
401;729
401;730
401;731
401;732
401;733
401;734
401;735
401;736
401;737
401;738
401;739
401;740
401;741
401;742
401;743
401;744
401;745
401;746
401;747
401;748
401;749
401;750
401;751
401;752
401;753
401;754
401;755
401;756
401;757
401;758
401;759
401;760
401;761
401;762
401;763
401;764
401;765
401;766
401;767
401;768
401;769
401;770
401;771
401;772
401;773
401;774
401;775
401;776
401;777
401;778
401;779
401;780
401;781
401;782
401;783
401;784
401;785
401;786
401;787
401;788
401;789
401;790
401;791
401;792
401;793
401;794
401;795
401;796
401;797
401;798
401;799
401;800
401;801
401;802
401;803
401;804
401;805
401;806
401;807
401;808
401;809
401;810
401;811
401;812
401;813
401;814
401;815
401;816
401;817
401;818
401;819
401;820
401;821
401;822
401;823
401;824
401;825
401;826
401;827
401;828
401;829
401;830
401;831
401;832
401;833
401;834
401;835
401;836
401;837
401;838
401;839
401;840
401;841
401;842
401;843
401;844
401;845
401;846
401;847
401;848
401;849
401;850
401;851
401;852
401;853
401;854
401;855
401;856
401;857
401;858
401;859
401;860
401;861
401;862
401;863
401;864
401;865
401;866
401;867
401;868
401;869
401;870
401;871
401;872
401;873
401;874
401;875
401;876
401;877
401;878
401;879
401;880
401;881
401;882
401;883
401;884
402;240
402;241
402;242
402;243
402;244
402;245
402;246
402;247
402;248
402;249
402;250
402;251
402;252
402;253
402;254
402;255
402;256
402;257
402;258
402;259
402;260
402;261
402;262
402;263
402;264
402;265
402;266
402;267
402;268
402;269
402;270
402;271
402;272
402;273
402;274
402;275
402;276
402;277
402;278
402;279
402;280
402;281
402;282
402;283
402;284
402;285
402;286
402;287
402;288
402;289
402;290
402;291
402;292
402;293
402;294
402;295
402;296
402;297
402;298
402;299
402;300
402;301
402;302
402;303
402;304
402;305
402;306
402;307
402;308
402;309
402;310
402;311
402;312
402;313
402;314
402;315
402;316
402;317
402;318
402;319
402;320
402;321
402;322
402;323
402;324
402;325
402;326
402;327
402;328
402;329
402;330
402;331
402;332
402;333
402;334
402;335
402;336
402;337
402;338
402;339
402;340
402;341
402;342
402;343
402;344
402;345
402;346
402;347
402;348
402;349
402;350
402;351
402;352
402;353
402;354
402;355
402;356
402;357
402;358
402;359
402;360
402;361
402;362
402;363
402;364
402;365
402;366
402;367
402;368
402;369
402;370
402;371
402;372
402;373
402;374
402;375
402;376
402;377
402;378
402;379
402;380
402;381
402;382
402;383
402;384
402;385
402;386
402;387
402;388
402;389
402;390
402;391
402;392
402;393
402;394
402;395
402;396
402;397
402;398
402;399
402;400
402;690
402;691
402;692
402;693
402;694
402;695
402;696
402;697
402;698
402;699
402;700
402;701
402;702
402;703
402;704
402;705
402;706
402;707
402;708
402;709
402;710
402;711
402;712
402;713
402;714
402;715
402;716
402;717
402;718
402;719
402;720
402;721
402;722
402;723
402;724
402;725
402;726
402;727
402;728
402;729
402;730
402;731
402;732
402;733
402;734
402;735
402;736
402;737
402;738
402;739
402;740
402;741
402;742
402;743
402;744
402;745
402;746
402;747
402;748
402;749
402;750
402;751
402;752
402;753
402;754
402;755
402;756
402;757
402;758
402;759
402;760
402;761
402;762
402;763
402;764
402;765
402;766
402;767
402;768
402;769
402;770
402;771
402;772
402;773
402;774
402;775
402;776
402;777
402;778
402;779
402;780
402;781
402;782
402;783
402;784
402;785
402;786
402;787
402;788
402;789
402;790
402;791
402;792
402;793
402;794
402;795
402;796
402;797
402;798
402;799
402;800
402;801
402;802
402;803
402;804
402;805
402;806
402;807
402;808
402;809
402;810
402;811
402;812
402;813
402;814
402;815
402;816
402;817
402;818
402;819
402;820
402;821
402;822
402;823
402;824
402;825
402;826
402;827
402;828
402;829
402;830
402;831
402;832
402;833
402;834
402;835
402;836
402;837
402;838
402;839
402;840
402;841
402;842
402;843
402;844
402;845
402;846
402;847
402;848
402;849
402;850
402;851
402;852
402;853
402;854
402;855
402;856
402;857
402;858
402;859
402;860
402;861
402;862
402;863
402;864
402;865
402;866
402;867
402;868
402;869
402;870
402;871
402;872
402;873
402;874
402;875
402;876
402;877
402;878
402;879
402;880
402;881
402;882
402;883
402;884
402;885
403;240
403;241
403;242
403;243
403;244
403;245
403;246
403;247
403;248
403;249
403;250
403;251
403;252
403;253
403;254
403;255
403;256
403;257
403;258
403;259
403;260
403;261
403;262
403;263
403;264
403;265
403;266
403;267
403;268
403;269
403;270
403;271
403;272
403;273
403;274
403;275
403;276
403;277
403;278
403;279
403;280
403;281
403;282
403;283
403;284
403;285
403;286
403;287
403;288
403;289
403;290
403;291
403;292
403;293
403;294
403;295
403;296
403;297
403;298
403;299
403;300
403;301
403;302
403;303
403;304
403;305
403;306
403;307
403;308
403;309
403;310
403;311
403;312
403;313
403;314
403;315
403;316
403;317
403;318
403;319
403;320
403;321
403;322
403;323
403;324
403;325
403;326
403;327
403;328
403;329
403;330
403;331
403;332
403;333
403;334
403;335
403;336
403;337
403;338
403;339
403;340
403;341
403;342
403;343
403;344
403;345
403;346
403;347
403;348
403;349
403;350
403;351
403;352
403;353
403;354
403;355
403;356
403;357
403;358
403;359
403;360
403;361
403;362
403;363
403;364
403;365
403;366
403;367
403;368
403;369
403;370
403;371
403;372
403;373
403;374
403;375
403;376
403;377
403;378
403;379
403;380
403;381
403;382
403;383
403;384
403;385
403;386
403;387
403;388
403;389
403;390
403;391
403;392
403;393
403;394
403;395
403;396
403;397
403;398
403;399
403;691
403;692
403;693
403;694
403;695
403;696
403;697
403;698
403;699
403;700
403;701
403;702
403;703
403;704
403;705
403;706
403;707
403;708
403;709
403;710
403;711
403;712
403;713
403;714
403;715
403;716
403;717
403;718
403;719
403;720
403;721
403;722
403;723
403;724
403;725
403;726
403;727
403;728
403;729
403;730
403;731
403;732
403;733
403;734
403;735
403;736
403;737
403;738
403;739
403;740
403;741
403;742
403;743
403;744
403;745
403;746
403;747
403;748
403;749
403;750
403;751
403;752
403;753
403;754
403;755
403;756
403;757
403;758
403;759
403;760
403;761
403;762
403;763
403;764
403;765
403;766
403;767
403;768
403;769
403;770
403;771
403;772
403;773
403;774
403;775
403;776
403;777
403;778
403;779
403;780
403;781
403;782
403;783
403;784
403;785
403;786
403;787
403;788
403;789
403;790
403;791
403;792
403;793
403;794
403;795
403;796
403;797
403;798
403;799
403;800
403;801
403;802
403;803
403;804
403;805
403;806
403;807
403;808
403;809
403;810
403;811
403;812
403;813
403;814
403;815
403;816
403;817
403;818
403;819
403;820
403;821
403;822
403;823
403;824
403;825
403;826
403;827
403;828
403;829
403;830
403;831
403;832
403;833
403;834
403;835
403;836
403;837
403;838
403;839
403;840
403;841
403;842
403;843
403;844
403;845
403;846
403;847
403;848
403;849
403;850
403;851
403;852
403;853
403;854
403;855
403;856
403;857
403;858
403;859
403;860
403;861
403;862
403;863
403;864
403;865
403;866
403;867
403;868
403;869
403;870
403;871
403;872
403;873
403;874
403;875
403;876
403;877
403;878
403;879
403;880
403;881
403;882
403;883
403;884
403;885
404;242
404;243
404;244
404;245
404;246
404;247
404;248
404;249
404;250
404;251
404;252
404;253
404;254
404;255
404;256
404;257
404;258
404;259
404;260
404;261
404;262
404;263
404;264
404;265
404;266
404;267
404;268
404;269
404;270
404;271
404;272
404;273
404;274
404;275
404;276
404;277
404;278
404;279
404;280
404;281
404;282
404;283
404;284
404;285
404;286
404;287
404;288
404;289
404;290
404;291
404;292
404;293
404;294
404;295
404;296
404;297
404;298
404;299
404;300
404;301
404;302
404;303
404;304
404;305
404;306
404;307
404;308
404;309
404;310
404;311
404;312
404;313
404;314
404;315
404;316
404;317
404;318
404;319
404;320
404;321
404;322
404;323
404;324
404;325
404;326
404;327
404;328
404;329
404;330
404;331
404;332
404;333
404;334
404;335
404;336
404;337
404;338
404;339
404;340
404;341
404;342
404;343
404;344
404;345
404;346
404;347
404;348
404;349
404;350
404;351
404;352
404;353
404;354
404;355
404;356
404;357
404;358
404;359
404;360
404;361
404;362
404;363
404;364
404;365
404;366
404;367
404;368
404;369
404;370
404;371
404;372
404;373
404;374
404;375
404;376
404;377
404;378
404;379
404;380
404;381
404;382
404;383
404;384
404;385
404;386
404;387
404;388
404;389
404;390
404;391
404;392
404;393
404;394
404;395
404;396
404;397
404;398
404;692
404;693
404;694
404;695
404;696
404;697
404;698
404;699
404;700
404;701
404;702
404;703
404;704
404;705
404;706
404;707
404;708
404;709
404;710
404;711
404;712
404;713
404;714
404;715
404;716
404;717
404;718
404;719
404;720
404;721
404;722
404;723
404;724
404;725
404;726
404;727
404;728
404;729
404;730
404;731
404;732
404;733
404;734
404;735
404;736
404;737
404;738
404;739
404;740
404;741
404;742
404;743
404;744
404;745
404;746
404;747
404;748
404;749
404;750
404;751
404;752
404;753
404;754
404;755
404;756
404;757
404;758
404;759
404;760
404;761
404;762
404;763
404;764
404;765
404;766
404;767
404;768
404;769
404;770
404;771
404;772
404;773
404;774
404;775
404;776
404;777
404;778
404;779
404;780
404;781
404;782
404;783
404;784
404;785
404;786
404;787
404;788
404;789
404;790
404;791
404;792
404;793
404;794
404;795
404;796
404;797
404;798
404;799
404;800
404;801
404;802
404;803
404;804
404;805
404;806
404;807
404;808
404;809
404;810
404;811
404;812
404;813
404;814
404;815
404;816
404;817
404;818
404;819
404;820
404;821
404;822
404;823
404;824
404;825
404;826
404;827
404;828
404;829
404;830
404;831
404;832
404;833
404;834
404;835
404;836
404;837
404;838
404;839
404;840
404;841
404;842
404;843
404;844
404;845
404;846
404;847
404;848
404;849
404;850
404;851
404;852
404;853
404;854
404;855
404;856
404;857
404;858
404;859
404;860
404;861
404;862
404;863
404;864
404;865
404;866
404;867
404;868
404;869
404;870
404;871
404;872
404;873
404;874
404;875
404;876
404;877
404;878
404;879
404;880
404;881
404;882
404;883
404;884
404;885
404;886
405;242
405;243
405;244
405;245
405;246
405;247
405;248
405;249
405;250
405;251
405;252
405;253
405;254
405;255
405;256
405;257
405;258
405;259
405;260
405;261
405;262
405;263
405;264
405;265
405;266
405;267
405;268
405;269
405;270
405;271
405;272
405;273
405;274
405;275
405;276
405;277
405;278
405;279
405;280
405;281
405;282
405;283
405;284
405;285
405;286
405;287
405;288
405;289
405;290
405;291
405;292
405;293
405;294
405;295
405;296
405;297
405;298
405;299
405;300
405;301
405;302
405;303
405;304
405;305
405;306
405;307
405;308
405;309
405;310
405;311
405;312
405;313
405;314
405;315
405;316
405;317
405;318
405;319
405;320
405;321
405;322
405;323
405;324
405;325
405;326
405;327
405;328
405;329
405;330
405;331
405;332
405;333
405;334
405;335
405;336
405;337
405;338
405;339
405;340
405;341
405;342
405;343
405;344
405;345
405;346
405;347
405;348
405;349
405;350
405;351
405;352
405;353
405;354
405;355
405;356
405;357
405;358
405;359
405;360
405;361
405;362
405;363
405;364
405;365
405;366
405;367
405;368
405;369
405;370
405;371
405;372
405;373
405;374
405;375
405;376
405;377
405;378
405;379
405;380
405;381
405;382
405;383
405;384
405;385
405;386
405;387
405;388
405;389
405;390
405;391
405;392
405;393
405;394
405;395
405;396
405;397
405;692
405;693
405;694
405;695
405;696
405;697
405;698
405;699
405;700
405;701
405;702
405;703
405;704
405;705
405;706
405;707
405;708
405;709
405;710
405;711
405;712
405;713
405;714
405;715
405;716
405;717
405;718
405;719
405;720
405;721
405;722
405;723
405;724
405;725
405;726
405;727
405;728
405;729
405;730
405;731
405;732
405;733
405;734
405;735
405;736
405;737
405;738
405;739
405;740
405;741
405;742
405;743
405;744
405;745
405;746
405;747
405;748
405;749
405;750
405;751
405;752
405;753
405;754
405;755
405;756
405;757
405;758
405;759
405;760
405;761
405;762
405;763
405;764
405;765
405;766
405;767
405;768
405;769
405;770
405;771
405;772
405;773
405;774
405;775
405;776
405;777
405;778
405;779
405;780
405;781
405;782
405;783
405;784
405;785
405;786
405;787
405;788
405;789
405;790
405;791
405;792
405;793
405;794
405;795
405;796
405;797
405;798
405;799
405;800
405;801
405;802
405;803
405;804
405;805
405;806
405;807
405;808
405;809
405;810
405;811
405;812
405;813
405;814
405;815
405;816
405;817
405;818
405;819
405;820
405;821
405;822
405;823
405;824
405;825
405;826
405;827
405;828
405;829
405;830
405;831
405;832
405;833
405;834
405;835
405;836
405;837
405;838
405;839
405;840
405;841
405;842
405;843
405;844
405;845
405;846
405;847
405;848
405;849
405;850
405;851
405;852
405;853
405;854
405;855
405;856
405;857
405;858
405;859
405;860
405;861
405;862
405;863
405;864
405;865
405;866
405;867
405;868
405;869
405;870
405;871
405;872
405;873
405;874
405;875
405;876
405;877
405;878
405;879
405;880
405;881
405;882
405;883
405;884
405;885
405;886
405;887
406;244
406;245
406;246
406;247
406;248
406;249
406;250
406;251
406;252
406;253
406;254
406;255
406;256
406;257
406;258
406;259
406;260
406;261
406;262
406;263
406;264
406;265
406;266
406;267
406;268
406;269
406;270
406;271
406;272
406;273
406;274
406;275
406;276
406;277
406;278
406;279
406;280
406;281
406;282
406;283
406;284
406;285
406;286
406;287
406;288
406;289
406;290
406;291
406;292
406;293
406;294
406;295
406;296
406;297
406;298
406;299
406;300
406;301
406;302
406;303
406;304
406;305
406;306
406;307
406;308
406;309
406;310
406;311
406;312
406;313
406;314
406;315
406;316
406;317
406;318
406;319
406;320
406;321
406;322
406;323
406;324
406;325
406;326
406;327
406;328
406;329
406;330
406;331
406;332
406;333
406;334
406;335
406;336
406;337
406;338
406;339
406;340
406;341
406;342
406;343
406;344
406;345
406;346
406;347
406;348
406;349
406;350
406;351
406;352
406;353
406;354
406;355
406;356
406;357
406;358
406;359
406;360
406;361
406;362
406;363
406;364
406;365
406;366
406;367
406;368
406;369
406;370
406;371
406;372
406;373
406;374
406;375
406;376
406;377
406;378
406;379
406;380
406;381
406;382
406;383
406;384
406;385
406;386
406;387
406;388
406;389
406;390
406;391
406;392
406;393
406;394
406;395
406;396
406;693
406;694
406;695
406;696
406;697
406;698
406;699
406;700
406;701
406;702
406;703
406;704
406;705
406;706
406;707
406;708
406;709
406;710
406;711
406;712
406;713
406;714
406;715
406;716
406;717
406;718
406;719
406;720
406;721
406;722
406;723
406;724
406;725
406;726
406;727
406;728
406;729
406;730
406;731
406;732
406;733
406;734
406;735
406;736
406;737
406;738
406;739
406;740
406;741
406;742
406;743
406;744
406;745
406;746
406;747
406;748
406;749
406;750
406;751
406;752
406;753
406;754
406;755
406;756
406;757
406;758
406;759
406;760
406;761
406;762
406;763
406;764
406;765
406;766
406;767
406;768
406;769
406;770
406;771
406;772
406;773
406;774
406;775
406;776
406;777
406;778
406;779
406;780
406;781
406;782
406;783
406;784
406;785
406;786
406;787
406;788
406;789
406;790
406;791
406;792
406;793
406;794
406;795
406;796
406;797
406;798
406;799
406;800
406;801
406;802
406;803
406;804
406;805
406;806
406;807
406;808
406;809
406;810
406;811
406;812
406;813
406;814
406;815
406;816
406;817
406;818
406;819
406;820
406;821
406;822
406;823
406;824
406;825
406;826
406;827
406;828
406;829
406;830
406;831
406;832
406;833
406;834
406;835
406;836
406;837
406;838
406;839
406;840
406;841
406;842
406;843
406;844
406;845
406;846
406;847
406;848
406;849
406;850
406;851
406;852
406;853
406;854
406;855
406;856
406;857
406;858
406;859
406;860
406;861
406;862
406;863
406;864
406;865
406;866
406;867
406;868
406;869
406;870
406;871
406;872
406;873
406;874
406;875
406;876
406;877
406;878
406;879
406;880
406;881
406;882
406;883
406;884
406;885
406;886
406;887
407;244
407;245
407;246
407;247
407;248
407;249
407;250
407;251
407;252
407;253
407;254
407;255
407;256
407;257
407;258
407;259
407;260
407;261
407;262
407;263
407;264
407;265
407;266
407;267
407;268
407;269
407;270
407;271
407;272
407;273
407;274
407;275
407;276
407;277
407;278
407;279
407;280
407;281
407;282
407;283
407;284
407;285
407;286
407;287
407;288
407;289
407;290
407;291
407;292
407;293
407;294
407;295
407;296
407;297
407;298
407;299
407;300
407;301
407;302
407;303
407;304
407;305
407;306
407;307
407;308
407;309
407;310
407;311
407;312
407;313
407;314
407;315
407;316
407;317
407;318
407;319
407;320
407;321
407;322
407;323
407;324
407;325
407;326
407;327
407;328
407;329
407;330
407;331
407;332
407;333
407;334
407;335
407;336
407;337
407;338
407;339
407;340
407;341
407;342
407;343
407;344
407;345
407;346
407;347
407;348
407;349
407;350
407;351
407;352
407;353
407;354
407;355
407;356
407;357
407;358
407;359
407;360
407;361
407;362
407;363
407;364
407;365
407;366
407;367
407;368
407;369
407;370
407;371
407;372
407;373
407;374
407;375
407;376
407;377
407;378
407;379
407;380
407;381
407;382
407;383
407;384
407;385
407;386
407;387
407;388
407;389
407;390
407;391
407;392
407;393
407;394
407;694
407;695
407;696
407;697
407;698
407;699
407;700
407;701
407;702
407;703
407;704
407;705
407;706
407;707
407;708
407;709
407;710
407;711
407;712
407;713
407;714
407;715
407;716
407;717
407;718
407;719
407;720
407;721
407;722
407;723
407;724
407;725
407;726
407;727
407;728
407;729
407;730
407;731
407;732
407;733
407;734
407;735
407;736
407;737
407;738
407;739
407;740
407;741
407;742
407;743
407;744
407;745
407;746
407;747
407;748
407;749
407;750
407;751
407;752
407;753
407;754
407;755
407;756
407;757
407;758
407;759
407;760
407;761
407;762
407;763
407;764
407;765
407;766
407;767
407;768
407;769
407;770
407;771
407;772
407;773
407;774
407;775
407;776
407;777
407;778
407;779
407;780
407;781
407;782
407;783
407;784
407;785
407;786
407;787
407;788
407;789
407;790
407;791
407;792
407;793
407;794
407;795
407;796
407;797
407;798
407;799
407;800
407;801
407;802
407;803
407;804
407;805
407;806
407;807
407;808
407;809
407;810
407;811
407;812
407;813
407;814
407;815
407;816
407;817
407;818
407;819
407;820
407;821
407;822
407;823
407;824
407;825
407;826
407;827
407;828
407;829
407;830
407;831
407;832
407;833
407;834
407;835
407;836
407;837
407;838
407;839
407;840
407;841
407;842
407;843
407;844
407;845
407;846
407;847
407;848
407;849
407;850
407;851
407;852
407;853
407;854
407;855
407;856
407;857
407;858
407;859
407;860
407;861
407;862
407;863
407;864
407;865
407;866
407;867
407;868
407;869
407;870
407;871
407;872
407;873
407;874
407;875
407;876
407;877
407;878
407;879
407;880
407;881
407;882
407;883
407;884
407;885
407;886
407;887
407;888
407;889
408;246
408;247
408;248
408;249
408;250
408;251
408;252
408;253
408;254
408;255
408;256
408;257
408;258
408;259
408;260
408;261
408;262
408;263
408;264
408;265
408;266
408;267
408;268
408;269
408;270
408;271
408;272
408;273
408;274
408;275
408;276
408;277
408;278
408;279
408;280
408;281
408;282
408;283
408;284
408;285
408;286
408;287
408;288
408;289
408;290
408;291
408;292
408;293
408;294
408;295
408;296
408;297
408;298
408;299
408;300
408;301
408;302
408;303
408;304
408;305
408;306
408;307
408;308
408;309
408;310
408;311
408;312
408;313
408;314
408;315
408;316
408;317
408;318
408;319
408;320
408;321
408;322
408;323
408;324
408;325
408;326
408;327
408;328
408;329
408;330
408;331
408;332
408;333
408;334
408;335
408;336
408;337
408;338
408;339
408;340
408;341
408;342
408;343
408;344
408;345
408;346
408;347
408;348
408;349
408;350
408;351
408;352
408;353
408;354
408;355
408;356
408;357
408;358
408;359
408;360
408;361
408;362
408;363
408;364
408;365
408;366
408;367
408;368
408;369
408;370
408;371
408;372
408;373
408;374
408;375
408;376
408;377
408;378
408;379
408;380
408;381
408;382
408;383
408;384
408;385
408;386
408;387
408;388
408;389
408;390
408;391
408;392
408;393
408;394
408;694
408;695
408;696
408;697
408;698
408;699
408;700
408;701
408;702
408;703
408;704
408;705
408;706
408;707
408;708
408;709
408;710
408;711
408;712
408;713
408;714
408;715
408;716
408;717
408;718
408;719
408;720
408;721
408;722
408;723
408;724
408;725
408;726
408;727
408;728
408;729
408;730
408;731
408;732
408;733
408;734
408;735
408;736
408;737
408;738
408;739
408;740
408;741
408;742
408;743
408;744
408;745
408;746
408;747
408;748
408;749
408;750
408;751
408;752
408;753
408;754
408;755
408;756
408;757
408;758
408;759
408;760
408;761
408;762
408;763
408;764
408;765
408;766
408;767
408;768
408;769
408;770
408;771
408;772
408;773
408;774
408;775
408;776
408;777
408;778
408;779
408;780
408;781
408;782
408;783
408;784
408;785
408;786
408;787
408;788
408;789
408;790
408;791
408;792
408;793
408;794
408;795
408;796
408;797
408;798
408;799
408;800
408;801
408;802
408;803
408;804
408;805
408;806
408;807
408;808
408;809
408;810
408;811
408;812
408;813
408;814
408;815
408;816
408;817
408;818
408;819
408;820
408;821
408;822
408;823
408;824
408;825
408;826
408;827
408;828
408;829
408;830
408;831
408;832
408;833
408;834
408;835
408;836
408;837
408;838
408;839
408;840
408;841
408;842
408;843
408;844
408;845
408;846
408;847
408;848
408;849
408;850
408;851
408;852
408;853
408;854
408;855
408;856
408;857
408;858
408;859
408;860
408;861
408;862
408;863
408;864
408;865
408;866
408;867
408;868
408;869
408;870
408;871
408;872
408;873
408;874
408;875
408;876
408;877
408;878
408;879
408;880
408;881
408;882
408;883
408;884
408;885
408;886
408;887
408;888
408;889
409;246
409;247
409;248
409;249
409;250
409;251
409;252
409;253
409;254
409;255
409;256
409;257
409;258
409;259
409;260
409;261
409;262
409;263
409;264
409;265
409;266
409;267
409;268
409;269
409;270
409;271
409;272
409;273
409;274
409;275
409;276
409;277
409;278
409;279
409;280
409;281
409;282
409;283
409;284
409;285
409;286
409;287
409;288
409;289
409;290
409;291
409;292
409;293
409;294
409;295
409;296
409;297
409;298
409;299
409;300
409;301
409;302
409;303
409;304
409;305
409;306
409;307
409;308
409;309
409;310
409;311
409;312
409;313
409;314
409;315
409;316
409;317
409;318
409;319
409;320
409;321
409;322
409;323
409;324
409;325
409;326
409;327
409;328
409;329
409;330
409;331
409;332
409;333
409;334
409;335
409;336
409;337
409;338
409;339
409;340
409;341
409;342
409;343
409;344
409;345
409;346
409;347
409;348
409;349
409;350
409;351
409;352
409;353
409;354
409;355
409;356
409;357
409;358
409;359
409;360
409;361
409;362
409;363
409;364
409;365
409;366
409;367
409;368
409;369
409;370
409;371
409;372
409;373
409;374
409;375
409;376
409;377
409;378
409;379
409;380
409;381
409;382
409;383
409;384
409;385
409;386
409;387
409;388
409;389
409;390
409;391
409;392
409;695
409;696
409;697
409;698
409;699
409;700
409;701
409;702
409;703
409;704
409;705
409;706
409;707
409;708
409;709
409;710
409;711
409;712
409;713
409;714
409;715
409;716
409;717
409;718
409;719
409;720
409;721
409;722
409;723
409;724
409;725
409;726
409;727
409;728
409;729
409;730
409;731
409;732
409;733
409;734
409;735
409;736
409;737
409;738
409;739
409;740
409;741
409;742
409;743
409;744
409;745
409;746
409;747
409;748
409;749
409;750
409;751
409;752
409;753
409;754
409;755
409;756
409;757
409;758
409;759
409;760
409;761
409;762
409;763
409;764
409;765
409;766
409;767
409;768
409;769
409;770
409;771
409;772
409;773
409;774
409;775
409;776
409;777
409;778
409;779
409;780
409;781
409;782
409;783
409;784
409;785
409;786
409;787
409;788
409;789
409;790
409;791
409;792
409;793
409;794
409;795
409;796
409;797
409;798
409;799
409;800
409;801
409;802
409;803
409;804
409;805
409;806
409;807
409;808
409;809
409;810
409;811
409;812
409;813
409;814
409;815
409;816
409;817
409;818
409;819
409;820
409;821
409;822
409;823
409;824
409;825
409;826
409;827
409;828
409;829
409;830
409;831
409;832
409;833
409;834
409;835
409;836
409;837
409;838
409;839
409;840
409;841
409;842
409;843
409;844
409;845
409;846
409;847
409;848
409;849
409;850
409;851
409;852
409;853
409;854
409;855
409;856
409;857
409;858
409;859
409;860
409;861
409;862
409;863
409;864
409;865
409;866
409;867
409;868
409;869
409;870
409;871
409;872
409;873
409;874
409;875
409;876
409;877
409;878
409;879
409;880
409;881
409;882
409;883
409;884
409;885
409;886
409;887
409;888
409;889
409;890
410;248
410;249
410;250
410;251
410;252
410;253
410;254
410;255
410;256
410;257
410;258
410;259
410;260
410;261
410;262
410;263
410;264
410;265
410;266
410;267
410;268
410;269
410;270
410;271
410;272
410;273
410;274
410;275
410;276
410;277
410;278
410;279
410;280
410;281
410;282
410;283
410;284
410;285
410;286
410;287
410;288
410;289
410;290
410;291
410;292
410;293
410;294
410;295
410;296
410;297
410;298
410;299
410;300
410;301
410;302
410;303
410;304
410;305
410;306
410;307
410;308
410;309
410;310
410;311
410;312
410;313
410;314
410;315
410;316
410;317
410;318
410;319
410;320
410;321
410;322
410;323
410;324
410;325
410;326
410;327
410;328
410;329
410;330
410;331
410;332
410;333
410;334
410;335
410;336
410;337
410;338
410;339
410;340
410;341
410;342
410;343
410;344
410;345
410;346
410;347
410;348
410;349
410;350
410;351
410;352
410;353
410;354
410;355
410;356
410;357
410;358
410;359
410;360
410;361
410;362
410;363
410;364
410;365
410;366
410;367
410;368
410;369
410;370
410;371
410;372
410;373
410;374
410;375
410;376
410;377
410;378
410;379
410;380
410;381
410;382
410;383
410;384
410;385
410;386
410;387
410;388
410;389
410;390
410;391
410;392
410;696
410;697
410;698
410;699
410;700
410;701
410;702
410;703
410;704
410;705
410;706
410;707
410;708
410;709
410;710
410;711
410;712
410;713
410;714
410;715
410;716
410;717
410;718
410;719
410;720
410;721
410;722
410;723
410;724
410;725
410;726
410;727
410;728
410;729
410;730
410;731
410;732
410;733
410;734
410;735
410;736
410;737
410;738
410;739
410;740
410;741
410;742
410;743
410;744
410;745
410;746
410;747
410;748
410;749
410;750
410;751
410;752
410;753
410;754
410;755
410;756
410;757
410;758
410;759
410;760
410;761
410;762
410;763
410;764
410;765
410;766
410;767
410;768
410;769
410;770
410;771
410;772
410;773
410;774
410;775
410;776
410;777
410;778
410;779
410;780
410;781
410;782
410;783
410;784
410;785
410;786
410;787
410;788
410;789
410;790
410;791
410;792
410;793
410;794
410;795
410;796
410;797
410;798
410;799
410;800
410;801
410;802
410;803
410;804
410;805
410;806
410;807
410;808
410;809
410;810
410;811
410;812
410;813
410;814
410;815
410;816
410;817
410;818
410;819
410;820
410;821
410;822
410;823
410;824
410;825
410;826
410;827
410;828
410;829
410;830
410;831
410;832
410;833
410;834
410;835
410;836
410;837
410;838
410;839
410;840
410;841
410;842
410;843
410;844
410;845
410;846
410;847
410;848
410;849
410;850
410;851
410;852
410;853
410;854
410;855
410;856
410;857
410;858
410;859
410;860
410;861
410;862
410;863
410;864
410;865
410;866
410;867
410;868
410;869
410;870
410;871
410;872
410;873
410;874
410;875
410;876
410;877
410;878
410;879
410;880
410;881
410;882
410;883
410;884
410;885
410;886
410;887
410;888
410;889
410;890
410;891
411;249
411;250
411;251
411;252
411;253
411;254
411;255
411;256
411;257
411;258
411;259
411;260
411;261
411;262
411;263
411;264
411;265
411;266
411;267
411;268
411;269
411;270
411;271
411;272
411;273
411;274
411;275
411;276
411;277
411;278
411;279
411;280
411;281
411;282
411;283
411;284
411;285
411;286
411;287
411;288
411;289
411;290
411;291
411;292
411;293
411;294
411;295
411;296
411;297
411;298
411;299
411;300
411;301
411;302
411;303
411;304
411;305
411;306
411;307
411;308
411;309
411;310
411;311
411;312
411;313
411;314
411;315
411;316
411;317
411;318
411;319
411;320
411;321
411;322
411;323
411;324
411;325
411;326
411;327
411;328
411;329
411;330
411;331
411;332
411;333
411;334
411;335
411;336
411;337
411;338
411;339
411;340
411;341
411;342
411;343
411;344
411;345
411;346
411;347
411;348
411;349
411;350
411;351
411;352
411;353
411;354
411;355
411;356
411;357
411;358
411;359
411;360
411;361
411;362
411;363
411;364
411;365
411;366
411;367
411;368
411;369
411;370
411;371
411;372
411;373
411;374
411;375
411;376
411;377
411;378
411;379
411;380
411;381
411;382
411;383
411;384
411;385
411;386
411;387
411;388
411;389
411;390
411;697
411;698
411;699
411;700
411;701
411;702
411;703
411;704
411;705
411;706
411;707
411;708
411;709
411;710
411;711
411;712
411;713
411;714
411;715
411;716
411;717
411;718
411;719
411;720
411;721
411;722
411;723
411;724
411;725
411;726
411;727
411;728
411;729
411;730
411;731
411;732
411;733
411;734
411;735
411;736
411;737
411;738
411;739
411;740
411;741
411;742
411;743
411;744
411;745
411;746
411;747
411;748
411;749
411;750
411;751
411;752
411;753
411;754
411;755
411;756
411;757
411;758
411;759
411;760
411;761
411;762
411;763
411;764
411;765
411;766
411;767
411;768
411;769
411;770
411;771
411;772
411;773
411;774
411;775
411;776
411;777
411;778
411;779
411;780
411;781
411;782
411;783
411;784
411;785
411;786
411;787
411;788
411;789
411;790
411;791
411;792
411;793
411;794
411;795
411;796
411;797
411;798
411;799
411;800
411;801
411;802
411;803
411;804
411;805
411;806
411;807
411;808
411;809
411;810
411;811
411;812
411;813
411;814
411;815
411;816
411;817
411;818
411;819
411;820
411;821
411;822
411;823
411;824
411;825
411;826
411;827
411;828
411;829
411;830
411;831
411;832
411;833
411;834
411;835
411;836
411;837
411;838
411;839
411;840
411;841
411;842
411;843
411;844
411;845
411;846
411;847
411;848
411;849
411;850
411;851
411;852
411;853
411;854
411;855
411;856
411;857
411;858
411;859
411;860
411;861
411;862
411;863
411;864
411;865
411;866
411;867
411;868
411;869
411;870
411;871
411;872
411;873
411;874
411;875
411;876
411;877
411;878
411;879
411;880
411;881
411;882
411;883
411;884
411;885
411;886
411;887
411;888
411;889
411;890
412;250
412;251
412;252
412;253
412;254
412;255
412;256
412;257
412;258
412;259
412;260
412;261
412;262
412;263
412;264
412;265
412;266
412;267
412;268
412;269
412;270
412;271
412;272
412;273
412;274
412;275
412;276
412;277
412;278
412;279
412;280
412;281
412;282
412;283
412;284
412;285
412;286
412;287
412;288
412;289
412;290
412;291
412;292
412;293
412;294
412;295
412;296
412;297
412;298
412;299
412;300
412;301
412;302
412;303
412;304
412;305
412;306
412;307
412;308
412;309
412;310
412;311
412;312
412;313
412;314
412;315
412;316
412;317
412;318
412;319
412;320
412;321
412;322
412;323
412;324
412;325
412;326
412;327
412;328
412;329
412;330
412;331
412;332
412;333
412;334
412;335
412;336
412;337
412;338
412;339
412;340
412;341
412;342
412;343
412;344
412;345
412;346
412;347
412;348
412;349
412;350
412;351
412;352
412;353
412;354
412;355
412;356
412;357
412;358
412;359
412;360
412;361
412;362
412;363
412;364
412;365
412;366
412;367
412;368
412;369
412;370
412;371
412;372
412;373
412;374
412;375
412;376
412;377
412;378
412;379
412;380
412;381
412;382
412;383
412;384
412;385
412;386
412;387
412;388
412;389
412;698
412;699
412;700
412;701
412;702
412;703
412;704
412;705
412;706
412;707
412;708
412;709
412;710
412;711
412;712
412;713
412;714
412;715
412;716
412;717
412;718
412;719
412;720
412;721
412;722
412;723
412;724
412;725
412;726
412;727
412;728
412;729
412;730
412;731
412;732
412;733
412;734
412;735
412;736
412;737
412;738
412;739
412;740
412;741
412;742
412;743
412;744
412;745
412;746
412;747
412;748
412;749
412;750
412;751
412;752
412;753
412;754
412;755
412;756
412;757
412;758
412;759
412;760
412;761
412;762
412;763
412;764
412;765
412;766
412;767
412;768
412;769
412;770
412;771
412;772
412;773
412;774
412;775
412;776
412;777
412;778
412;779
412;780
412;781
412;782
412;783
412;784
412;785
412;786
412;787
412;788
412;789
412;790
412;791
412;792
412;793
412;794
412;795
412;796
412;797
412;798
412;799
412;800
412;801
412;802
412;803
412;804
412;805
412;806
412;807
412;808
412;809
412;810
412;811
412;812
412;813
412;814
412;815
412;816
412;817
412;818
412;819
412;820
412;821
412;822
412;823
412;824
412;825
412;826
412;827
412;828
412;829
412;830
412;831
412;832
412;833
412;834
412;835
412;836
412;837
412;838
412;839
412;840
412;841
412;842
412;843
412;844
412;845
412;846
412;847
412;848
412;849
412;850
412;851
412;852
412;853
412;854
412;855
412;856
412;857
412;858
412;859
412;860
412;861
412;862
412;863
412;864
412;865
412;866
412;867
412;868
412;869
412;870
412;871
412;872
412;873
412;874
412;875
412;876
412;877
412;878
412;879
412;880
412;881
412;882
412;883
412;884
412;885
412;886
412;887
412;888
413;252
413;253
413;254
413;255
413;256
413;257
413;258
413;259
413;260
413;261
413;262
413;263
413;264
413;265
413;266
413;267
413;268
413;269
413;270
413;271
413;272
413;273
413;274
413;275
413;276
413;277
413;278
413;279
413;280
413;281
413;282
413;283
413;284
413;285
413;286
413;287
413;288
413;289
413;290
413;291
413;292
413;293
413;294
413;295
413;296
413;297
413;298
413;299
413;300
413;301
413;302
413;303
413;304
413;305
413;306
413;307
413;308
413;309
413;310
413;311
413;312
413;313
413;314
413;315
413;316
413;317
413;318
413;319
413;320
413;321
413;322
413;323
413;324
413;325
413;326
413;327
413;328
413;329
413;330
413;331
413;332
413;333
413;334
413;335
413;336
413;337
413;338
413;339
413;340
413;341
413;342
413;343
413;344
413;345
413;346
413;347
413;348
413;349
413;350
413;351
413;352
413;353
413;354
413;355
413;356
413;357
413;358
413;359
413;360
413;361
413;362
413;363
413;364
413;365
413;366
413;367
413;368
413;369
413;370
413;371
413;372
413;373
413;374
413;375
413;376
413;377
413;378
413;379
413;380
413;381
413;382
413;383
413;384
413;385
413;386
413;387
413;388
413;698
413;699
413;700
413;701
413;702
413;703
413;704
413;705
413;706
413;707
413;708
413;709
413;710
413;711
413;712
413;713
413;714
413;715
413;716
413;717
413;718
413;719
413;720
413;721
413;722
413;723
413;724
413;725
413;726
413;727
413;728
413;729
413;730
413;731
413;732
413;733
413;734
413;735
413;736
413;737
413;738
413;739
413;740
413;741
413;742
413;743
413;744
413;745
413;746
413;747
413;748
413;749
413;750
413;751
413;752
413;753
413;754
413;755
413;756
413;757
413;758
413;759
413;760
413;761
413;762
413;763
413;764
413;765
413;766
413;767
413;768
413;769
413;770
413;771
413;772
413;773
413;774
413;775
413;776
413;777
413;778
413;779
413;780
413;781
413;782
413;783
413;784
413;785
413;786
413;787
413;788
413;789
413;790
413;791
413;792
413;793
413;794
413;795
413;796
413;797
413;798
413;799
413;800
413;801
413;802
413;803
413;804
413;805
413;806
413;807
413;808
413;809
413;810
413;811
413;812
413;813
413;814
413;815
413;816
413;817
413;818
413;819
413;820
413;821
413;822
413;823
413;824
413;825
413;826
413;827
413;828
413;829
413;830
413;831
413;832
413;833
413;834
413;835
413;836
413;837
413;838
413;839
413;840
413;841
413;842
413;843
413;844
413;845
413;846
413;847
413;848
413;849
413;850
413;851
413;852
413;853
413;854
413;855
413;856
413;857
413;858
413;859
413;860
413;861
413;862
413;863
413;864
413;865
413;866
413;867
413;868
413;869
413;870
413;871
413;872
413;873
413;874
413;875
413;876
413;877
413;878
413;879
413;880
413;881
413;882
413;883
413;884
413;885
413;886
414;252
414;253
414;254
414;255
414;256
414;257
414;258
414;259
414;260
414;261
414;262
414;263
414;264
414;265
414;266
414;267
414;268
414;269
414;270
414;271
414;272
414;273
414;274
414;275
414;276
414;277
414;278
414;279
414;280
414;281
414;282
414;283
414;284
414;285
414;286
414;287
414;288
414;289
414;290
414;291
414;292
414;293
414;294
414;295
414;296
414;297
414;298
414;299
414;300
414;301
414;302
414;303
414;304
414;305
414;306
414;307
414;308
414;309
414;310
414;311
414;312
414;313
414;314
414;315
414;316
414;317
414;318
414;319
414;320
414;321
414;322
414;323
414;324
414;325
414;326
414;327
414;328
414;329
414;330
414;331
414;332
414;333
414;334
414;335
414;336
414;337
414;338
414;339
414;340
414;341
414;342
414;343
414;344
414;345
414;346
414;347
414;348
414;349
414;350
414;351
414;352
414;353
414;354
414;355
414;356
414;357
414;358
414;359
414;360
414;361
414;362
414;363
414;364
414;365
414;366
414;367
414;368
414;369
414;370
414;371
414;372
414;373
414;374
414;375
414;376
414;377
414;378
414;379
414;380
414;381
414;382
414;383
414;384
414;385
414;386
414;699
414;700
414;701
414;702
414;703
414;704
414;705
414;706
414;707
414;708
414;709
414;710
414;711
414;712
414;713
414;714
414;715
414;716
414;717
414;718
414;719
414;720
414;721
414;722
414;723
414;724
414;725
414;726
414;727
414;728
414;729
414;730
414;731
414;732
414;733
414;734
414;735
414;736
414;737
414;738
414;739
414;740
414;741
414;742
414;743
414;744
414;745
414;746
414;747
414;748
414;749
414;750
414;751
414;752
414;753
414;754
414;755
414;756
414;757
414;758
414;759
414;760
414;761
414;762
414;763
414;764
414;765
414;766
414;767
414;768
414;769
414;770
414;771
414;772
414;773
414;774
414;775
414;776
414;777
414;778
414;779
414;780
414;781
414;782
414;783
414;784
414;785
414;786
414;787
414;788
414;789
414;790
414;791
414;792
414;793
414;794
414;795
414;796
414;797
414;798
414;799
414;800
414;801
414;802
414;803
414;804
414;805
414;806
414;807
414;808
414;809
414;810
414;811
414;812
414;813
414;814
414;815
414;816
414;817
414;818
414;819
414;820
414;821
414;822
414;823
414;824
414;825
414;826
414;827
414;828
414;829
414;830
414;831
414;832
414;833
414;834
414;835
414;836
414;837
414;838
414;839
414;840
414;841
414;842
414;843
414;844
414;845
414;846
414;847
414;848
414;849
414;850
414;851
414;852
414;853
414;854
414;855
414;856
414;857
414;858
414;859
414;860
414;861
414;862
414;863
414;864
414;865
414;866
414;867
414;868
414;869
414;870
414;871
414;872
414;873
414;874
414;875
414;876
414;877
414;878
414;879
414;880
414;881
414;882
414;883
414;884
415;254
415;255
415;256
415;257
415;258
415;259
415;260
415;261
415;262
415;263
415;264
415;265
415;266
415;267
415;268
415;269
415;270
415;271
415;272
415;273
415;274
415;275
415;276
415;277
415;278
415;279
415;280
415;281
415;282
415;283
415;284
415;285
415;286
415;287
415;288
415;289
415;290
415;291
415;292
415;293
415;294
415;295
415;296
415;297
415;298
415;299
415;300
415;301
415;302
415;303
415;304
415;305
415;306
415;307
415;308
415;309
415;310
415;311
415;312
415;313
415;314
415;315
415;316
415;317
415;318
415;319
415;320
415;321
415;322
415;323
415;324
415;325
415;326
415;327
415;328
415;329
415;330
415;331
415;332
415;333
415;334
415;335
415;336
415;337
415;338
415;339
415;340
415;341
415;342
415;343
415;344
415;345
415;346
415;347
415;348
415;349
415;350
415;351
415;352
415;353
415;354
415;355
415;356
415;357
415;358
415;359
415;360
415;361
415;362
415;363
415;364
415;365
415;366
415;367
415;368
415;369
415;370
415;371
415;372
415;373
415;374
415;375
415;376
415;377
415;378
415;379
415;380
415;381
415;382
415;383
415;384
415;385
415;700
415;701
415;702
415;703
415;704
415;705
415;706
415;707
415;708
415;709
415;710
415;711
415;712
415;713
415;714
415;715
415;716
415;717
415;718
415;719
415;720
415;721
415;722
415;723
415;724
415;725
415;726
415;727
415;728
415;729
415;730
415;731
415;732
415;733
415;734
415;735
415;736
415;737
415;738
415;739
415;740
415;741
415;742
415;743
415;744
415;745
415;746
415;747
415;748
415;749
415;750
415;751
415;752
415;753
415;754
415;755
415;756
415;757
415;758
415;759
415;760
415;761
415;762
415;763
415;764
415;765
415;766
415;767
415;768
415;769
415;770
415;771
415;772
415;773
415;774
415;775
415;776
415;777
415;778
415;779
415;780
415;781
415;782
415;783
415;784
415;785
415;786
415;787
415;788
415;789
415;790
415;791
415;792
415;793
415;794
415;795
415;796
415;797
415;798
415;799
415;800
415;801
415;802
415;803
415;804
415;805
415;806
415;807
415;808
415;809
415;810
415;811
415;812
415;813
415;814
415;815
415;816
415;817
415;818
415;819
415;820
415;821
415;822
415;823
415;824
415;825
415;826
415;827
415;828
415;829
415;830
415;831
415;832
415;833
415;834
415;835
415;836
415;837
415;838
415;839
415;840
415;841
415;842
415;843
415;844
415;845
415;846
415;847
415;848
415;849
415;850
415;851
415;852
415;853
415;854
415;855
415;856
415;857
415;858
415;859
415;860
415;861
415;862
415;863
415;864
415;865
415;866
415;867
415;868
415;869
415;870
415;871
415;872
415;873
415;874
415;875
415;876
415;877
415;878
415;879
415;880
415;881
415;882
416;256
416;257
416;258
416;259
416;260
416;261
416;262
416;263
416;264
416;265
416;266
416;267
416;268
416;269
416;270
416;271
416;272
416;273
416;274
416;275
416;276
416;277
416;278
416;279
416;280
416;281
416;282
416;283
416;284
416;285
416;286
416;287
416;288
416;289
416;290
416;291
416;292
416;293
416;294
416;295
416;296
416;297
416;298
416;299
416;300
416;301
416;302
416;303
416;304
416;305
416;306
416;307
416;308
416;309
416;310
416;311
416;312
416;313
416;314
416;315
416;316
416;317
416;318
416;319
416;320
416;321
416;322
416;323
416;324
416;325
416;326
416;327
416;328
416;329
416;330
416;331
416;332
416;333
416;334
416;335
416;336
416;337
416;338
416;339
416;340
416;341
416;342
416;343
416;344
416;345
416;346
416;347
416;348
416;349
416;350
416;351
416;352
416;353
416;354
416;355
416;356
416;357
416;358
416;359
416;360
416;361
416;362
416;363
416;364
416;365
416;366
416;367
416;368
416;369
416;370
416;371
416;372
416;373
416;374
416;375
416;376
416;377
416;378
416;379
416;380
416;381
416;382
416;383
416;384
416;700
416;701
416;702
416;703
416;704
416;705
416;706
416;707
416;708
416;709
416;710
416;711
416;712
416;713
416;714
416;715
416;716
416;717
416;718
416;719
416;720
416;721
416;722
416;723
416;724
416;725
416;726
416;727
416;728
416;729
416;730
416;731
416;732
416;733
416;734
416;735
416;736
416;737
416;738
416;739
416;740
416;741
416;742
416;743
416;744
416;745
416;746
416;747
416;748
416;749
416;750
416;751
416;752
416;753
416;754
416;755
416;756
416;757
416;758
416;759
416;760
416;761
416;762
416;763
416;764
416;765
416;766
416;767
416;768
416;769
416;770
416;771
416;772
416;773
416;774
416;775
416;776
416;777
416;778
416;779
416;780
416;781
416;782
416;783
416;784
416;785
416;786
416;787
416;788
416;789
416;790
416;791
416;792
416;793
416;794
416;795
416;796
416;797
416;798
416;799
416;800
416;801
416;802
416;803
416;804
416;805
416;806
416;807
416;808
416;809
416;810
416;811
416;812
416;813
416;814
416;815
416;816
416;817
416;818
416;819
416;820
416;821
416;822
416;823
416;824
416;825
416;826
416;827
416;828
416;829
416;830
416;831
416;832
416;833
416;834
416;835
416;836
416;837
416;838
416;839
416;840
416;841
416;842
416;843
416;844
416;845
416;846
416;847
416;848
416;849
416;850
416;851
416;852
416;853
416;854
416;855
416;856
416;857
416;858
416;859
416;860
416;861
416;862
416;863
416;864
416;865
416;866
416;867
416;868
416;869
416;870
416;871
416;872
416;873
416;874
416;875
416;876
416;877
416;878
416;879
416;880
417;257
417;258
417;259
417;260
417;261
417;262
417;263
417;264
417;265
417;266
417;267
417;268
417;269
417;270
417;271
417;272
417;273
417;274
417;275
417;276
417;277
417;278
417;279
417;280
417;281
417;282
417;283
417;284
417;285
417;286
417;287
417;288
417;289
417;290
417;291
417;292
417;293
417;294
417;295
417;296
417;297
417;298
417;299
417;300
417;301
417;302
417;303
417;304
417;305
417;306
417;307
417;308
417;309
417;310
417;311
417;312
417;313
417;314
417;315
417;316
417;317
417;318
417;319
417;320
417;321
417;322
417;323
417;324
417;325
417;326
417;327
417;328
417;329
417;330
417;331
417;332
417;333
417;334
417;335
417;336
417;337
417;338
417;339
417;340
417;341
417;342
417;343
417;344
417;345
417;346
417;347
417;348
417;349
417;350
417;351
417;352
417;353
417;354
417;355
417;356
417;357
417;358
417;359
417;360
417;361
417;362
417;363
417;364
417;365
417;366
417;367
417;368
417;369
417;370
417;371
417;372
417;373
417;374
417;375
417;376
417;377
417;378
417;379
417;380
417;381
417;382
417;701
417;702
417;703
417;704
417;705
417;706
417;707
417;708
417;709
417;710
417;711
417;712
417;713
417;714
417;715
417;716
417;717
417;718
417;719
417;720
417;721
417;722
417;723
417;724
417;725
417;726
417;727
417;728
417;729
417;730
417;731
417;732
417;733
417;734
417;735
417;736
417;737
417;738
417;739
417;740
417;741
417;742
417;743
417;744
417;745
417;746
417;747
417;748
417;749
417;750
417;751
417;752
417;753
417;754
417;755
417;756
417;757
417;758
417;759
417;760
417;761
417;762
417;763
417;764
417;765
417;766
417;767
417;768
417;769
417;770
417;771
417;772
417;773
417;774
417;775
417;776
417;777
417;778
417;779
417;780
417;781
417;782
417;783
417;784
417;785
417;786
417;787
417;788
417;789
417;790
417;791
417;792
417;793
417;794
417;795
417;796
417;797
417;798
417;799
417;800
417;801
417;802
417;803
417;804
417;805
417;806
417;807
417;808
417;809
417;810
417;811
417;812
417;813
417;814
417;815
417;816
417;817
417;818
417;819
417;820
417;821
417;822
417;823
417;824
417;825
417;826
417;827
417;828
417;829
417;830
417;831
417;832
417;833
417;834
417;835
417;836
417;837
417;838
417;839
417;840
417;841
417;842
417;843
417;844
417;845
417;846
417;847
417;848
417;849
417;850
417;851
417;852
417;853
417;854
417;855
417;856
417;857
417;858
417;859
417;860
417;861
417;862
417;863
417;864
417;865
417;866
417;867
417;868
417;869
417;870
417;871
417;872
417;873
417;874
417;875
417;876
417;877
417;878
418;258
418;259
418;260
418;261
418;262
418;263
418;264
418;265
418;266
418;267
418;268
418;269
418;270
418;271
418;272
418;273
418;274
418;275
418;276
418;277
418;278
418;279
418;280
418;281
418;282
418;283
418;284
418;285
418;286
418;287
418;288
418;289
418;290
418;291
418;292
418;293
418;294
418;295
418;296
418;297
418;298
418;299
418;300
418;301
418;302
418;303
418;304
418;305
418;306
418;307
418;308
418;309
418;310
418;311
418;312
418;313
418;314
418;315
418;316
418;317
418;318
418;319
418;320
418;321
418;322
418;323
418;324
418;325
418;326
418;327
418;328
418;329
418;330
418;331
418;332
418;333
418;334
418;335
418;336
418;337
418;338
418;339
418;340
418;341
418;342
418;343
418;344
418;345
418;346
418;347
418;348
418;349
418;350
418;351
418;352
418;353
418;354
418;355
418;356
418;357
418;358
418;359
418;360
418;361
418;362
418;363
418;364
418;365
418;366
418;367
418;368
418;369
418;370
418;371
418;372
418;373
418;374
418;375
418;376
418;377
418;378
418;379
418;380
418;702
418;703
418;704
418;705
418;706
418;707
418;708
418;709
418;710
418;711
418;712
418;713
418;714
418;715
418;716
418;717
418;718
418;719
418;720
418;721
418;722
418;723
418;724
418;725
418;726
418;727
418;728
418;729
418;730
418;731
418;732
418;733
418;734
418;735
418;736
418;737
418;738
418;739
418;740
418;741
418;742
418;743
418;744
418;745
418;746
418;747
418;748
418;749
418;750
418;751
418;752
418;753
418;754
418;755
418;756
418;757
418;758
418;759
418;760
418;761
418;762
418;763
418;764
418;765
418;766
418;767
418;768
418;769
418;770
418;771
418;772
418;773
418;774
418;775
418;776
418;777
418;778
418;779
418;780
418;781
418;782
418;783
418;784
418;785
418;786
418;787
418;788
418;789
418;790
418;791
418;792
418;793
418;794
418;795
418;796
418;797
418;798
418;799
418;800
418;801
418;802
418;803
418;804
418;805
418;806
418;807
418;808
418;809
418;810
418;811
418;812
418;813
418;814
418;815
418;816
418;817
418;818
418;819
418;820
418;821
418;822
418;823
418;824
418;825
418;826
418;827
418;828
418;829
418;830
418;831
418;832
418;833
418;834
418;835
418;836
418;837
418;838
418;839
418;840
418;841
418;842
418;843
418;844
418;845
418;846
418;847
418;848
418;849
418;850
418;851
418;852
418;853
418;854
418;855
418;856
418;857
418;858
418;859
418;860
418;861
418;862
418;863
418;864
418;865
418;866
418;867
418;868
418;869
418;870
418;871
418;872
418;873
418;874
418;875
418;876
418;877
419;260
419;261
419;262
419;263
419;264
419;265
419;266
419;267
419;268
419;269
419;270
419;271
419;272
419;273
419;274
419;275
419;276
419;277
419;278
419;279
419;280
419;281
419;282
419;283
419;284
419;285
419;286
419;287
419;288
419;289
419;290
419;291
419;292
419;293
419;294
419;295
419;296
419;297
419;298
419;299
419;300
419;301
419;302
419;303
419;304
419;305
419;306
419;307
419;308
419;309
419;310
419;311
419;312
419;313
419;314
419;315
419;316
419;317
419;318
419;319
419;320
419;321
419;322
419;323
419;324
419;325
419;326
419;327
419;328
419;329
419;330
419;331
419;332
419;333
419;334
419;335
419;336
419;337
419;338
419;339
419;340
419;341
419;342
419;343
419;344
419;345
419;346
419;347
419;348
419;349
419;350
419;351
419;352
419;353
419;354
419;355
419;356
419;357
419;358
419;359
419;360
419;361
419;362
419;363
419;364
419;365
419;366
419;367
419;368
419;369
419;370
419;371
419;372
419;373
419;374
419;375
419;376
419;377
419;378
419;379
419;380
419;702
419;703
419;704
419;705
419;706
419;707
419;708
419;709
419;710
419;711
419;712
419;713
419;714
419;715
419;716
419;717
419;718
419;719
419;720
419;721
419;722
419;723
419;724
419;725
419;726
419;727
419;728
419;729
419;730
419;731
419;732
419;733
419;734
419;735
419;736
419;737
419;738
419;739
419;740
419;741
419;742
419;743
419;744
419;745
419;746
419;747
419;748
419;749
419;750
419;751
419;752
419;753
419;754
419;755
419;756
419;757
419;758
419;759
419;760
419;761
419;762
419;763
419;764
419;765
419;766
419;767
419;768
419;769
419;770
419;771
419;772
419;773
419;774
419;775
419;776
419;777
419;778
419;779
419;780
419;781
419;782
419;783
419;784
419;785
419;786
419;787
419;788
419;789
419;790
419;791
419;792
419;793
419;794
419;795
419;796
419;797
419;798
419;799
419;800
419;801
419;802
419;803
419;804
419;805
419;806
419;807
419;808
419;809
419;810
419;811
419;812
419;813
419;814
419;815
419;816
419;817
419;818
419;819
419;820
419;821
419;822
419;823
419;824
419;825
419;826
419;827
419;828
419;829
419;830
419;831
419;832
419;833
419;834
419;835
419;836
419;837
419;838
419;839
419;840
419;841
419;842
419;843
419;844
419;845
419;846
419;847
419;848
419;849
419;850
419;851
419;852
419;853
419;854
419;855
419;856
419;857
419;858
419;859
419;860
419;861
419;862
419;863
419;864
419;865
419;866
419;867
419;868
419;869
419;870
419;871
419;872
419;873
419;874
419;875
419;876
420;262
420;263
420;264
420;265
420;266
420;267
420;268
420;269
420;270
420;271
420;272
420;273
420;274
420;275
420;276
420;277
420;278
420;279
420;280
420;281
420;282
420;283
420;284
420;285
420;286
420;287
420;288
420;289
420;290
420;291
420;292
420;293
420;294
420;295
420;296
420;297
420;298
420;299
420;300
420;301
420;302
420;303
420;304
420;305
420;306
420;307
420;308
420;309
420;310
420;311
420;312
420;313
420;314
420;315
420;316
420;317
420;318
420;319
420;320
420;321
420;322
420;323
420;324
420;325
420;326
420;327
420;328
420;329
420;330
420;331
420;332
420;333
420;334
420;335
420;336
420;337
420;338
420;339
420;340
420;341
420;342
420;343
420;344
420;345
420;346
420;347
420;348
420;349
420;350
420;351
420;352
420;353
420;354
420;355
420;356
420;357
420;358
420;359
420;360
420;361
420;362
420;363
420;364
420;365
420;366
420;367
420;368
420;369
420;370
420;371
420;372
420;373
420;374
420;375
420;376
420;377
420;378
420;703
420;704
420;705
420;706
420;707
420;708
420;709
420;710
420;711
420;712
420;713
420;714
420;715
420;716
420;717
420;718
420;719
420;720
420;721
420;722
420;723
420;724
420;725
420;726
420;727
420;728
420;729
420;730
420;731
420;732
420;733
420;734
420;735
420;736
420;737
420;738
420;739
420;740
420;741
420;742
420;743
420;744
420;745
420;746
420;747
420;748
420;749
420;750
420;751
420;752
420;753
420;754
420;755
420;756
420;757
420;758
420;759
420;760
420;761
420;762
420;763
420;764
420;765
420;766
420;767
420;768
420;769
420;770
420;771
420;772
420;773
420;774
420;775
420;776
420;777
420;778
420;779
420;780
420;781
420;782
420;783
420;784
420;785
420;786
420;787
420;788
420;789
420;790
420;791
420;792
420;793
420;794
420;795
420;796
420;797
420;798
420;799
420;800
420;801
420;802
420;803
420;804
420;805
420;806
420;807
420;808
420;809
420;810
420;811
420;812
420;813
420;814
420;815
420;816
420;817
420;818
420;819
420;820
420;821
420;822
420;823
420;824
420;825
420;826
420;827
420;828
420;829
420;830
420;831
420;832
420;833
420;834
420;835
420;836
420;837
420;838
420;839
420;840
420;841
420;842
420;843
420;844
420;845
420;846
420;847
420;848
420;849
420;850
420;851
420;852
420;853
420;854
420;855
420;856
420;857
420;858
420;859
420;860
420;861
420;862
420;863
420;864
420;865
420;866
420;867
420;868
420;869
420;870
420;871
420;872
420;873
420;874
421;264
421;265
421;266
421;267
421;268
421;269
421;270
421;271
421;272
421;273
421;274
421;275
421;276
421;277
421;278
421;279
421;280
421;281
421;282
421;283
421;284
421;285
421;286
421;287
421;288
421;289
421;290
421;291
421;292
421;293
421;294
421;295
421;296
421;297
421;298
421;299
421;300
421;301
421;302
421;303
421;304
421;305
421;306
421;307
421;308
421;309
421;310
421;311
421;312
421;313
421;314
421;315
421;316
421;317
421;318
421;319
421;320
421;321
421;322
421;323
421;324
421;325
421;326
421;327
421;328
421;329
421;330
421;331
421;332
421;333
421;334
421;335
421;336
421;337
421;338
421;339
421;340
421;341
421;342
421;343
421;344
421;345
421;346
421;347
421;348
421;349
421;350
421;351
421;352
421;353
421;354
421;355
421;356
421;357
421;358
421;359
421;360
421;361
421;362
421;363
421;364
421;365
421;366
421;367
421;368
421;369
421;370
421;371
421;372
421;373
421;374
421;375
421;376
421;704
421;705
421;706
421;707
421;708
421;709
421;710
421;711
421;712
421;713
421;714
421;715
421;716
421;717
421;718
421;719
421;720
421;721
421;722
421;723
421;724
421;725
421;726
421;727
421;728
421;729
421;730
421;731
421;732
421;733
421;734
421;735
421;736
421;737
421;738
421;739
421;740
421;741
421;742
421;743
421;744
421;745
421;746
421;747
421;748
421;749
421;750
421;751
421;752
421;753
421;754
421;755
421;756
421;757
421;758
421;759
421;760
421;761
421;762
421;763
421;764
421;765
421;766
421;767
421;768
421;769
421;770
421;771
421;772
421;773
421;774
421;775
421;776
421;777
421;778
421;779
421;780
421;781
421;782
421;783
421;784
421;785
421;786
421;787
421;788
421;789
421;790
421;791
421;792
421;793
421;794
421;795
421;796
421;797
421;798
421;799
421;800
421;801
421;802
421;803
421;804
421;805
421;806
421;807
421;808
421;809
421;810
421;811
421;812
421;813
421;814
421;815
421;816
421;817
421;818
421;819
421;820
421;821
421;822
421;823
421;824
421;825
421;826
421;827
421;828
421;829
421;830
421;831
421;832
421;833
421;834
421;835
421;836
421;837
421;838
421;839
421;840
421;841
421;842
421;843
421;844
421;845
421;846
421;847
421;848
421;849
421;850
421;851
421;852
421;853
421;854
421;855
421;856
421;857
421;858
421;859
421;860
421;861
421;862
421;863
421;864
421;865
421;866
421;867
421;868
421;869
421;870
421;871
421;872
422;266
422;267
422;268
422;269
422;270
422;271
422;272
422;273
422;274
422;275
422;276
422;277
422;278
422;279
422;280
422;281
422;282
422;283
422;284
422;285
422;286
422;287
422;288
422;289
422;290
422;291
422;292
422;293
422;294
422;295
422;296
422;297
422;298
422;299
422;300
422;301
422;302
422;303
422;304
422;305
422;306
422;307
422;308
422;309
422;310
422;311
422;312
422;313
422;314
422;315
422;316
422;317
422;318
422;319
422;320
422;321
422;322
422;323
422;324
422;325
422;326
422;327
422;328
422;329
422;330
422;331
422;332
422;333
422;334
422;335
422;336
422;337
422;338
422;339
422;340
422;341
422;342
422;343
422;344
422;345
422;346
422;347
422;348
422;349
422;350
422;351
422;352
422;353
422;354
422;355
422;356
422;357
422;358
422;359
422;360
422;361
422;362
422;363
422;364
422;365
422;366
422;367
422;368
422;369
422;370
422;371
422;372
422;373
422;374
422;704
422;705
422;706
422;707
422;708
422;709
422;710
422;711
422;712
422;713
422;714
422;715
422;716
422;717
422;718
422;719
422;720
422;721
422;722
422;723
422;724
422;725
422;726
422;727
422;728
422;729
422;730
422;731
422;732
422;733
422;734
422;735
422;736
422;737
422;738
422;739
422;740
422;741
422;742
422;743
422;744
422;745
422;746
422;747
422;748
422;749
422;750
422;751
422;752
422;753
422;754
422;755
422;756
422;757
422;758
422;759
422;760
422;761
422;762
422;763
422;764
422;765
422;766
422;767
422;768
422;769
422;770
422;771
422;772
422;773
422;774
422;775
422;776
422;777
422;778
422;779
422;780
422;781
422;782
422;783
422;784
422;785
422;786
422;787
422;788
422;789
422;790
422;791
422;792
422;793
422;794
422;795
422;796
422;797
422;798
422;799
422;800
422;801
422;802
422;803
422;804
422;805
422;806
422;807
422;808
422;809
422;810
422;811
422;812
422;813
422;814
422;815
422;816
422;817
422;818
422;819
422;820
422;821
422;822
422;823
422;824
422;825
422;826
422;827
422;828
422;829
422;830
422;831
422;832
422;833
422;834
422;835
422;836
422;837
422;838
422;839
422;840
422;841
422;842
422;843
422;844
422;845
422;846
422;847
422;848
422;849
422;850
422;851
422;852
422;853
422;854
422;855
422;856
422;857
422;858
422;859
422;860
422;861
422;862
422;863
422;864
422;865
422;866
422;867
422;868
422;869
422;870
423;266
423;267
423;268
423;269
423;270
423;271
423;272
423;273
423;274
423;275
423;276
423;277
423;278
423;279
423;280
423;281
423;282
423;283
423;284
423;285
423;286
423;287
423;288
423;289
423;290
423;291
423;292
423;293
423;294
423;295
423;296
423;297
423;298
423;299
423;300
423;301
423;302
423;303
423;304
423;305
423;306
423;307
423;308
423;309
423;310
423;311
423;312
423;313
423;314
423;315
423;316
423;317
423;318
423;319
423;320
423;321
423;322
423;323
423;324
423;325
423;326
423;327
423;328
423;329
423;330
423;331
423;332
423;333
423;334
423;335
423;336
423;337
423;338
423;339
423;340
423;341
423;342
423;343
423;344
423;345
423;346
423;347
423;348
423;349
423;350
423;351
423;352
423;353
423;354
423;355
423;356
423;357
423;358
423;359
423;360
423;361
423;362
423;363
423;364
423;365
423;366
423;367
423;368
423;369
423;370
423;371
423;372
423;706
423;707
423;708
423;709
423;710
423;711
423;712
423;713
423;714
423;715
423;716
423;717
423;718
423;719
423;720
423;721
423;722
423;723
423;724
423;725
423;726
423;727
423;728
423;729
423;730
423;731
423;732
423;733
423;734
423;735
423;736
423;737
423;738
423;739
423;740
423;741
423;742
423;743
423;744
423;745
423;746
423;747
423;748
423;749
423;750
423;751
423;752
423;753
423;754
423;755
423;756
423;757
423;758
423;759
423;760
423;761
423;762
423;763
423;764
423;765
423;766
423;767
423;768
423;769
423;770
423;771
423;772
423;773
423;774
423;775
423;776
423;777
423;778
423;779
423;780
423;781
423;782
423;783
423;784
423;785
423;786
423;787
423;788
423;789
423;790
423;791
423;792
423;793
423;794
423;795
423;796
423;797
423;798
423;799
423;800
423;801
423;802
423;803
423;804
423;805
423;806
423;807
423;808
423;809
423;810
423;811
423;812
423;813
423;814
423;815
423;816
423;817
423;818
423;819
423;820
423;821
423;822
423;823
423;824
423;825
423;826
423;827
423;828
423;829
423;830
423;831
423;832
423;833
423;834
423;835
423;836
423;837
423;838
423;839
423;840
423;841
423;842
423;843
423;844
423;845
423;846
423;847
423;848
423;849
423;850
423;851
423;852
423;853
423;854
423;855
423;856
423;857
423;858
423;859
423;860
423;861
423;862
423;863
423;864
423;865
423;866
423;867
423;868
424;268
424;269
424;270
424;271
424;272
424;273
424;274
424;275
424;276
424;277
424;278
424;279
424;280
424;281
424;282
424;283
424;284
424;285
424;286
424;287
424;288
424;289
424;290
424;291
424;292
424;293
424;294
424;295
424;296
424;297
424;298
424;299
424;300
424;301
424;302
424;303
424;304
424;305
424;306
424;307
424;308
424;309
424;310
424;311
424;312
424;313
424;314
424;315
424;316
424;317
424;318
424;319
424;320
424;321
424;322
424;323
424;324
424;325
424;326
424;327
424;328
424;329
424;330
424;331
424;332
424;333
424;334
424;335
424;336
424;337
424;338
424;339
424;340
424;341
424;342
424;343
424;344
424;345
424;346
424;347
424;348
424;349
424;350
424;351
424;352
424;353
424;354
424;355
424;356
424;357
424;358
424;359
424;360
424;361
424;362
424;363
424;364
424;365
424;366
424;367
424;368
424;369
424;370
424;706
424;707
424;708
424;709
424;710
424;711
424;712
424;713
424;714
424;715
424;716
424;717
424;718
424;719
424;720
424;721
424;722
424;723
424;724
424;725
424;726
424;727
424;728
424;729
424;730
424;731
424;732
424;733
424;734
424;735
424;736
424;737
424;738
424;739
424;740
424;741
424;742
424;743
424;744
424;745
424;746
424;747
424;748
424;749
424;750
424;751
424;752
424;753
424;754
424;755
424;756
424;757
424;758
424;759
424;760
424;761
424;762
424;763
424;764
424;765
424;766
424;767
424;768
424;769
424;770
424;771
424;772
424;773
424;774
424;775
424;776
424;777
424;778
424;779
424;780
424;781
424;782
424;783
424;784
424;785
424;786
424;787
424;788
424;789
424;790
424;791
424;792
424;793
424;794
424;795
424;796
424;797
424;798
424;799
424;800
424;801
424;802
424;803
424;804
424;805
424;806
424;807
424;808
424;809
424;810
424;811
424;812
424;813
424;814
424;815
424;816
424;817
424;818
424;819
424;820
424;821
424;822
424;823
424;824
424;825
424;826
424;827
424;828
424;829
424;830
424;831
424;832
424;833
424;834
424;835
424;836
424;837
424;838
424;839
424;840
424;841
424;842
424;843
424;844
424;845
424;846
424;847
424;848
424;849
424;850
424;851
424;852
424;853
424;854
424;855
424;856
424;857
424;858
424;859
424;860
424;861
424;862
424;863
424;864
424;865
424;866
425;270
425;272
425;273
425;274
425;275
425;276
425;277
425;278
425;279
425;280
425;281
425;282
425;283
425;284
425;285
425;286
425;287
425;288
425;289
425;290
425;291
425;292
425;293
425;294
425;295
425;296
425;297
425;298
425;299
425;300
425;301
425;302
425;303
425;304
425;305
425;306
425;307
425;308
425;309
425;310
425;311
425;312
425;313
425;314
425;315
425;316
425;317
425;318
425;319
425;320
425;321
425;322
425;323
425;324
425;325
425;326
425;327
425;328
425;329
425;330
425;331
425;332
425;333
425;334
425;335
425;336
425;337
425;338
425;339
425;340
425;341
425;342
425;343
425;344
425;345
425;346
425;347
425;348
425;349
425;350
425;351
425;352
425;353
425;354
425;355
425;356
425;357
425;358
425;359
425;360
425;361
425;362
425;363
425;364
425;365
425;366
425;367
425;368
425;707
425;708
425;709
425;710
425;711
425;712
425;713
425;714
425;715
425;716
425;717
425;718
425;719
425;720
425;721
425;722
425;723
425;724
425;725
425;726
425;727
425;728
425;729
425;730
425;731
425;732
425;733
425;734
425;735
425;736
425;737
425;738
425;739
425;740
425;741
425;742
425;743
425;744
425;745
425;746
425;747
425;748
425;749
425;750
425;751
425;752
425;753
425;754
425;755
425;756
425;757
425;758
425;759
425;760
425;761
425;762
425;763
425;764
425;765
425;766
425;767
425;768
425;769
425;770
425;771
425;772
425;773
425;774
425;775
425;776
425;777
425;778
425;779
425;780
425;781
425;782
425;783
425;784
425;785
425;786
425;787
425;788
425;789
425;790
425;791
425;792
425;793
425;794
425;795
425;796
425;797
425;798
425;799
425;800
425;801
425;802
425;803
425;804
425;805
425;806
425;807
425;808
425;809
425;810
425;811
425;812
425;813
425;814
425;815
425;816
425;817
425;818
425;819
425;820
425;821
425;822
425;823
425;824
425;825
425;826
425;827
425;828
425;829
425;830
425;831
425;832
425;833
425;834
425;835
425;836
425;837
425;838
425;839
425;840
425;841
425;842
425;843
425;844
425;845
425;846
425;847
425;848
425;849
425;850
425;851
425;852
425;853
425;854
425;855
425;856
425;857
425;858
425;859
425;860
425;861
425;862
425;863
425;864
426;274
426;275
426;276
426;277
426;278
426;279
426;280
426;281
426;282
426;283
426;284
426;285
426;286
426;287
426;288
426;289
426;290
426;291
426;292
426;293
426;294
426;295
426;296
426;297
426;298
426;299
426;300
426;301
426;302
426;303
426;304
426;305
426;306
426;307
426;308
426;309
426;310
426;311
426;312
426;313
426;314
426;315
426;316
426;317
426;318
426;319
426;320
426;321
426;322
426;323
426;324
426;325
426;326
426;327
426;328
426;329
426;330
426;331
426;332
426;333
426;334
426;335
426;336
426;337
426;338
426;339
426;340
426;341
426;342
426;343
426;344
426;345
426;346
426;347
426;348
426;349
426;350
426;351
426;352
426;353
426;354
426;355
426;356
426;357
426;358
426;359
426;360
426;361
426;362
426;363
426;364
426;365
426;366
426;708
426;709
426;710
426;711
426;712
426;713
426;714
426;715
426;716
426;717
426;718
426;719
426;720
426;721
426;722
426;723
426;724
426;725
426;726
426;727
426;728
426;729
426;730
426;731
426;732
426;733
426;734
426;735
426;736
426;737
426;738
426;739
426;740
426;741
426;742
426;743
426;744
426;745
426;746
426;747
426;748
426;749
426;750
426;751
426;752
426;753
426;754
426;755
426;756
426;757
426;758
426;759
426;760
426;761
426;762
426;763
426;764
426;765
426;766
426;767
426;768
426;769
426;770
426;771
426;772
426;773
426;774
426;775
426;776
426;777
426;778
426;779
426;780
426;781
426;782
426;783
426;784
426;785
426;786
426;787
426;788
426;789
426;790
426;791
426;792
426;793
426;794
426;795
426;796
426;797
426;798
426;799
426;800
426;801
426;802
426;803
426;804
426;805
426;806
426;807
426;808
426;809
426;810
426;811
426;812
426;813
426;814
426;815
426;816
426;817
426;818
426;819
426;820
426;821
426;822
426;823
426;824
426;825
426;826
426;827
426;828
426;829
426;830
426;831
426;832
426;833
426;834
426;835
426;836
426;837
426;838
426;839
426;840
426;841
426;842
426;843
426;844
426;845
426;846
426;847
426;848
426;849
426;850
426;851
426;852
426;853
426;854
426;855
426;856
426;857
426;858
426;859
426;860
426;861
426;862
427;276
427;277
427;278
427;279
427;280
427;281
427;282
427;283
427;284
427;285
427;286
427;287
427;288
427;289
427;290
427;291
427;292
427;293
427;294
427;295
427;296
427;297
427;298
427;299
427;300
427;301
427;302
427;303
427;304
427;305
427;306
427;307
427;308
427;309
427;310
427;311
427;312
427;313
427;314
427;315
427;316
427;317
427;318
427;319
427;320
427;321
427;322
427;323
427;324
427;325
427;326
427;327
427;328
427;329
427;330
427;331
427;332
427;333
427;334
427;335
427;336
427;337
427;338
427;339
427;340
427;341
427;342
427;343
427;344
427;345
427;346
427;347
427;348
427;349
427;350
427;351
427;352
427;353
427;354
427;355
427;356
427;357
427;358
427;359
427;360
427;361
427;362
427;363
427;364
427;708
427;709
427;710
427;711
427;712
427;713
427;714
427;715
427;716
427;717
427;718
427;719
427;720
427;721
427;722
427;723
427;724
427;725
427;726
427;727
427;728
427;729
427;730
427;731
427;732
427;733
427;734
427;735
427;736
427;737
427;738
427;739
427;740
427;741
427;742
427;743
427;744
427;745
427;746
427;747
427;748
427;749
427;750
427;751
427;752
427;753
427;754
427;755
427;756
427;757
427;758
427;759
427;760
427;761
427;762
427;763
427;764
427;765
427;766
427;767
427;768
427;769
427;770
427;771
427;772
427;773
427;774
427;775
427;776
427;777
427;778
427;779
427;780
427;781
427;782
427;783
427;784
427;785
427;786
427;787
427;788
427;789
427;790
427;791
427;792
427;793
427;794
427;795
427;796
427;797
427;798
427;799
427;800
427;801
427;802
427;803
427;804
427;805
427;806
427;807
427;808
427;809
427;810
427;811
427;812
427;813
427;814
427;815
427;816
427;817
427;818
427;819
427;820
427;821
427;822
427;823
427;824
427;825
427;826
427;827
427;828
427;829
427;830
427;831
427;832
427;833
427;834
427;835
427;836
427;837
427;838
427;839
427;840
427;841
427;842
427;843
427;844
427;845
427;846
427;847
427;848
427;849
427;850
427;851
427;852
427;853
427;854
427;855
427;856
427;857
427;858
427;859
427;860
428;278
428;279
428;280
428;281
428;282
428;283
428;284
428;285
428;286
428;287
428;288
428;289
428;290
428;291
428;292
428;293
428;294
428;295
428;296
428;297
428;298
428;299
428;300
428;301
428;302
428;303
428;304
428;305
428;306
428;307
428;308
428;309
428;310
428;311
428;312
428;313
428;314
428;315
428;316
428;317
428;318
428;319
428;320
428;321
428;322
428;323
428;324
428;325
428;326
428;327
428;328
428;329
428;330
428;331
428;332
428;333
428;334
428;335
428;336
428;337
428;338
428;339
428;340
428;341
428;342
428;343
428;344
428;345
428;346
428;347
428;348
428;349
428;350
428;351
428;352
428;353
428;354
428;355
428;356
428;357
428;358
428;359
428;360
428;362
428;709
428;710
428;711
428;712
428;713
428;714
428;715
428;716
428;717
428;718
428;719
428;720
428;721
428;722
428;723
428;724
428;725
428;726
428;727
428;728
428;729
428;730
428;731
428;732
428;733
428;734
428;735
428;736
428;737
428;738
428;739
428;740
428;741
428;742
428;743
428;744
428;745
428;746
428;747
428;748
428;749
428;750
428;751
428;752
428;753
428;754
428;755
428;756
428;757
428;758
428;759
428;760
428;761
428;762
428;763
428;764
428;765
428;766
428;767
428;768
428;769
428;770
428;771
428;772
428;773
428;774
428;775
428;776
428;777
428;778
428;779
428;780
428;781
428;782
428;783
428;784
428;785
428;786
428;787
428;788
428;789
428;790
428;791
428;792
428;793
428;794
428;795
428;796
428;797
428;798
428;799
428;800
428;801
428;802
428;803
428;804
428;805
428;806
428;807
428;808
428;809
428;810
428;811
428;812
428;813
428;814
428;815
428;816
428;817
428;818
428;819
428;820
428;821
428;822
428;823
428;824
428;825
428;826
428;827
428;828
428;829
428;830
428;831
428;832
428;833
428;834
428;835
428;836
428;837
428;838
428;839
428;840
428;841
428;842
428;843
428;844
428;845
428;846
428;847
428;848
428;849
428;850
428;851
428;852
428;853
428;854
428;855
428;856
428;857
428;858
429;280
429;281
429;282
429;283
429;284
429;285
429;286
429;287
429;288
429;289
429;290
429;291
429;292
429;293
429;294
429;295
429;296
429;297
429;298
429;299
429;300
429;301
429;302
429;303
429;304
429;305
429;306
429;307
429;308
429;309
429;310
429;311
429;312
429;313
429;314
429;315
429;316
429;317
429;318
429;319
429;320
429;321
429;322
429;323
429;324
429;325
429;326
429;327
429;328
429;329
429;330
429;331
429;332
429;333
429;334
429;335
429;336
429;337
429;338
429;339
429;340
429;341
429;342
429;343
429;344
429;345
429;346
429;347
429;348
429;349
429;350
429;351
429;352
429;353
429;354
429;355
429;356
429;357
429;358
429;710
429;711
429;712
429;713
429;714
429;715
429;716
429;717
429;718
429;719
429;720
429;721
429;722
429;723
429;724
429;725
429;726
429;727
429;728
429;729
429;730
429;731
429;732
429;733
429;734
429;735
429;736
429;737
429;738
429;739
429;740
429;741
429;742
429;743
429;744
429;745
429;746
429;747
429;748
429;749
429;750
429;751
429;752
429;753
429;754
429;755
429;756
429;757
429;758
429;759
429;760
429;761
429;762
429;763
429;764
429;765
429;766
429;767
429;768
429;769
429;770
429;771
429;772
429;773
429;774
429;775
429;776
429;777
429;778
429;779
429;780
429;781
429;782
429;783
429;784
429;785
429;786
429;787
429;788
429;789
429;790
429;791
429;792
429;793
429;794
429;795
429;796
429;797
429;798
429;799
429;800
429;801
429;802
429;803
429;804
429;805
429;806
429;807
429;808
429;809
429;810
429;811
429;812
429;813
429;814
429;815
429;816
429;817
429;818
429;819
429;820
429;821
429;822
429;823
429;824
429;825
429;826
429;827
429;828
429;829
429;830
429;831
429;832
429;833
429;834
429;835
429;836
429;837
429;838
429;839
429;840
429;841
429;842
429;843
429;844
429;845
429;846
429;847
429;848
429;849
429;850
429;851
429;852
429;853
429;854
429;855
429;856
430;284
430;285
430;286
430;287
430;288
430;289
430;290
430;291
430;292
430;293
430;294
430;295
430;296
430;297
430;298
430;299
430;300
430;301
430;302
430;303
430;304
430;305
430;306
430;307
430;308
430;309
430;310
430;311
430;312
430;313
430;314
430;315
430;316
430;317
430;318
430;319
430;320
430;321
430;322
430;323
430;324
430;325
430;326
430;327
430;328
430;329
430;330
430;331
430;332
430;333
430;334
430;335
430;336
430;337
430;338
430;339
430;340
430;341
430;342
430;343
430;344
430;345
430;346
430;347
430;348
430;349
430;350
430;351
430;352
430;353
430;354
430;355
430;356
430;710
430;711
430;712
430;713
430;714
430;715
430;716
430;717
430;718
430;719
430;720
430;721
430;722
430;723
430;724
430;725
430;726
430;727
430;728
430;729
430;730
430;731
430;732
430;733
430;734
430;735
430;736
430;737
430;738
430;739
430;740
430;741
430;742
430;743
430;744
430;745
430;746
430;747
430;748
430;749
430;750
430;751
430;752
430;753
430;754
430;755
430;756
430;757
430;758
430;759
430;760
430;761
430;762
430;763
430;764
430;765
430;766
430;767
430;768
430;769
430;770
430;771
430;772
430;773
430;774
430;775
430;776
430;777
430;778
430;779
430;780
430;781
430;782
430;783
430;784
430;785
430;786
430;787
430;788
430;789
430;790
430;791
430;792
430;793
430;794
430;795
430;796
430;797
430;798
430;799
430;800
430;801
430;802
430;803
430;804
430;805
430;806
430;807
430;808
430;809
430;810
430;811
430;812
430;813
430;814
430;815
430;816
430;817
430;818
430;819
430;820
430;821
430;822
430;823
430;824
430;825
430;826
430;827
430;828
430;829
430;830
430;831
430;832
430;833
430;834
430;835
430;836
430;837
430;838
430;839
430;840
430;841
430;842
430;843
430;844
430;845
430;846
430;847
430;848
430;849
430;850
430;851
430;852
430;853
430;854
431;286
431;288
431;289
431;290
431;291
431;292
431;293
431;294
431;295
431;296
431;297
431;298
431;299
431;300
431;301
431;302
431;303
431;304
431;305
431;306
431;307
431;308
431;309
431;310
431;311
431;312
431;313
431;314
431;315
431;316
431;317
431;318
431;319
431;320
431;321
431;322
431;323
431;324
431;325
431;326
431;327
431;328
431;329
431;330
431;331
431;332
431;333
431;334
431;335
431;336
431;337
431;338
431;339
431;340
431;341
431;342
431;343
431;344
431;345
431;346
431;347
431;348
431;349
431;350
431;351
431;352
431;711
431;712
431;713
431;714
431;715
431;716
431;717
431;718
431;719
431;720
431;721
431;722
431;723
431;724
431;725
431;726
431;727
431;728
431;729
431;730
431;731
431;732
431;733
431;734
431;735
431;736
431;737
431;738
431;739
431;740
431;741
431;742
431;743
431;744
431;745
431;746
431;747
431;748
431;749
431;750
431;751
431;752
431;753
431;754
431;755
431;756
431;757
431;758
431;759
431;760
431;761
431;762
431;763
431;764
431;765
431;766
431;767
431;768
431;769
431;770
431;771
431;772
431;773
431;774
431;775
431;776
431;777
431;778
431;779
431;780
431;781
431;782
431;783
431;784
431;785
431;786
431;787
431;788
431;789
431;790
431;791
431;792
431;793
431;794
431;795
431;796
431;797
431;798
431;799
431;800
431;801
431;802
431;803
431;804
431;805
431;806
431;807
431;808
431;809
431;810
431;811
431;812
431;813
431;814
431;815
431;816
431;817
431;818
431;819
431;820
431;821
431;822
431;823
431;824
431;825
431;826
431;827
431;828
431;829
431;830
431;831
431;832
431;833
431;834
431;835
431;836
431;837
431;838
431;839
431;840
431;841
431;842
431;843
431;844
431;845
431;846
431;847
431;848
431;849
431;850
431;851
431;852
432;290
432;291
432;292
432;293
432;294
432;295
432;296
432;297
432;298
432;299
432;300
432;301
432;302
432;303
432;304
432;305
432;306
432;307
432;308
432;309
432;310
432;311
432;312
432;313
432;314
432;315
432;316
432;317
432;318
432;319
432;320
432;321
432;322
432;323
432;324
432;325
432;326
432;327
432;328
432;329
432;330
432;331
432;332
432;333
432;334
432;335
432;336
432;337
432;338
432;339
432;340
432;341
432;342
432;343
432;344
432;345
432;346
432;347
432;348
432;350
432;712
432;713
432;714
432;715
432;716
432;717
432;718
432;719
432;720
432;721
432;722
432;723
432;724
432;725
432;726
432;727
432;728
432;729
432;730
432;731
432;732
432;733
432;734
432;735
432;736
432;737
432;738
432;739
432;740
432;741
432;742
432;743
432;744
432;745
432;746
432;747
432;748
432;749
432;750
432;751
432;752
432;753
432;754
432;755
432;756
432;757
432;758
432;759
432;760
432;761
432;762
432;763
432;764
432;765
432;766
432;767
432;768
432;769
432;770
432;771
432;772
432;773
432;774
432;775
432;776
432;777
432;778
432;779
432;780
432;781
432;782
432;783
432;784
432;785
432;786
432;787
432;788
432;789
432;790
432;791
432;792
432;793
432;794
432;795
432;796
432;797
432;798
432;799
432;800
432;801
432;802
432;803
432;804
432;805
432;806
432;807
432;808
432;809
432;810
432;811
432;812
432;813
432;814
432;815
432;816
432;817
432;818
432;819
432;820
432;821
432;822
432;823
432;824
432;825
432;826
432;827
432;828
432;829
432;830
432;831
432;832
432;833
432;834
432;835
432;836
432;837
432;838
432;839
432;840
432;841
432;842
432;843
432;844
432;845
432;846
432;847
432;848
432;849
432;850
432;851
433;294
433;296
433;297
433;298
433;299
433;300
433;301
433;302
433;303
433;304
433;305
433;306
433;307
433;308
433;309
433;310
433;311
433;312
433;313
433;314
433;315
433;316
433;317
433;318
433;319
433;320
433;321
433;322
433;323
433;324
433;325
433;326
433;327
433;328
433;329
433;330
433;331
433;332
433;333
433;334
433;335
433;336
433;337
433;338
433;339
433;340
433;341
433;342
433;343
433;344
433;346
433;712
433;713
433;714
433;715
433;716
433;717
433;718
433;719
433;720
433;721
433;722
433;723
433;724
433;725
433;726
433;727
433;728
433;729
433;730
433;731
433;732
433;733
433;734
433;735
433;736
433;737
433;738
433;739
433;740
433;741
433;742
433;743
433;744
433;745
433;746
433;747
433;748
433;749
433;750
433;751
433;752
433;753
433;754
433;755
433;756
433;757
433;758
433;759
433;760
433;761
433;762
433;763
433;764
433;765
433;766
433;767
433;768
433;769
433;770
433;771
433;772
433;773
433;774
433;775
433;776
433;777
433;778
433;779
433;780
433;781
433;782
433;783
433;784
433;785
433;786
433;787
433;788
433;789
433;790
433;791
433;792
433;793
433;794
433;795
433;796
433;797
433;798
433;799
433;800
433;801
433;802
433;803
433;804
433;805
433;806
433;807
433;808
433;809
433;810
433;811
433;812
433;813
433;814
433;815
433;816
433;817
433;818
433;819
433;820
433;821
433;822
433;823
433;824
433;825
433;826
433;827
433;828
433;829
433;830
433;831
433;832
433;833
433;834
433;835
433;836
433;837
433;838
433;839
433;840
433;841
433;842
433;843
433;844
433;845
433;846
433;847
433;848
433;849
433;850
434;298
434;300
434;301
434;302
434;303
434;304
434;305
434;306
434;307
434;308
434;309
434;310
434;311
434;312
434;313
434;314
434;315
434;316
434;317
434;318
434;319
434;320
434;321
434;322
434;323
434;324
434;325
434;326
434;327
434;328
434;329
434;330
434;331
434;332
434;333
434;334
434;335
434;336
434;337
434;338
434;340
434;713
434;714
434;715
434;716
434;717
434;718
434;719
434;720
434;721
434;722
434;723
434;724
434;725
434;726
434;727
434;728
434;729
434;730
434;731
434;732
434;733
434;734
434;735
434;736
434;737
434;738
434;739
434;740
434;741
434;742
434;743
434;744
434;745
434;746
434;747
434;748
434;749
434;750
434;751
434;752
434;753
434;754
434;755
434;756
434;757
434;758
434;759
434;760
434;761
434;762
434;763
434;764
434;765
434;766
434;767
434;768
434;769
434;770
434;771
434;772
434;773
434;774
434;775
434;776
434;777
434;778
434;779
434;780
434;781
434;782
434;783
434;784
434;785
434;786
434;787
434;788
434;789
434;790
434;791
434;792
434;793
434;794
434;795
434;796
434;797
434;798
434;799
434;800
434;801
434;802
434;803
434;804
434;805
434;806
434;807
434;808
434;809
434;810
434;811
434;812
434;813
434;814
434;815
434;816
434;817
434;818
434;819
434;820
434;821
434;822
434;823
434;824
434;825
434;826
434;827
434;828
434;829
434;830
434;831
434;832
434;833
434;834
434;835
434;836
434;837
434;838
434;839
434;840
434;841
434;842
434;843
434;844
434;845
434;846
434;847
434;848
435;304
435;306
435;308
435;309
435;310
435;311
435;312
435;313
435;314
435;315
435;316
435;317
435;318
435;319
435;320
435;321
435;322
435;323
435;324
435;325
435;326
435;327
435;328
435;329
435;330
435;332
435;334
435;714
435;715
435;716
435;717
435;718
435;719
435;720
435;721
435;722
435;723
435;724
435;725
435;726
435;727
435;728
435;729
435;730
435;731
435;732
435;733
435;734
435;735
435;736
435;737
435;738
435;739
435;740
435;741
435;742
435;743
435;744
435;745
435;746
435;747
435;748
435;749
435;750
435;751
435;752
435;753
435;754
435;755
435;756
435;757
435;758
435;759
435;760
435;761
435;762
435;763
435;764
435;765
435;766
435;767
435;768
435;769
435;770
435;771
435;772
435;773
435;774
435;775
435;776
435;777
435;778
435;779
435;780
435;781
435;782
435;783
435;784
435;785
435;786
435;787
435;788
435;789
435;790
435;791
435;792
435;793
435;794
435;795
435;796
435;797
435;798
435;799
435;800
435;801
435;802
435;803
435;804
435;805
435;806
435;807
435;808
435;809
435;810
435;811
435;812
435;813
435;814
435;815
435;816
435;817
435;818
435;819
435;820
435;821
435;822
435;823
435;824
435;825
435;826
435;827
435;828
435;829
435;830
435;831
435;832
435;833
435;834
435;835
435;836
435;837
435;838
435;839
435;840
435;841
435;842
435;843
435;844
435;845
435;846
436;318
436;320
436;322
436;714
436;715
436;716
436;717
436;718
436;719
436;720
436;721
436;722
436;723
436;724
436;725
436;726
436;727
436;728
436;729
436;730
436;731
436;732
436;733
436;734
436;735
436;736
436;737
436;738
436;739
436;740
436;741
436;742
436;743
436;744
436;745
436;746
436;747
436;748
436;749
436;750
436;751
436;752
436;753
436;754
436;755
436;756
436;757
436;758
436;759
436;760
436;761
436;762
436;763
436;764
436;765
436;766
436;767
436;768
436;769
436;770
436;771
436;772
436;773
436;774
436;775
436;776
436;777
436;778
436;779
436;780
436;781
436;782
436;783
436;784
436;785
436;786
436;787
436;788
436;789
436;790
436;791
436;792
436;793
436;794
436;795
436;796
436;797
436;798
436;799
436;800
436;801
436;802
436;803
436;804
436;805
436;806
436;807
436;808
436;809
436;810
436;811
436;812
436;813
436;814
436;815
436;816
436;817
436;818
436;819
436;820
436;821
436;822
436;823
436;824
436;825
436;826
436;827
436;828
436;829
436;830
436;831
436;832
436;833
436;834
436;835
436;836
436;837
436;838
436;839
436;840
436;841
436;842
436;843
436;844
437;716
437;717
437;718
437;719
437;720
437;721
437;722
437;723
437;724
437;725
437;726
437;727
437;728
437;729
437;730
437;731
437;732
437;733
437;734
437;735
437;736
437;737
437;738
437;739
437;740
437;741
437;742
437;743
437;744
437;745
437;746
437;747
437;748
437;749
437;750
437;751
437;752
437;753
437;754
437;755
437;756
437;757
437;758
437;759
437;760
437;761
437;762
437;763
437;764
437;765
437;766
437;767
437;768
437;769
437;770
437;771
437;772
437;773
437;774
437;775
437;776
437;777
437;778
437;779
437;780
437;781
437;782
437;783
437;784
437;785
437;786
437;787
437;788
437;789
437;790
437;791
437;792
437;793
437;794
437;795
437;796
437;797
437;798
437;799
437;800
437;801
437;802
437;803
437;804
437;805
437;806
437;807
437;808
437;809
437;810
437;811
437;812
437;813
437;814
437;815
437;816
437;817
437;818
437;819
437;820
437;821
437;822
437;823
437;824
437;825
437;826
437;827
437;828
437;829
437;830
437;831
437;832
437;833
437;834
437;835
437;836
437;837
437;838
437;839
437;840
437;841
437;842
438;716
438;717
438;718
438;719
438;720
438;721
438;722
438;723
438;724
438;725
438;726
438;727
438;728
438;729
438;730
438;731
438;732
438;733
438;734
438;735
438;736
438;737
438;738
438;739
438;740
438;741
438;742
438;743
438;744
438;745
438;746
438;747
438;748
438;749
438;750
438;751
438;752
438;753
438;754
438;755
438;756
438;757
438;758
438;759
438;760
438;761
438;762
438;763
438;764
438;765
438;766
438;767
438;768
438;769
438;770
438;771
438;772
438;773
438;774
438;775
438;776
438;777
438;778
438;779
438;780
438;781
438;782
438;783
438;784
438;785
438;786
438;787
438;788
438;789
438;790
438;791
438;792
438;793
438;794
438;795
438;796
438;797
438;798
438;799
438;800
438;801
438;802
438;803
438;804
438;805
438;806
438;807
438;808
438;809
438;810
438;811
438;812
438;813
438;814
438;815
438;816
438;817
438;818
438;819
438;820
438;821
438;822
438;823
438;824
438;825
438;826
438;827
438;828
438;829
438;830
438;831
438;832
438;833
438;834
438;835
438;836
438;837
438;838
438;839
438;840
439;717
439;718
439;719
439;720
439;721
439;722
439;723
439;724
439;725
439;726
439;727
439;728
439;729
439;730
439;731
439;732
439;733
439;734
439;735
439;736
439;737
439;738
439;739
439;740
439;741
439;742
439;743
439;744
439;745
439;746
439;747
439;748
439;749
439;750
439;751
439;752
439;753
439;754
439;755
439;756
439;757
439;758
439;759
439;760
439;761
439;762
439;763
439;764
439;765
439;766
439;767
439;768
439;769
439;770
439;771
439;772
439;773
439;774
439;775
439;776
439;777
439;778
439;779
439;780
439;781
439;782
439;783
439;784
439;785
439;786
439;787
439;788
439;789
439;790
439;791
439;792
439;793
439;794
439;795
439;796
439;797
439;798
439;799
439;800
439;801
439;802
439;803
439;804
439;805
439;806
439;807
439;808
439;809
439;810
439;811
439;812
439;813
439;814
439;815
439;816
439;817
439;818
439;819
439;820
439;821
439;822
439;823
439;824
439;825
439;826
439;827
439;828
439;829
439;830
439;831
439;832
439;833
439;834
439;835
439;836
439;837
439;838
440;718
440;719
440;720
440;721
440;722
440;723
440;724
440;725
440;726
440;727
440;728
440;729
440;730
440;731
440;732
440;733
440;734
440;735
440;736
440;737
440;738
440;739
440;740
440;741
440;742
440;743
440;744
440;745
440;746
440;747
440;748
440;749
440;750
440;751
440;752
440;753
440;754
440;755
440;756
440;757
440;758
440;759
440;760
440;761
440;762
440;763
440;764
440;765
440;766
440;767
440;768
440;769
440;770
440;771
440;772
440;773
440;774
440;775
440;776
440;777
440;778
440;779
440;780
440;781
440;782
440;783
440;784
440;785
440;786
440;787
440;788
440;789
440;790
440;791
440;792
440;793
440;794
440;795
440;796
440;797
440;798
440;799
440;800
440;801
440;802
440;803
440;804
440;805
440;806
440;807
440;808
440;809
440;810
440;811
440;812
440;813
440;814
440;815
440;816
440;817
440;818
440;819
440;820
440;821
440;822
440;823
440;824
440;825
440;826
440;827
440;828
440;829
440;830
440;831
440;832
440;833
440;834
440;835
440;836
441;718
441;719
441;720
441;721
441;722
441;723
441;724
441;725
441;726
441;727
441;728
441;729
441;730
441;731
441;732
441;733
441;734
441;735
441;736
441;737
441;738
441;739
441;740
441;741
441;742
441;743
441;744
441;745
441;746
441;747
441;748
441;749
441;750
441;751
441;752
441;753
441;754
441;755
441;756
441;757
441;758
441;759
441;760
441;761
441;762
441;763
441;764
441;765
441;766
441;767
441;768
441;769
441;770
441;771
441;772
441;773
441;774
441;775
441;776
441;777
441;778
441;779
441;780
441;781
441;782
441;783
441;784
441;785
441;786
441;787
441;788
441;789
441;790
441;791
441;792
441;793
441;794
441;795
441;796
441;797
441;798
441;799
441;800
441;801
441;802
441;803
441;804
441;805
441;806
441;807
441;808
441;809
441;810
441;811
441;812
441;813
441;814
441;815
441;816
441;817
441;818
441;819
441;820
441;821
441;822
441;823
441;824
441;825
441;826
441;827
441;828
441;829
441;830
441;831
441;832
441;833
441;834
442;719
442;720
442;721
442;722
442;723
442;724
442;725
442;726
442;727
442;728
442;729
442;730
442;731
442;732
442;733
442;734
442;735
442;736
442;737
442;738
442;739
442;740
442;741
442;742
442;743
442;744
442;745
442;746
442;747
442;748
442;749
442;750
442;751
442;752
442;753
442;754
442;755
442;756
442;757
442;758
442;759
442;760
442;761
442;762
442;763
442;764
442;765
442;766
442;767
442;768
442;769
442;770
442;771
442;772
442;773
442;774
442;775
442;776
442;777
442;778
442;779
442;780
442;781
442;782
442;783
442;784
442;785
442;786
442;787
442;788
442;789
442;790
442;791
442;792
442;793
442;794
442;795
442;796
442;797
442;798
442;799
442;800
442;801
442;802
442;803
442;804
442;805
442;806
442;807
442;808
442;809
442;810
442;811
442;812
442;813
442;814
442;815
442;816
442;817
442;818
442;819
442;820
442;821
442;822
442;823
442;824
442;825
442;826
442;827
442;828
442;829
442;830
442;831
442;832
443;720
443;721
443;722
443;723
443;724
443;725
443;726
443;727
443;728
443;729
443;730
443;731
443;732
443;733
443;734
443;735
443;736
443;737
443;738
443;739
443;740
443;741
443;742
443;743
443;744
443;745
443;746
443;747
443;748
443;749
443;750
443;751
443;752
443;753
443;754
443;755
443;756
443;757
443;758
443;759
443;760
443;761
443;762
443;763
443;764
443;765
443;766
443;767
443;768
443;769
443;770
443;771
443;772
443;773
443;774
443;775
443;776
443;777
443;778
443;779
443;780
443;781
443;782
443;783
443;784
443;785
443;786
443;787
443;788
443;789
443;790
443;791
443;792
443;793
443;794
443;795
443;796
443;797
443;798
443;799
443;800
443;801
443;802
443;803
443;804
443;805
443;806
443;807
443;808
443;809
443;810
443;811
443;812
443;813
443;814
443;815
443;816
443;817
443;818
443;819
443;820
443;821
443;822
443;823
443;824
443;825
443;826
443;827
443;828
443;829
443;830
444;720
444;721
444;722
444;723
444;724
444;725
444;726
444;727
444;728
444;729
444;730
444;731
444;732
444;733
444;734
444;735
444;736
444;737
444;738
444;739
444;740
444;741
444;742
444;743
444;744
444;745
444;746
444;747
444;748
444;749
444;750
444;751
444;752
444;753
444;754
444;755
444;756
444;757
444;758
444;759
444;760
444;761
444;762
444;763
444;764
444;765
444;766
444;767
444;768
444;769
444;770
444;771
444;772
444;773
444;774
444;775
444;776
444;777
444;778
444;779
444;780
444;781
444;782
444;783
444;784
444;785
444;786
444;787
444;788
444;789
444;790
444;791
444;792
444;793
444;794
444;795
444;796
444;797
444;798
444;799
444;800
444;801
444;802
444;803
444;804
444;805
444;806
444;807
444;808
444;809
444;810
444;811
444;812
444;813
444;814
444;815
444;816
444;817
444;818
444;819
444;820
444;821
444;822
444;823
444;824
444;825
444;826
444;827
444;828
445;721
445;722
445;723
445;724
445;725
445;726
445;727
445;728
445;729
445;730
445;731
445;732
445;733
445;734
445;735
445;736
445;737
445;738
445;739
445;740
445;741
445;742
445;743
445;744
445;745
445;746
445;747
445;748
445;749
445;750
445;751
445;752
445;753
445;754
445;755
445;756
445;757
445;758
445;759
445;760
445;761
445;762
445;763
445;764
445;765
445;766
445;767
445;768
445;769
445;770
445;771
445;772
445;773
445;774
445;775
445;776
445;777
445;778
445;779
445;780
445;781
445;782
445;783
445;784
445;785
445;786
445;787
445;788
445;789
445;790
445;791
445;792
445;793
445;794
445;795
445;796
445;797
445;798
445;799
445;800
445;801
445;802
445;803
445;804
445;805
445;806
445;807
445;808
445;809
445;810
445;811
445;812
445;813
445;814
445;815
445;816
445;817
445;818
445;819
445;820
445;821
445;822
445;823
445;824
445;825
445;826
446;722
446;723
446;724
446;725
446;726
446;727
446;728
446;729
446;730
446;731
446;732
446;733
446;734
446;735
446;736
446;737
446;738
446;739
446;740
446;741
446;742
446;743
446;744
446;745
446;746
446;747
446;748
446;749
446;750
446;751
446;752
446;753
446;754
446;755
446;756
446;757
446;758
446;759
446;760
446;761
446;762
446;763
446;764
446;765
446;766
446;767
446;768
446;769
446;770
446;771
446;772
446;773
446;774
446;775
446;776
446;777
446;778
446;779
446;780
446;781
446;782
446;783
446;784
446;785
446;786
446;787
446;788
446;789
446;790
446;791
446;792
446;793
446;794
446;795
446;796
446;797
446;798
446;799
446;800
446;801
446;802
446;803
446;804
446;805
446;806
446;807
446;808
446;809
446;810
446;811
446;812
446;813
446;814
446;815
446;816
446;817
446;818
446;819
446;820
446;821
446;822
446;823
446;824
446;825
446;826
447;722
447;723
447;724
447;725
447;726
447;727
447;728
447;729
447;730
447;731
447;732
447;733
447;734
447;735
447;736
447;737
447;738
447;739
447;740
447;741
447;742
447;743
447;744
447;745
447;746
447;747
447;748
447;749
447;750
447;751
447;752
447;753
447;754
447;755
447;756
447;757
447;758
447;759
447;760
447;761
447;762
447;763
447;764
447;765
447;766
447;767
447;768
447;769
447;770
447;771
447;772
447;773
447;774
447;775
447;776
447;777
447;778
447;779
447;780
447;781
447;782
447;783
447;784
447;785
447;786
447;787
447;788
447;789
447;790
447;791
447;792
447;793
447;794
447;795
447;796
447;797
447;798
447;799
447;800
447;801
447;802
447;803
447;804
447;805
447;806
447;807
447;808
447;809
447;810
447;811
447;812
447;813
447;814
447;815
447;816
447;817
447;818
447;819
447;820
447;821
447;822
447;823
447;824
448;723
448;724
448;725
448;726
448;727
448;728
448;729
448;730
448;731
448;732
448;733
448;734
448;735
448;736
448;737
448;738
448;739
448;740
448;741
448;742
448;743
448;744
448;745
448;746
448;747
448;748
448;749
448;750
448;751
448;752
448;753
448;754
448;755
448;756
448;757
448;758
448;759
448;760
448;761
448;762
448;763
448;764
448;765
448;766
448;767
448;768
448;769
448;770
448;771
448;772
448;773
448;774
448;775
448;776
448;777
448;778
448;779
448;780
448;781
448;782
448;783
448;784
448;785
448;786
448;787
448;788
448;789
448;790
448;791
448;792
448;793
448;794
448;795
448;796
448;797
448;798
448;799
448;800
448;801
448;802
448;803
448;804
448;805
448;806
448;807
448;808
448;809
448;810
448;811
448;812
448;813
448;814
448;815
448;816
448;817
448;818
448;819
448;820
448;821
448;822
449;724
449;725
449;726
449;727
449;728
449;729
449;730
449;731
449;732
449;733
449;734
449;735
449;736
449;737
449;738
449;739
449;740
449;741
449;742
449;743
449;744
449;745
449;746
449;747
449;748
449;749
449;750
449;751
449;752
449;753
449;754
449;755
449;756
449;757
449;758
449;759
449;760
449;761
449;762
449;763
449;764
449;765
449;766
449;767
449;768
449;769
449;770
449;771
449;772
449;773
449;774
449;775
449;776
449;777
449;778
449;779
449;780
449;781
449;782
449;783
449;784
449;785
449;786
449;787
449;788
449;789
449;790
449;791
449;792
449;793
449;794
449;795
449;796
449;797
449;798
449;799
449;800
449;801
449;802
449;803
449;804
449;805
449;806
449;807
449;808
449;809
449;810
449;811
449;812
449;813
449;814
449;815
449;816
449;817
449;818
449;819
449;820
450;725
450;726
450;727
450;728
450;729
450;730
450;731
450;732
450;733
450;734
450;735
450;736
450;737
450;738
450;739
450;740
450;741
450;742
450;743
450;744
450;745
450;746
450;747
450;748
450;749
450;750
450;751
450;752
450;753
450;754
450;755
450;756
450;757
450;758
450;759
450;760
450;761
450;762
450;763
450;764
450;765
450;766
450;767
450;768
450;769
450;770
450;771
450;772
450;773
450;774
450;775
450;776
450;777
450;778
450;779
450;780
450;781
450;782
450;783
450;784
450;785
450;786
450;787
450;788
450;789
450;790
450;791
450;792
450;793
450;794
450;795
450;796
450;797
450;798
450;799
450;800
450;801
450;802
450;803
450;804
450;805
450;806
450;807
450;808
450;809
450;810
450;811
450;812
450;813
450;814
450;815
450;816
450;817
450;818
451;726
451;727
451;728
451;729
451;730
451;731
451;732
451;733
451;734
451;735
451;736
451;737
451;738
451;739
451;740
451;741
451;742
451;743
451;744
451;745
451;746
451;747
451;748
451;749
451;750
451;751
451;752
451;753
451;754
451;755
451;756
451;757
451;758
451;759
451;760
451;761
451;762
451;763
451;764
451;765
451;766
451;767
451;768
451;769
451;770
451;771
451;772
451;773
451;774
451;775
451;776
451;777
451;778
451;779
451;780
451;781
451;782
451;783
451;784
451;785
451;786
451;787
451;788
451;789
451;790
451;791
451;792
451;793
451;794
451;795
451;796
451;797
451;798
451;799
451;800
451;801
451;802
451;803
451;804
451;805
451;806
451;807
451;808
451;809
451;810
451;811
451;812
451;813
451;814
451;815
451;816
452;726
452;727
452;728
452;729
452;730
452;731
452;732
452;733
452;734
452;735
452;736
452;737
452;738
452;739
452;740
452;741
452;742
452;743
452;744
452;745
452;746
452;747
452;748
452;749
452;750
452;751
452;752
452;753
452;754
452;755
452;756
452;757
452;758
452;759
452;760
452;761
452;762
452;763
452;764
452;765
452;766
452;767
452;768
452;769
452;770
452;771
452;772
452;773
452;774
452;775
452;776
452;777
452;778
452;779
452;780
452;781
452;782
452;783
452;784
452;785
452;786
452;787
452;788
452;789
452;790
452;791
452;792
452;793
452;794
452;795
452;796
452;797
452;798
452;799
452;800
452;801
452;802
452;803
452;804
452;805
452;806
452;807
452;808
452;809
452;810
452;811
452;812
452;813
452;814
453;727
453;728
453;729
453;730
453;731
453;732
453;733
453;734
453;735
453;736
453;737
453;738
453;739
453;740
453;741
453;742
453;743
453;744
453;745
453;746
453;747
453;748
453;749
453;750
453;751
453;752
453;753
453;754
453;755
453;756
453;757
453;758
453;759
453;760
453;761
453;762
453;763
453;764
453;765
453;766
453;767
453;768
453;769
453;770
453;771
453;772
453;773
453;774
453;775
453;776
453;777
453;778
453;779
453;780
453;781
453;782
453;783
453;784
453;785
453;786
453;787
453;788
453;789
453;790
453;791
453;792
453;793
453;794
453;795
453;796
453;797
453;798
453;799
453;800
453;801
453;802
453;803
453;804
453;805
453;806
453;807
453;808
453;809
453;810
453;811
453;812
454;728
454;729
454;730
454;731
454;732
454;733
454;734
454;735
454;736
454;737
454;738
454;739
454;740
454;741
454;742
454;743
454;744
454;745
454;746
454;747
454;748
454;749
454;750
454;751
454;752
454;753
454;754
454;755
454;756
454;757
454;758
454;759
454;760
454;761
454;762
454;763
454;764
454;765
454;766
454;767
454;768
454;769
454;770
454;771
454;772
454;773
454;774
454;775
454;776
454;777
454;778
454;779
454;780
454;781
454;782
454;783
454;784
454;785
454;786
454;787
454;788
454;789
454;790
454;791
454;792
454;793
454;794
454;795
454;796
454;797
454;798
454;799
454;800
454;801
454;802
454;803
454;804
454;805
454;806
454;807
454;808
454;809
454;810
455;728
455;729
455;730
455;731
455;732
455;733
455;734
455;735
455;736
455;737
455;738
455;739
455;740
455;741
455;742
455;743
455;744
455;745
455;746
455;747
455;748
455;749
455;750
455;751
455;752
455;753
455;754
455;755
455;756
455;757
455;758
455;759
455;760
455;761
455;762
455;763
455;764
455;765
455;766
455;767
455;768
455;769
455;770
455;771
455;772
455;773
455;774
455;775
455;776
455;777
455;778
455;779
455;780
455;781
455;782
455;783
455;784
455;785
455;786
455;787
455;788
455;789
455;790
455;791
455;792
455;793
455;794
455;795
455;796
455;797
455;798
455;799
455;800
455;801
455;802
455;803
455;804
455;805
455;806
455;807
455;808
456;729
456;730
456;731
456;732
456;733
456;734
456;735
456;736
456;737
456;738
456;739
456;740
456;741
456;742
456;743
456;744
456;745
456;746
456;747
456;748
456;749
456;750
456;751
456;752
456;753
456;754
456;755
456;756
456;757
456;758
456;759
456;760
456;761
456;762
456;763
456;764
456;765
456;766
456;767
456;768
456;769
456;770
456;771
456;772
456;773
456;774
456;775
456;776
456;777
456;778
456;779
456;780
456;781
456;782
456;783
456;784
456;785
456;786
456;787
456;788
456;789
456;790
456;791
456;792
456;793
456;794
456;795
456;796
456;797
456;798
456;799
456;800
456;801
456;802
456;803
456;804
456;805
456;806
457;730
457;731
457;732
457;733
457;734
457;735
457;736
457;737
457;738
457;739
457;740
457;741
457;742
457;743
457;744
457;745
457;746
457;747
457;748
457;749
457;750
457;751
457;752
457;753
457;754
457;755
457;756
457;757
457;758
457;759
457;760
457;761
457;762
457;763
457;764
457;765
457;766
457;767
457;768
457;769
457;770
457;771
457;772
457;773
457;774
457;775
457;776
457;777
457;778
457;779
457;780
457;781
457;782
457;783
457;784
457;785
457;786
457;787
457;788
457;789
457;790
457;791
457;792
457;793
457;794
457;795
457;796
457;797
457;798
457;799
457;800
457;801
457;802
457;803
457;804
458;730
458;731
458;732
458;733
458;734
458;735
458;736
458;737
458;738
458;739
458;740
458;741
458;742
458;743
458;744
458;745
458;746
458;747
458;748
458;749
458;750
458;751
458;752
458;753
458;754
458;755
458;756
458;757
458;758
458;759
458;760
458;761
458;762
458;763
458;764
458;765
458;766
458;767
458;768
458;769
458;770
458;771
458;772
458;773
458;774
458;775
458;776
458;777
458;778
458;779
458;780
458;781
458;782
458;783
458;784
458;785
458;786
458;787
458;788
458;789
458;790
458;791
458;792
458;793
458;794
458;795
458;796
458;797
458;798
458;799
458;800
458;801
458;802
459;731
459;732
459;733
459;734
459;735
459;736
459;737
459;738
459;739
459;740
459;741
459;742
459;743
459;744
459;745
459;746
459;747
459;748
459;749
459;750
459;751
459;752
459;753
459;754
459;755
459;756
459;757
459;758
459;759
459;760
459;761
459;762
459;763
459;764
459;765
459;766
459;767
459;768
459;769
459;770
459;771
459;772
459;773
459;774
459;775
459;776
459;777
459;778
459;779
459;780
459;781
459;782
459;783
459;784
459;785
459;786
459;787
459;788
459;789
459;790
459;791
459;792
459;793
459;794
459;795
459;796
459;797
459;798
459;799
459;800
460;732
460;733
460;734
460;735
460;736
460;737
460;738
460;739
460;740
460;741
460;742
460;743
460;744
460;745
460;746
460;747
460;748
460;749
460;750
460;751
460;752
460;753
460;754
460;755
460;756
460;757
460;758
460;759
460;760
460;761
460;762
460;763
460;764
460;765
460;766
460;767
460;768
460;769
460;770
460;771
460;772
460;773
460;774
460;775
460;776
460;777
460;778
460;779
460;780
460;781
460;782
460;783
460;784
460;785
460;786
460;787
460;788
460;789
460;790
460;791
460;792
460;793
460;794
460;795
460;796
460;797
460;798
460;799
460;800
461;732
461;733
461;734
461;735
461;736
461;737
461;738
461;739
461;740
461;741
461;742
461;743
461;744
461;745
461;746
461;747
461;748
461;749
461;750
461;751
461;752
461;753
461;754
461;755
461;756
461;757
461;758
461;759
461;760
461;761
461;762
461;763
461;764
461;765
461;766
461;767
461;768
461;769
461;770
461;771
461;772
461;773
461;774
461;775
461;776
461;777
461;778
461;779
461;780
461;781
461;782
461;783
461;784
461;785
461;786
461;787
461;788
461;789
461;790
461;791
461;792
461;793
461;794
461;795
461;796
461;797
461;798
462;734
462;735
462;736
462;737
462;738
462;739
462;740
462;741
462;742
462;743
462;744
462;745
462;746
462;747
462;748
462;749
462;750
462;751
462;752
462;753
462;754
462;755
462;756
462;757
462;758
462;759
462;760
462;761
462;762
462;763
462;764
462;765
462;766
462;767
462;768
462;769
462;770
462;771
462;772
462;773
462;774
462;775
462;776
462;777
462;778
462;779
462;780
462;781
462;782
462;783
462;784
462;785
462;786
462;787
462;788
462;789
462;790
462;791
462;792
462;793
462;794
462;795
462;796
463;734
463;735
463;736
463;737
463;738
463;739
463;740
463;741
463;742
463;743
463;744
463;745
463;746
463;747
463;748
463;749
463;750
463;751
463;752
463;753
463;754
463;755
463;756
463;757
463;758
463;759
463;760
463;761
463;762
463;763
463;764
463;765
463;766
463;767
463;768
463;769
463;770
463;771
463;772
463;773
463;774
463;775
463;776
463;777
463;778
463;779
463;780
463;781
463;782
463;783
463;784
463;785
463;786
463;787
463;788
463;789
463;790
463;791
463;792
463;793
463;794
464;735
464;736
464;737
464;738
464;739
464;740
464;741
464;742
464;743
464;744
464;745
464;746
464;747
464;748
464;749
464;750
464;751
464;752
464;753
464;754
464;755
464;756
464;757
464;758
464;759
464;760
464;761
464;762
464;763
464;764
464;765
464;766
464;767
464;768
464;769
464;770
464;771
464;772
464;773
464;774
464;775
464;776
464;777
464;778
464;779
464;780
464;781
464;782
464;783
464;784
464;785
464;786
464;787
464;788
464;789
464;790
464;791
464;792
465;736
465;737
465;738
465;739
465;740
465;741
465;742
465;743
465;744
465;745
465;746
465;747
465;748
465;749
465;750
465;751
465;752
465;753
465;754
465;755
465;756
465;757
465;758
465;759
465;760
465;761
465;762
465;763
465;764
465;765
465;766
465;767
465;768
465;769
465;770
465;771
465;772
465;773
465;774
465;775
465;776
465;777
465;778
465;779
465;780
465;781
465;782
465;783
465;784
465;785
465;786
465;787
465;788
465;789
465;790
466;736
466;737
466;738
466;739
466;740
466;741
466;742
466;743
466;744
466;745
466;746
466;747
466;748
466;749
466;750
466;751
466;752
466;753
466;754
466;755
466;756
466;757
466;758
466;759
466;760
466;761
466;762
466;763
466;764
466;765
466;766
466;767
466;768
466;769
466;770
466;771
466;772
466;773
466;774
466;775
466;776
466;777
466;778
466;779
466;780
466;781
466;782
466;783
466;784
466;785
466;786
466;787
466;788
467;737
467;738
467;739
467;740
467;741
467;742
467;743
467;744
467;745
467;746
467;747
467;748
467;749
467;750
467;751
467;752
467;753
467;754
467;755
467;756
467;757
467;758
467;759
467;760
467;761
467;762
467;763
467;764
467;765
467;766
467;767
467;768
467;769
467;770
467;771
467;772
467;773
467;774
467;775
467;776
467;777
467;778
467;779
467;780
467;781
467;782
467;783
467;784
467;785
467;786
468;738
468;739
468;740
468;741
468;742
468;743
468;744
468;745
468;746
468;747
468;748
468;749
468;750
468;751
468;752
468;753
468;754
468;755
468;756
468;757
468;758
468;759
468;760
468;761
468;762
468;763
468;764
468;765
468;766
468;767
468;768
468;769
468;770
468;771
468;772
468;773
468;774
468;775
468;776
468;777
468;778
468;779
468;780
468;781
468;782
468;783
468;784
469;738
469;739
469;740
469;741
469;742
469;743
469;744
469;745
469;746
469;747
469;748
469;749
469;750
469;751
469;752
469;753
469;754
469;755
469;756
469;757
469;758
469;759
469;760
469;761
469;762
469;763
469;764
469;765
469;766
469;767
469;768
469;769
469;770
469;771
469;772
469;773
469;774
469;775
469;776
469;777
469;778
469;779
469;780
469;781
469;782
470;739
470;740
470;741
470;742
470;743
470;744
470;745
470;746
470;747
470;748
470;749
470;750
470;751
470;752
470;753
470;754
470;755
470;756
470;757
470;758
470;759
470;760
470;761
470;762
470;763
470;764
470;765
470;766
470;767
470;768
470;769
470;770
470;771
470;772
470;773
470;774
470;775
470;776
470;777
470;778
470;779
470;780
471;740
471;741
471;742
471;743
471;744
471;745
471;746
471;747
471;748
471;749
471;750
471;751
471;752
471;753
471;754
471;755
471;756
471;757
471;758
471;759
471;760
471;761
471;762
471;763
471;764
471;765
471;766
471;767
471;768
471;769
471;770
471;771
471;772
471;773
471;774
471;775
471;776
471;777
471;778
472;740
472;741
472;742
472;743
472;744
472;745
472;746
472;747
472;748
472;749
472;750
472;751
472;752
472;753
472;754
472;755
472;756
472;757
472;758
472;759
472;760
472;761
472;762
472;763
472;764
472;765
472;766
472;767
472;768
472;769
472;770
472;771
472;772
472;773
472;774
472;775
472;776
473;741
473;742
473;743
473;744
473;745
473;746
473;747
473;748
473;749
473;750
473;751
473;752
473;753
473;754
473;755
473;756
473;757
473;758
473;759
473;760
473;761
473;762
473;763
473;764
473;765
473;766
473;767
473;768
473;769
473;770
473;771
473;772
473;773
473;774
474;742
474;743
474;744
474;745
474;746
474;747
474;748
474;749
474;750
474;751
474;752
474;753
474;754
474;755
474;756
474;757
474;758
474;759
474;760
474;761
474;762
474;763
474;764
474;765
474;766
474;767
474;768
474;769
474;770
474;771
474;772
474;773
474;774
475;743
475;744
475;745
475;746
475;747
475;748
475;749
475;750
475;751
475;752
475;753
475;754
475;755
475;756
475;757
475;758
475;759
475;760
475;761
475;762
475;763
475;764
475;765
475;766
475;767
475;768
475;769
475;770
475;771
475;772
476;744
476;745
476;746
476;747
476;748
476;749
476;750
476;751
476;752
476;753
476;754
476;755
476;756
476;757
476;758
476;759
476;760
476;761
476;762
476;763
476;764
476;765
476;766
476;767
476;768
476;769
476;770
477;744
477;745
477;746
477;747
477;748
477;749
477;750
477;751
477;752
477;753
477;754
477;755
477;756
477;757
477;758
477;759
477;760
477;761
477;762
477;763
477;764
477;765
477;766
477;767
477;768
478;745
478;746
478;747
478;748
478;749
478;750
478;751
478;752
478;753
478;754
478;755
478;756
478;757
478;758
478;759
478;760
478;761
478;762
478;763
478;764
478;765
478;766
479;746
479;747
479;748
479;749
479;750
479;751
479;752
479;753
479;754
479;755
479;756
479;757
479;758
479;759
479;760
479;761
479;762
479;763
479;764
480;746
480;747
480;748
480;749
480;750
480;751
480;752
480;753
480;754
480;755
480;756
480;757
480;758
480;759
480;760
480;761
480;762
481;747
481;748
481;749
481;750
481;751
481;752
481;753
481;754
481;755
481;756
481;757
481;758
481;759
481;760
482;748
482;749
482;750
482;751
482;752
482;753
482;754
482;755
482;756
482;757
482;758
483;748
483;749
483;750
483;751
483;752
483;753
483;754
483;755
483;756
484;749
484;750
484;751
484;752
484;753
484;754
485;750
485;751
485;752
486;750
570;217
571;215
571;216
571;217
571;218
571;219
571;220
571;221
571;223
572;215
572;216
572;217
572;218
572;219
572;220
572;221
572;222
572;223
572;224
572;225
572;227
573;215
573;216
573;217
573;218
573;219
573;220
573;221
573;222
573;223
573;224
573;225
573;226
573;227
573;228
573;229
573;230
573;231
573;233
574;215
574;216
574;217
574;218
574;219
574;220
574;221
574;222
574;223
574;224
574;225
574;226
574;227
574;228
574;229
574;230
574;231
574;232
574;233
574;234
574;235
574;236
574;237
575;215
575;216
575;217
575;218
575;219
575;220
575;221
575;222
575;223
575;224
575;225
575;226
575;227
575;228
575;229
575;230
575;231
575;232
575;233
575;234
575;235
575;236
575;237
575;238
575;239
575;240
575;241
575;243
576;214
576;215
576;216
576;217
576;218
576;219
576;220
576;221
576;222
576;223
576;224
576;225
576;226
576;227
576;228
576;229
576;230
576;231
576;232
576;233
576;234
576;235
576;236
576;237
576;238
576;239
576;240
576;241
576;242
576;243
576;244
576;245
576;246
576;247
576;249
577;214
577;215
577;216
577;217
577;218
577;219
577;220
577;221
577;222
577;223
577;224
577;225
577;226
577;227
577;228
577;229
577;230
577;231
577;232
577;233
577;234
577;235
577;236
577;237
577;238
577;239
577;240
577;241
577;242
577;243
577;244
577;245
577;246
577;247
577;248
577;249
577;250
577;251
577;252
577;253
578;214
578;215
578;216
578;217
578;218
578;219
578;220
578;221
578;222
578;223
578;224
578;225
578;226
578;227
578;228
578;229
578;230
578;231
578;232
578;233
578;234
578;235
578;236
578;237
578;238
578;239
578;240
578;241
578;242
578;243
578;244
578;245
578;246
578;247
578;248
578;249
578;250
578;251
578;252
578;253
578;254
578;255
578;256
578;257
578;259
579;213
579;214
579;215
579;216
579;217
579;218
579;219
579;220
579;221
579;222
579;223
579;224
579;225
579;226
579;227
579;228
579;229
579;230
579;231
579;232
579;233
579;234
579;235
579;236
579;237
579;238
579;239
579;240
579;241
579;242
579;243
579;244
579;245
579;246
579;247
579;248
579;249
579;250
579;251
579;252
579;253
579;254
579;255
579;256
579;257
579;258
579;259
579;260
579;261
579;262
579;263
579;265
580;213
580;214
580;215
580;216
580;217
580;218
580;219
580;220
580;221
580;222
580;223
580;224
580;225
580;226
580;227
580;228
580;229
580;230
580;231
580;232
580;233
580;234
580;235
580;236
580;237
580;238
580;239
580;240
580;241
580;242
580;243
580;244
580;245
580;246
580;247
580;248
580;249
580;250
580;251
580;252
580;253
580;254
580;255
580;256
580;257
580;258
580;259
580;260
580;261
580;262
580;263
580;264
580;265
580;266
580;267
580;269
581;213
581;214
581;215
581;216
581;217
581;218
581;219
581;220
581;221
581;222
581;223
581;224
581;225
581;226
581;227
581;228
581;229
581;230
581;231
581;232
581;233
581;234
581;235
581;236
581;237
581;238
581;239
581;240
581;241
581;242
581;243
581;244
581;245
581;246
581;247
581;248
581;249
581;250
581;251
581;252
581;253
581;254
581;255
581;256
581;257
581;258
581;259
581;260
581;261
581;262
581;263
581;264
581;265
581;266
581;267
581;268
581;269
581;270
581;271
581;272
581;273
581;275
582;213
582;214
582;215
582;216
582;217
582;218
582;219
582;220
582;221
582;222
582;223
582;224
582;225
582;226
582;227
582;228
582;229
582;230
582;231
582;232
582;233
582;234
582;235
582;236
582;237
582;238
582;239
582;240
582;241
582;242
582;243
582;244
582;245
582;246
582;247
582;248
582;249
582;250
582;251
582;252
582;253
582;254
582;255
582;256
582;257
582;258
582;259
582;260
582;261
582;262
582;263
582;264
582;265
582;266
582;267
582;268
582;269
582;270
582;271
582;272
582;273
582;274
582;275
582;276
582;277
582;278
582;279
583;213
583;214
583;215
583;216
583;217
583;218
583;219
583;220
583;221
583;222
583;223
583;224
583;225
583;226
583;227
583;228
583;229
583;230
583;231
583;232
583;233
583;234
583;235
583;236
583;237
583;238
583;239
583;240
583;241
583;242
583;243
583;244
583;245
583;246
583;247
583;248
583;249
583;250
583;251
583;252
583;253
583;254
583;255
583;256
583;257
583;258
583;259
583;260
583;261
583;262
583;263
583;264
583;265
583;266
583;267
583;268
583;269
583;270
583;271
583;272
583;273
583;274
583;275
583;276
583;277
583;278
583;279
583;280
583;281
583;282
583;283
583;285
584;212
584;213
584;214
584;215
584;216
584;217
584;218
584;219
584;220
584;221
584;222
584;223
584;224
584;225
584;226
584;227
584;228
584;229
584;230
584;231
584;232
584;233
584;234
584;235
584;236
584;237
584;238
584;239
584;240
584;241
584;242
584;243
584;244
584;245
584;246
584;247
584;248
584;249
584;250
584;251
584;252
584;253
584;254
584;255
584;256
584;257
584;258
584;259
584;260
584;261
584;262
584;263
584;264
584;265
584;266
584;267
584;268
584;269
584;270
584;271
584;272
584;273
584;274
584;275
584;276
584;277
584;278
584;279
584;280
584;281
584;282
584;283
584;284
584;285
584;286
584;287
584;288
584;289
584;291
585;212
585;213
585;214
585;215
585;216
585;217
585;218
585;219
585;220
585;221
585;222
585;223
585;224
585;225
585;226
585;227
585;228
585;229
585;230
585;231
585;232
585;233
585;234
585;235
585;236
585;237
585;238
585;239
585;240
585;241
585;242
585;243
585;244
585;245
585;246
585;247
585;248
585;249
585;250
585;251
585;252
585;253
585;254
585;255
585;256
585;257
585;258
585;259
585;260
585;261
585;262
585;263
585;264
585;265
585;266
585;267
585;268
585;269
585;270
585;271
585;272
585;273
585;274
585;275
585;276
585;277
585;278
585;279
585;280
585;281
585;282
585;283
585;284
585;285
585;286
585;287
585;288
585;289
585;290
585;291
585;292
585;293
585;295
586;212
586;213
586;214
586;215
586;216
586;217
586;218
586;219
586;220
586;221
586;222
586;223
586;224
586;225
586;226
586;227
586;228
586;229
586;230
586;231
586;232
586;233
586;234
586;235
586;236
586;237
586;238
586;239
586;240
586;241
586;242
586;243
586;244
586;245
586;246
586;247
586;248
586;249
586;250
586;251
586;252
586;253
586;254
586;255
586;256
586;257
586;258
586;259
586;260
586;261
586;262
586;263
586;264
586;265
586;266
586;267
586;268
586;269
586;270
586;271
586;272
586;273
586;274
586;275
586;276
586;277
586;278
586;279
586;280
586;281
586;282
586;283
586;284
586;285
586;286
586;287
586;288
586;289
586;290
586;291
586;292
586;293
586;294
586;295
586;296
586;297
586;298
586;299
586;301
587;211
587;212
587;213
587;214
587;215
587;216
587;217
587;218
587;219
587;220
587;221
587;222
587;223
587;224
587;225
587;226
587;227
587;228
587;229
587;230
587;231
587;232
587;233
587;234
587;235
587;236
587;237
587;238
587;239
587;240
587;241
587;242
587;243
587;244
587;245
587;246
587;247
587;248
587;249
587;250
587;251
587;252
587;253
587;254
587;255
587;256
587;257
587;258
587;259
587;260
587;261
587;262
587;263
587;264
587;265
587;266
587;267
587;268
587;269
587;270
587;271
587;272
587;273
587;274
587;275
587;276
587;277
587;278
587;279
587;280
587;281
587;282
587;283
587;284
587;285
587;286
587;287
587;288
587;289
587;290
587;291
587;292
587;293
587;294
587;295
587;296
587;297
587;298
587;299
587;300
587;301
587;302
587;303
587;304
587;305
587;307
588;211
588;212
588;213
588;214
588;215
588;216
588;217
588;218
588;219
588;220
588;221
588;222
588;223
588;224
588;225
588;226
588;227
588;228
588;229
588;230
588;231
588;232
588;233
588;234
588;235
588;236
588;237
588;238
588;239
588;240
588;241
588;242
588;243
588;244
588;245
588;246
588;247
588;248
588;249
588;250
588;251
588;252
588;253
588;254
588;255
588;256
588;257
588;258
588;259
588;260
588;261
588;262
588;263
588;264
588;265
588;266
588;267
588;268
588;269
588;270
588;271
588;272
588;273
588;274
588;275
588;276
588;277
588;278
588;279
588;280
588;281
588;282
588;283
588;284
588;285
588;286
588;287
588;288
588;289
588;290
588;291
588;292
588;293
588;294
588;295
588;296
588;297
588;298
588;299
588;300
588;301
588;302
588;303
588;304
588;305
588;306
588;307
588;308
588;309
588;311
589;211
589;212
589;213
589;214
589;215
589;216
589;217
589;218
589;219
589;220
589;221
589;222
589;223
589;224
589;225
589;226
589;227
589;228
589;229
589;230
589;231
589;232
589;233
589;234
589;235
589;236
589;237
589;238
589;239
589;240
589;241
589;242
589;243
589;244
589;245
589;246
589;247
589;248
589;249
589;250
589;251
589;252
589;253
589;254
589;255
589;256
589;257
589;258
589;259
589;260
589;261
589;262
589;263
589;264
589;265
589;266
589;267
589;268
589;269
589;270
589;271
589;272
589;273
589;274
589;275
589;276
589;277
589;278
589;279
589;280
589;281
589;282
589;283
589;284
589;285
589;286
589;287
589;288
589;289
589;290
589;291
589;292
589;293
589;294
589;295
589;296
589;297
589;298
589;299
589;300
589;301
589;302
589;303
589;304
589;305
589;306
589;307
589;308
589;309
589;310
589;311
589;312
589;313
589;314
589;315
589;317
590;211
590;212
590;213
590;214
590;215
590;216
590;217
590;218
590;219
590;220
590;221
590;222
590;223
590;224
590;225
590;226
590;227
590;228
590;229
590;230
590;231
590;232
590;233
590;234
590;235
590;236
590;237
590;238
590;239
590;240
590;241
590;242
590;243
590;244
590;245
590;246
590;247
590;248
590;249
590;250
590;251
590;252
590;253
590;254
590;255
590;256
590;257
590;258
590;259
590;260
590;261
590;262
590;263
590;264
590;265
590;266
590;267
590;268
590;269
590;270
590;271
590;272
590;273
590;274
590;275
590;276
590;277
590;278
590;279
590;280
590;281
590;282
590;283
590;284
590;285
590;286
590;287
590;288
590;289
590;290
590;291
590;292
590;293
590;294
590;295
590;296
590;297
590;298
590;299
590;300
590;301
590;302
590;303
590;304
590;305
590;306
590;307
590;308
590;309
590;310
590;311
590;312
590;313
590;314
590;315
590;316
590;317
590;318
590;319
590;320
590;321
591;211
591;212
591;213
591;214
591;215
591;216
591;217
591;218
591;219
591;220
591;221
591;222
591;223
591;224
591;225
591;226
591;227
591;228
591;229
591;230
591;231
591;232
591;233
591;234
591;235
591;236
591;237
591;238
591;239
591;240
591;241
591;242
591;243
591;244
591;245
591;246
591;247
591;248
591;249
591;250
591;251
591;252
591;253
591;254
591;255
591;256
591;257
591;258
591;259
591;260
591;261
591;262
591;263
591;264
591;265
591;266
591;267
591;268
591;269
591;270
591;271
591;272
591;273
591;274
591;275
591;276
591;277
591;278
591;279
591;280
591;281
591;282
591;283
591;284
591;285
591;286
591;287
591;288
591;289
591;290
591;291
591;292
591;293
591;294
591;295
591;296
591;297
591;298
591;299
591;300
591;301
591;302
591;303
591;304
591;305
591;306
591;307
591;308
591;309
591;310
591;311
591;312
591;313
591;314
591;315
591;316
591;317
591;318
591;319
591;320
591;321
591;322
591;323
591;324
591;325
591;327
592;210
592;211
592;212
592;213
592;214
592;215
592;216
592;217
592;218
592;219
592;220
592;221
592;222
592;223
592;224
592;225
592;226
592;227
592;228
592;229
592;230
592;231
592;232
592;233
592;234
592;235
592;236
592;237
592;238
592;239
592;240
592;241
592;242
592;243
592;244
592;245
592;246
592;247
592;248
592;249
592;250
592;251
592;252
592;253
592;254
592;255
592;256
592;257
592;258
592;259
592;260
592;261
592;262
592;263
592;264
592;265
592;266
592;267
592;268
592;269
592;270
592;271
592;272
592;273
592;274
592;275
592;276
592;277
592;278
592;279
592;280
592;281
592;282
592;283
592;284
592;285
592;286
592;287
592;288
592;289
592;290
592;291
592;292
592;293
592;294
592;295
592;296
592;297
592;298
592;299
592;300
592;301
592;302
592;303
592;304
592;305
592;306
592;307
592;308
592;309
592;310
592;311
592;312
592;313
592;314
592;315
592;316
592;317
592;318
592;319
592;320
592;321
592;322
592;323
592;324
592;325
592;326
592;327
592;328
592;329
592;330
592;331
592;333
593;210
593;211
593;212
593;213
593;214
593;215
593;216
593;217
593;218
593;219
593;220
593;221
593;222
593;223
593;224
593;225
593;226
593;227
593;228
593;229
593;230
593;231
593;232
593;233
593;234
593;235
593;236
593;237
593;238
593;239
593;240
593;241
593;242
593;243
593;244
593;245
593;246
593;247
593;248
593;249
593;250
593;251
593;252
593;253
593;254
593;255
593;256
593;257
593;258
593;259
593;260
593;261
593;262
593;263
593;264
593;265
593;266
593;267
593;268
593;269
593;270
593;271
593;272
593;273
593;274
593;275
593;276
593;277
593;278
593;279
593;280
593;281
593;282
593;283
593;284
593;285
593;286
593;287
593;288
593;289
593;290
593;291
593;292
593;293
593;294
593;295
593;296
593;297
593;298
593;299
593;300
593;301
593;302
593;303
593;304
593;305
593;306
593;307
593;308
593;309
593;310
593;311
593;312
593;313
593;314
593;315
593;316
593;317
593;318
593;319
593;320
593;321
593;322
593;323
593;324
593;325
593;326
593;327
593;328
593;329
593;330
593;331
593;332
593;333
593;334
593;335
593;337
594;210
594;211
594;212
594;213
594;214
594;215
594;216
594;217
594;218
594;219
594;220
594;221
594;222
594;223
594;224
594;225
594;226
594;227
594;228
594;229
594;230
594;231
594;232
594;233
594;234
594;235
594;236
594;237
594;238
594;239
594;240
594;241
594;242
594;243
594;244
594;245
594;246
594;247
594;248
594;249
594;250
594;251
594;252
594;253
594;254
594;255
594;256
594;257
594;258
594;259
594;260
594;261
594;262
594;263
594;264
594;265
594;266
594;267
594;268
594;269
594;270
594;271
594;272
594;273
594;274
594;275
594;276
594;277
594;278
594;279
594;280
594;281
594;282
594;283
594;284
594;285
594;286
594;287
594;288
594;289
594;290
594;291
594;292
594;293
594;294
594;295
594;296
594;297
594;298
594;299
594;300
594;301
594;302
594;303
594;304
594;305
594;306
594;307
594;308
594;309
594;310
594;311
594;312
594;313
594;314
594;315
594;316
594;317
594;318
594;319
594;320
594;321
594;322
594;323
594;324
594;325
594;326
594;327
594;328
594;329
594;330
594;331
594;332
594;333
594;334
594;335
594;336
594;337
594;338
594;339
594;340
594;341
594;343
595;209
595;210
595;211
595;212
595;213
595;214
595;215
595;216
595;217
595;218
595;219
595;220
595;221
595;222
595;223
595;224
595;225
595;226
595;227
595;228
595;229
595;230
595;231
595;232
595;233
595;234
595;235
595;236
595;237
595;238
595;239
595;240
595;241
595;242
595;243
595;244
595;245
595;246
595;247
595;248
595;249
595;250
595;251
595;252
595;253
595;254
595;255
595;256
595;257
595;258
595;259
595;260
595;261
595;262
595;263
595;264
595;265
595;266
595;267
595;268
595;269
595;270
595;271
595;272
595;273
595;274
595;275
595;276
595;277
595;278
595;279
595;280
595;281
595;282
595;283
595;284
595;285
595;286
595;287
595;288
595;289
595;290
595;291
595;292
595;293
595;294
595;295
595;296
595;297
595;298
595;299
595;300
595;301
595;302
595;303
595;304
595;305
595;306
595;307
595;308
595;309
595;310
595;311
595;312
595;313
595;314
595;315
595;316
595;317
595;318
595;319
595;320
595;321
595;322
595;323
595;324
595;325
595;326
595;327
595;328
595;329
595;330
595;331
595;332
595;333
595;334
595;335
595;336
595;337
595;338
595;339
595;340
595;341
595;342
595;343
595;344
595;345
595;346
595;347
595;349
596;209
596;210
596;211
596;212
596;213
596;214
596;215
596;216
596;217
596;218
596;219
596;220
596;221
596;222
596;223
596;224
596;225
596;226
596;227
596;228
596;229
596;230
596;231
596;232
596;233
596;234
596;235
596;236
596;237
596;238
596;239
596;240
596;241
596;242
596;243
596;244
596;245
596;246
596;247
596;248
596;249
596;250
596;251
596;252
596;253
596;254
596;255
596;256
596;257
596;258
596;259
596;260
596;261
596;262
596;263
596;264
596;265
596;266
596;267
596;268
596;269
596;270
596;271
596;272
596;273
596;274
596;275
596;276
596;277
596;278
596;279
596;280
596;281
596;282
596;283
596;284
596;285
596;286
596;287
596;288
596;289
596;290
596;291
596;292
596;293
596;294
596;295
596;296
596;297
596;298
596;299
596;300
596;301
596;302
596;303
596;304
596;305
596;306
596;307
596;308
596;309
596;310
596;311
596;312
596;313
596;314
596;315
596;316
596;317
596;318
596;319
596;320
596;321
596;322
596;323
596;324
596;325
596;326
596;327
596;328
596;329
596;330
596;331
596;332
596;333
596;334
596;335
596;336
596;337
596;338
596;339
596;340
596;341
596;342
596;343
596;344
596;345
596;346
596;347
596;348
596;349
596;350
596;351
596;353
597;209
597;210
597;211
597;212
597;213
597;214
597;215
597;216
597;217
597;218
597;219
597;220
597;221
597;222
597;223
597;224
597;225
597;226
597;227
597;228
597;229
597;230
597;231
597;232
597;233
597;234
597;235
597;236
597;237
597;238
597;239
597;240
597;241
597;242
597;243
597;244
597;245
597;246
597;247
597;248
597;249
597;250
597;251
597;252
597;253
597;254
597;255
597;256
597;257
597;258
597;259
597;260
597;261
597;262
597;263
597;264
597;265
597;266
597;267
597;268
597;269
597;270
597;271
597;272
597;273
597;274
597;275
597;276
597;277
597;278
597;279
597;280
597;281
597;282
597;283
597;284
597;285
597;286
597;287
597;288
597;289
597;290
597;291
597;292
597;293
597;294
597;295
597;296
597;297
597;298
597;299
597;300
597;301
597;302
597;303
597;304
597;305
597;306
597;307
597;308
597;309
597;310
597;311
597;312
597;313
597;314
597;315
597;316
597;317
597;318
597;319
597;320
597;321
597;322
597;323
597;324
597;325
597;326
597;327
597;328
597;329
597;330
597;331
597;332
597;333
597;334
597;335
597;336
597;337
597;338
597;339
597;340
597;341
597;342
597;343
597;344
597;345
597;346
597;347
597;348
597;349
597;350
597;351
597;352
597;353
597;354
597;355
597;356
597;357
597;359
598;209
598;210
598;211
598;212
598;213
598;214
598;215
598;216
598;217
598;218
598;219
598;220
598;221
598;222
598;223
598;224
598;225
598;226
598;227
598;228
598;229
598;230
598;231
598;232
598;233
598;234
598;235
598;236
598;237
598;238
598;239
598;240
598;241
598;242
598;243
598;244
598;245
598;246
598;247
598;248
598;249
598;250
598;251
598;252
598;253
598;254
598;255
598;256
598;257
598;258
598;259
598;260
598;261
598;262
598;263
598;264
598;265
598;266
598;267
598;268
598;269
598;270
598;271
598;272
598;273
598;274
598;275
598;276
598;277
598;278
598;279
598;280
598;281
598;282
598;283
598;284
598;285
598;286
598;287
598;288
598;289
598;290
598;291
598;292
598;293
598;294
598;295
598;296
598;297
598;298
598;299
598;300
598;301
598;302
598;303
598;304
598;305
598;306
598;307
598;308
598;309
598;310
598;311
598;312
598;313
598;314
598;315
598;316
598;317
598;318
598;319
598;320
598;321
598;322
598;323
598;324
598;325
598;326
598;327
598;328
598;329
598;330
598;331
598;332
598;333
598;334
598;335
598;336
598;337
598;338
598;339
598;340
598;341
598;342
598;343
598;344
598;345
598;346
598;347
598;348
598;349
598;350
598;351
598;352
598;353
598;354
598;355
598;356
598;357
598;358
598;359
598;360
598;361
598;362
598;363
599;208
599;209
599;210
599;211
599;212
599;213
599;214
599;215
599;216
599;217
599;218
599;219
599;220
599;221
599;222
599;223
599;224
599;225
599;226
599;227
599;228
599;229
599;230
599;231
599;232
599;233
599;234
599;235
599;236
599;237
599;238
599;239
599;240
599;241
599;242
599;243
599;244
599;245
599;246
599;247
599;248
599;249
599;250
599;251
599;252
599;253
599;254
599;255
599;256
599;257
599;258
599;259
599;260
599;261
599;262
599;263
599;264
599;265
599;266
599;267
599;268
599;269
599;270
599;271
599;272
599;273
599;274
599;275
599;276
599;277
599;278
599;279
599;280
599;281
599;282
599;283
599;284
599;285
599;286
599;287
599;288
599;289
599;290
599;291
599;292
599;293
599;294
599;295
599;296
599;297
599;298
599;299
599;300
599;301
599;302
599;303
599;304
599;305
599;306
599;307
599;308
599;309
599;310
599;311
599;312
599;313
599;314
599;315
599;316
599;317
599;318
599;319
599;320
599;321
599;322
599;323
599;324
599;325
599;326
599;327
599;328
599;329
599;330
599;331
599;332
599;333
599;334
599;335
599;336
599;337
599;338
599;339
599;340
599;341
599;342
599;343
599;344
599;345
599;346
599;347
599;348
599;349
599;350
599;351
599;352
599;353
599;354
599;355
599;356
599;357
599;358
599;359
599;360
599;361
599;362
599;363
599;364
599;365
599;366
600;208
600;209
600;210
600;211
600;212
600;213
600;214
600;215
600;216
600;217
600;218
600;219
600;220
600;221
600;222
600;223
600;224
600;225
600;226
600;227
600;228
600;229
600;230
600;231
600;232
600;233
600;234
600;235
600;236
600;237
600;238
600;239
600;240
600;241
600;242
600;243
600;244
600;245
600;246
600;247
600;248
600;249
600;250
600;251
600;252
600;253
600;254
600;255
600;256
600;257
600;258
600;259
600;260
600;261
600;262
600;263
600;264
600;265
600;266
600;267
600;268
600;269
600;270
600;271
600;272
600;273
600;274
600;275
600;276
600;277
600;278
600;279
600;280
600;281
600;282
600;283
600;284
600;285
600;286
600;287
600;288
600;289
600;290
600;291
600;292
600;293
600;294
600;295
600;296
600;297
600;298
600;299
600;300
600;301
600;302
600;303
600;304
600;305
600;306
600;307
600;308
600;309
600;310
600;311
600;312
600;313
600;314
600;315
600;316
600;317
600;318
600;319
600;320
600;321
600;322
600;323
600;324
600;325
600;326
600;327
600;328
600;329
600;330
600;331
600;332
600;333
600;334
600;335
600;336
600;337
600;338
600;339
600;340
600;341
600;342
600;343
600;344
600;345
600;346
600;347
600;348
600;349
600;350
600;351
600;352
600;353
600;354
600;355
600;356
600;357
600;358
600;359
600;360
600;361
600;362
600;363
600;364
600;365
600;366
601;208
601;209
601;210
601;211
601;212
601;213
601;214
601;215
601;216
601;217
601;218
601;219
601;220
601;221
601;222
601;223
601;224
601;225
601;226
601;227
601;228
601;229
601;230
601;231
601;232
601;233
601;234
601;235
601;236
601;237
601;238
601;239
601;240
601;241
601;242
601;243
601;244
601;245
601;246
601;247
601;248
601;249
601;250
601;251
601;252
601;253
601;254
601;255
601;256
601;257
601;258
601;259
601;260
601;261
601;262
601;263
601;264
601;265
601;266
601;267
601;268
601;269
601;270
601;271
601;272
601;273
601;274
601;275
601;276
601;277
601;278
601;279
601;280
601;281
601;282
601;283
601;284
601;285
601;286
601;287
601;288
601;289
601;290
601;291
601;292
601;293
601;294
601;295
601;296
601;297
601;298
601;299
601;300
601;301
601;302
601;303
601;304
601;305
601;306
601;307
601;308
601;309
601;310
601;311
601;312
601;313
601;314
601;315
601;316
601;317
601;318
601;319
601;320
601;321
601;322
601;323
601;324
601;325
601;326
601;327
601;328
601;329
601;330
601;331
601;332
601;333
601;334
601;335
601;336
601;337
601;338
601;339
601;340
601;341
601;342
601;343
601;344
601;345
601;346
601;347
601;348
601;349
601;350
601;351
601;352
601;353
601;354
601;355
601;356
601;357
601;358
601;359
601;360
601;361
601;362
601;363
601;364
601;365
602;208
602;209
602;210
602;211
602;212
602;213
602;214
602;215
602;216
602;217
602;218
602;219
602;220
602;221
602;222
602;223
602;224
602;225
602;226
602;227
602;228
602;229
602;230
602;231
602;232
602;233
602;234
602;235
602;236
602;237
602;238
602;239
602;240
602;241
602;242
602;243
602;244
602;245
602;246
602;247
602;248
602;249
602;250
602;251
602;252
602;253
602;254
602;255
602;256
602;257
602;258
602;259
602;260
602;261
602;262
602;263
602;264
602;265
602;266
602;267
602;268
602;269
602;270
602;271
602;272
602;273
602;274
602;275
602;276
602;277
602;278
602;279
602;280
602;281
602;282
602;283
602;284
602;285
602;286
602;287
602;288
602;289
602;290
602;291
602;292
602;293
602;294
602;295
602;296
602;297
602;298
602;299
602;300
602;301
602;302
602;303
602;304
602;305
602;306
602;307
602;308
602;309
602;310
602;311
602;312
602;313
602;314
602;315
602;316
602;317
602;318
602;319
602;320
602;321
602;322
602;323
602;324
602;325
602;326
602;327
602;328
602;329
602;330
602;331
602;332
602;333
602;334
602;335
602;336
602;337
602;338
602;339
602;340
602;341
602;342
602;343
602;344
602;345
602;346
602;347
602;348
602;349
602;350
602;351
602;352
602;353
602;354
602;355
602;356
602;357
602;358
602;359
602;360
602;361
602;362
602;363
602;364
602;365
603;207
603;208
603;209
603;210
603;211
603;212
603;213
603;214
603;215
603;216
603;217
603;218
603;219
603;220
603;221
603;222
603;223
603;224
603;225
603;226
603;227
603;228
603;229
603;230
603;231
603;232
603;233
603;234
603;235
603;236
603;237
603;238
603;239
603;240
603;241
603;242
603;243
603;244
603;245
603;246
603;247
603;248
603;249
603;250
603;251
603;252
603;253
603;254
603;255
603;256
603;257
603;258
603;259
603;260
603;261
603;262
603;263
603;264
603;265
603;266
603;267
603;268
603;269
603;270
603;271
603;272
603;273
603;274
603;275
603;276
603;277
603;278
603;279
603;280
603;281
603;282
603;283
603;284
603;285
603;286
603;287
603;288
603;289
603;290
603;291
603;292
603;293
603;294
603;295
603;296
603;297
603;298
603;299
603;300
603;301
603;302
603;303
603;304
603;305
603;306
603;307
603;308
603;309
603;310
603;311
603;312
603;313
603;314
603;315
603;316
603;317
603;318
603;319
603;320
603;321
603;322
603;323
603;324
603;325
603;326
603;327
603;328
603;329
603;330
603;331
603;332
603;333
603;334
603;335
603;336
603;337
603;338
603;339
603;340
603;341
603;342
603;343
603;344
603;345
603;346
603;347
603;348
603;349
603;350
603;351
603;352
603;353
603;354
603;355
603;356
603;357
603;358
603;359
603;360
603;361
603;362
603;363
603;364
603;365
604;207
604;208
604;209
604;210
604;211
604;212
604;213
604;214
604;215
604;216
604;217
604;218
604;219
604;220
604;221
604;222
604;223
604;224
604;225
604;226
604;227
604;228
604;229
604;230
604;231
604;232
604;233
604;234
604;235
604;236
604;237
604;238
604;239
604;240
604;241
604;242
604;243
604;244
604;245
604;246
604;247
604;248
604;249
604;250
604;251
604;252
604;253
604;254
604;255
604;256
604;257
604;258
604;259
604;260
604;261
604;262
604;263
604;264
604;265
604;266
604;267
604;268
604;269
604;270
604;271
604;272
604;273
604;274
604;275
604;276
604;277
604;278
604;279
604;280
604;281
604;282
604;283
604;284
604;285
604;286
604;287
604;288
604;289
604;290
604;291
604;292
604;293
604;294
604;295
604;296
604;297
604;298
604;299
604;300
604;301
604;302
604;303
604;304
604;305
604;306
604;307
604;308
604;309
604;310
604;311
604;312
604;313
604;314
604;315
604;316
604;317
604;318
604;319
604;320
604;321
604;322
604;323
604;324
604;325
604;326
604;327
604;328
604;329
604;330
604;331
604;332
604;333
604;334
604;335
604;336
604;337
604;338
604;339
604;340
604;341
604;342
604;343
604;344
604;345
604;346
604;347
604;348
604;349
604;350
604;351
604;352
604;353
604;354
604;355
604;356
604;357
604;358
604;359
604;360
604;361
604;362
604;363
604;364
605;207
605;208
605;209
605;210
605;211
605;212
605;213
605;214
605;215
605;216
605;217
605;218
605;219
605;220
605;221
605;222
605;223
605;224
605;225
605;226
605;227
605;228
605;229
605;230
605;231
605;232
605;233
605;234
605;235
605;236
605;237
605;238
605;239
605;240
605;241
605;242
605;243
605;244
605;245
605;246
605;247
605;248
605;249
605;250
605;251
605;252
605;253
605;254
605;255
605;256
605;257
605;258
605;259
605;260
605;261
605;262
605;263
605;264
605;265
605;266
605;267
605;268
605;269
605;270
605;271
605;272
605;273
605;274
605;275
605;276
605;277
605;278
605;279
605;280
605;281
605;282
605;283
605;284
605;285
605;286
605;287
605;288
605;289
605;290
605;291
605;292
605;293
605;294
605;295
605;296
605;297
605;298
605;299
605;300
605;301
605;302
605;303
605;304
605;305
605;306
605;307
605;308
605;309
605;310
605;311
605;312
605;313
605;314
605;315
605;316
605;317
605;318
605;319
605;320
605;321
605;322
605;323
605;324
605;325
605;326
605;327
605;328
605;329
605;330
605;331
605;332
605;333
605;334
605;335
605;336
605;337
605;338
605;339
605;340
605;341
605;342
605;343
605;344
605;345
605;346
605;347
605;348
605;349
605;350
605;351
605;352
605;353
605;354
605;355
605;356
605;357
605;358
605;359
605;360
605;361
605;362
605;363
605;364
606;207
606;208
606;209
606;210
606;211
606;212
606;213
606;214
606;215
606;216
606;217
606;218
606;219
606;220
606;221
606;222
606;223
606;224
606;225
606;226
606;227
606;228
606;229
606;230
606;231
606;232
606;233
606;234
606;235
606;236
606;237
606;238
606;239
606;240
606;241
606;242
606;243
606;244
606;245
606;246
606;247
606;248
606;249
606;250
606;251
606;252
606;253
606;254
606;255
606;256
606;257
606;258
606;259
606;260
606;261
606;262
606;263
606;264
606;265
606;266
606;267
606;268
606;269
606;270
606;271
606;272
606;273
606;274
606;275
606;276
606;277
606;278
606;279
606;280
606;281
606;282
606;283
606;284
606;285
606;286
606;287
606;288
606;289
606;290
606;291
606;292
606;293
606;294
606;295
606;296
606;297
606;298
606;299
606;300
606;301
606;302
606;303
606;304
606;305
606;306
606;307
606;308
606;309
606;310
606;311
606;312
606;313
606;314
606;315
606;316
606;317
606;318
606;319
606;320
606;321
606;322
606;323
606;324
606;325
606;326
606;327
606;328
606;329
606;330
606;331
606;332
606;333
606;334
606;335
606;336
606;337
606;338
606;339
606;340
606;341
606;342
606;343
606;344
606;345
606;346
606;347
606;348
606;349
606;350
606;351
606;352
606;353
606;354
606;355
606;356
606;357
606;358
606;359
606;360
606;361
606;362
606;363
606;364
607;206
607;207
607;208
607;209
607;210
607;211
607;212
607;213
607;214
607;215
607;216
607;217
607;218
607;219
607;220
607;221
607;222
607;223
607;224
607;225
607;226
607;227
607;228
607;229
607;230
607;231
607;232
607;233
607;234
607;235
607;236
607;237
607;238
607;239
607;240
607;241
607;242
607;243
607;244
607;245
607;246
607;247
607;248
607;249
607;250
607;251
607;252
607;253
607;254
607;255
607;256
607;257
607;258
607;259
607;260
607;261
607;262
607;263
607;264
607;265
607;266
607;267
607;268
607;269
607;270
607;271
607;272
607;273
607;274
607;275
607;276
607;277
607;278
607;279
607;280
607;281
607;282
607;283
607;284
607;285
607;286
607;287
607;288
607;289
607;290
607;291
607;292
607;293
607;294
607;295
607;296
607;297
607;298
607;299
607;300
607;301
607;302
607;303
607;304
607;305
607;306
607;307
607;308
607;309
607;310
607;311
607;312
607;313
607;314
607;315
607;316
607;317
607;318
607;319
607;320
607;321
607;322
607;323
607;324
607;325
607;326
607;327
607;328
607;329
607;330
607;331
607;332
607;333
607;334
607;335
607;336
607;337
607;338
607;339
607;340
607;341
607;342
607;343
607;344
607;345
607;346
607;347
607;348
607;349
607;350
607;351
607;352
607;353
607;354
607;355
607;356
607;357
607;358
607;359
607;360
607;361
607;362
607;363
607;364
608;206
608;207
608;208
608;209
608;210
608;211
608;212
608;213
608;214
608;215
608;216
608;217
608;218
608;219
608;220
608;221
608;222
608;223
608;224
608;225
608;226
608;227
608;228
608;229
608;230
608;231
608;232
608;233
608;234
608;235
608;236
608;237
608;238
608;239
608;240
608;241
608;242
608;243
608;244
608;245
608;246
608;247
608;248
608;249
608;250
608;251
608;252
608;253
608;254
608;255
608;256
608;257
608;258
608;259
608;260
608;261
608;262
608;263
608;264
608;265
608;266
608;267
608;268
608;269
608;270
608;271
608;272
608;273
608;274
608;275
608;276
608;277
608;278
608;279
608;280
608;281
608;282
608;283
608;284
608;285
608;286
608;287
608;288
608;289
608;290
608;291
608;292
608;293
608;294
608;295
608;296
608;297
608;298
608;299
608;300
608;301
608;302
608;303
608;304
608;305
608;306
608;307
608;308
608;309
608;310
608;311
608;312
608;313
608;314
608;315
608;316
608;317
608;318
608;319
608;320
608;321
608;322
608;323
608;324
608;325
608;326
608;327
608;328
608;329
608;330
608;331
608;332
608;333
608;334
608;335
608;336
608;337
608;338
608;339
608;340
608;341
608;342
608;343
608;344
608;345
608;346
608;347
608;348
608;349
608;350
608;351
608;352
608;353
608;354
608;355
608;356
608;357
608;358
608;359
608;360
608;361
608;362
608;363
608;364
609;206
609;207
609;208
609;209
609;210
609;211
609;212
609;213
609;214
609;215
609;216
609;217
609;218
609;219
609;220
609;221
609;222
609;223
609;224
609;225
609;226
609;227
609;228
609;229
609;230
609;231
609;232
609;233
609;234
609;235
609;236
609;237
609;238
609;239
609;240
609;241
609;242
609;243
609;244
609;245
609;246
609;247
609;248
609;249
609;250
609;251
609;252
609;253
609;254
609;255
609;256
609;257
609;258
609;259
609;260
609;261
609;262
609;263
609;264
609;265
609;266
609;267
609;268
609;269
609;270
609;271
609;272
609;273
609;274
609;275
609;276
609;277
609;278
609;279
609;280
609;281
609;282
609;283
609;284
609;285
609;286
609;287
609;288
609;289
609;290
609;291
609;292
609;293
609;294
609;295
609;296
609;297
609;298
609;299
609;300
609;301
609;302
609;303
609;304
609;305
609;306
609;307
609;308
609;309
609;310
609;311
609;312
609;313
609;314
609;315
609;316
609;317
609;318
609;319
609;320
609;321
609;322
609;323
609;324
609;325
609;326
609;327
609;328
609;329
609;330
609;331
609;332
609;333
609;334
609;335
609;336
609;337
609;338
609;339
609;340
609;341
609;342
609;343
609;344
609;345
609;346
609;347
609;348
609;349
609;350
609;351
609;352
609;353
609;354
609;355
609;356
609;357
609;358
609;359
609;360
609;361
609;362
609;363
610;206
610;207
610;208
610;209
610;210
610;211
610;212
610;213
610;214
610;215
610;216
610;217
610;218
610;219
610;220
610;221
610;222
610;223
610;224
610;225
610;226
610;227
610;228
610;229
610;230
610;231
610;232
610;233
610;234
610;235
610;236
610;237
610;238
610;239
610;240
610;241
610;242
610;243
610;244
610;245
610;246
610;247
610;248
610;249
610;250
610;251
610;252
610;253
610;254
610;255
610;256
610;257
610;258
610;259
610;260
610;261
610;262
610;263
610;264
610;265
610;266
610;267
610;268
610;269
610;270
610;271
610;272
610;273
610;274
610;275
610;276
610;277
610;278
610;279
610;280
610;281
610;282
610;283
610;284
610;285
610;286
610;287
610;288
610;289
610;290
610;291
610;292
610;293
610;294
610;295
610;296
610;297
610;298
610;299
610;300
610;301
610;302
610;303
610;304
610;305
610;306
610;307
610;308
610;309
610;310
610;311
610;312
610;313
610;314
610;315
610;316
610;317
610;318
610;319
610;320
610;321
610;322
610;323
610;324
610;325
610;326
610;327
610;328
610;329
610;330
610;331
610;332
610;333
610;334
610;335
610;336
610;337
610;338
610;339
610;340
610;341
610;342
610;343
610;344
610;345
610;346
610;347
610;348
610;349
610;350
610;351
610;352
610;353
610;354
610;355
610;356
610;357
610;358
610;359
610;360
610;361
610;362
610;363
611;205
611;206
611;207
611;208
611;209
611;210
611;211
611;212
611;213
611;214
611;215
611;216
611;217
611;218
611;219
611;220
611;221
611;222
611;223
611;224
611;225
611;226
611;227
611;228
611;229
611;230
611;231
611;232
611;233
611;234
611;235
611;236
611;237
611;238
611;239
611;240
611;241
611;242
611;243
611;244
611;245
611;246
611;247
611;248
611;249
611;250
611;251
611;252
611;253
611;254
611;255
611;256
611;257
611;258
611;259
611;260
611;261
611;262
611;263
611;264
611;265
611;266
611;267
611;268
611;269
611;270
611;271
611;272
611;273
611;274
611;275
611;276
611;277
611;278
611;279
611;280
611;281
611;282
611;283
611;284
611;285
611;286
611;287
611;288
611;289
611;290
611;291
611;292
611;293
611;294
611;295
611;296
611;297
611;298
611;299
611;300
611;301
611;302
611;303
611;304
611;305
611;306
611;307
611;308
611;309
611;310
611;311
611;312
611;313
611;314
611;315
611;316
611;317
611;318
611;319
611;320
611;321
611;322
611;323
611;324
611;325
611;326
611;327
611;328
611;329
611;330
611;331
611;332
611;333
611;334
611;335
611;336
611;337
611;338
611;339
611;340
611;341
611;342
611;343
611;344
611;345
611;346
611;347
611;348
611;349
611;350
611;351
611;352
611;353
611;354
611;355
611;356
611;357
611;358
611;359
611;360
611;361
611;362
611;363
612;205
612;206
612;207
612;208
612;209
612;210
612;211
612;212
612;213
612;214
612;215
612;216
612;217
612;218
612;219
612;220
612;221
612;222
612;223
612;224
612;225
612;226
612;227
612;228
612;229
612;230
612;231
612;232
612;233
612;234
612;235
612;236
612;237
612;238
612;239
612;240
612;241
612;242
612;243
612;244
612;245
612;246
612;247
612;248
612;249
612;250
612;251
612;252
612;253
612;254
612;255
612;256
612;257
612;258
612;259
612;260
612;261
612;262
612;263
612;264
612;265
612;266
612;267
612;268
612;269
612;270
612;271
612;272
612;273
612;274
612;275
612;276
612;277
612;278
612;279
612;280
612;281
612;282
612;283
612;284
612;285
612;286
612;287
612;288
612;289
612;290
612;291
612;292
612;293
612;294
612;295
612;296
612;297
612;298
612;299
612;300
612;301
612;302
612;303
612;304
612;305
612;306
612;307
612;308
612;309
612;310
612;311
612;312
612;313
612;314
612;315
612;316
612;317
612;318
612;319
612;320
612;321
612;322
612;323
612;324
612;325
612;326
612;327
612;328
612;329
612;330
612;331
612;332
612;333
612;334
612;335
612;336
612;337
612;338
612;339
612;340
612;341
612;342
612;343
612;344
612;345
612;346
612;347
612;348
612;349
612;350
612;351
612;352
612;353
612;354
612;355
612;356
612;357
612;358
612;359
612;360
612;361
612;362
613;205
613;206
613;207
613;208
613;209
613;210
613;211
613;212
613;213
613;214
613;215
613;216
613;217
613;218
613;219
613;220
613;221
613;222
613;223
613;224
613;225
613;226
613;227
613;228
613;229
613;230
613;231
613;232
613;233
613;234
613;235
613;236
613;237
613;238
613;239
613;240
613;241
613;242
613;243
613;244
613;245
613;246
613;247
613;248
613;249
613;250
613;251
613;252
613;253
613;254
613;255
613;256
613;257
613;258
613;259
613;260
613;261
613;262
613;263
613;264
613;265
613;266
613;267
613;268
613;269
613;270
613;271
613;272
613;273
613;274
613;275
613;276
613;277
613;278
613;279
613;280
613;281
613;282
613;283
613;284
613;285
613;286
613;287
613;288
613;289
613;290
613;291
613;292
613;293
613;294
613;295
613;296
613;297
613;298
613;299
613;300
613;301
613;302
613;303
613;304
613;305
613;306
613;307
613;308
613;309
613;310
613;311
613;312
613;313
613;314
613;315
613;316
613;317
613;318
613;319
613;320
613;321
613;322
613;323
613;324
613;325
613;326
613;327
613;328
613;329
613;330
613;331
613;332
613;333
613;334
613;335
613;336
613;337
613;338
613;339
613;340
613;341
613;342
613;343
613;344
613;345
613;346
613;347
613;348
613;349
613;350
613;351
613;352
613;353
613;354
613;355
613;356
613;357
613;358
613;359
613;360
613;361
613;362
614;205
614;206
614;207
614;208
614;209
614;210
614;211
614;212
614;213
614;214
614;215
614;216
614;217
614;218
614;219
614;220
614;221
614;222
614;223
614;224
614;225
614;226
614;227
614;228
614;229
614;230
614;231
614;232
614;233
614;234
614;235
614;236
614;237
614;238
614;239
614;240
614;241
614;242
614;243
614;244
614;245
614;246
614;247
614;248
614;249
614;250
614;251
614;252
614;253
614;254
614;255
614;256
614;257
614;258
614;259
614;260
614;261
614;262
614;263
614;264
614;265
614;266
614;267
614;268
614;269
614;270
614;271
614;272
614;273
614;274
614;275
614;276
614;277
614;278
614;279
614;280
614;281
614;282
614;283
614;284
614;285
614;286
614;287
614;288
614;289
614;290
614;291
614;292
614;293
614;294
614;295
614;296
614;297
614;298
614;299
614;300
614;301
614;302
614;303
614;304
614;305
614;306
614;307
614;308
614;309
614;310
614;311
614;312
614;313
614;314
614;315
614;316
614;317
614;318
614;319
614;320
614;321
614;322
614;323
614;324
614;325
614;326
614;327
614;328
614;329
614;330
614;331
614;332
614;333
614;334
614;335
614;336
614;337
614;338
614;339
614;340
614;341
614;342
614;343
614;344
614;345
614;346
614;347
614;348
614;349
614;350
614;351
614;352
614;353
614;354
614;355
614;356
614;357
614;358
614;359
614;360
614;361
614;362
615;204
615;205
615;206
615;207
615;208
615;209
615;210
615;211
615;212
615;213
615;214
615;215
615;216
615;217
615;218
615;219
615;220
615;221
615;222
615;223
615;224
615;225
615;226
615;227
615;228
615;229
615;230
615;231
615;232
615;233
615;234
615;235
615;236
615;237
615;238
615;239
615;240
615;241
615;242
615;243
615;244
615;245
615;246
615;247
615;248
615;249
615;250
615;251
615;252
615;253
615;254
615;255
615;256
615;257
615;258
615;259
615;260
615;261
615;262
615;263
615;264
615;265
615;266
615;267
615;268
615;269
615;270
615;271
615;272
615;273
615;274
615;275
615;276
615;277
615;278
615;279
615;280
615;281
615;282
615;283
615;284
615;285
615;286
615;287
615;288
615;289
615;290
615;291
615;292
615;293
615;294
615;295
615;296
615;297
615;298
615;299
615;300
615;301
615;302
615;303
615;304
615;305
615;306
615;307
615;308
615;309
615;310
615;311
615;312
615;313
615;314
615;315
615;316
615;317
615;318
615;319
615;320
615;321
615;322
615;323
615;324
615;325
615;326
615;327
615;328
615;329
615;330
615;331
615;332
615;333
615;334
615;335
615;336
615;337
615;338
615;339
615;340
615;341
615;342
615;343
615;344
615;345
615;346
615;347
615;348
615;349
615;350
615;351
615;352
615;353
615;354
615;355
615;356
615;357
615;358
615;359
615;360
615;361
615;362
616;204
616;205
616;206
616;207
616;208
616;209
616;210
616;211
616;212
616;213
616;214
616;215
616;216
616;217
616;218
616;219
616;220
616;221
616;222
616;223
616;224
616;225
616;226
616;227
616;228
616;229
616;230
616;231
616;232
616;233
616;234
616;235
616;236
616;237
616;238
616;239
616;240
616;241
616;242
616;243
616;244
616;245
616;246
616;247
616;248
616;249
616;250
616;251
616;252
616;253
616;254
616;255
616;256
616;257
616;258
616;259
616;260
616;261
616;262
616;263
616;264
616;265
616;266
616;267
616;268
616;269
616;270
616;271
616;272
616;273
616;274
616;275
616;276
616;277
616;278
616;279
616;280
616;281
616;282
616;283
616;284
616;285
616;286
616;287
616;288
616;289
616;290
616;291
616;292
616;293
616;294
616;295
616;296
616;297
616;298
616;299
616;300
616;301
616;302
616;303
616;304
616;305
616;306
616;307
616;308
616;309
616;310
616;311
616;312
616;313
616;314
616;315
616;316
616;317
616;318
616;319
616;320
616;321
616;322
616;323
616;324
616;325
616;326
616;327
616;328
616;329
616;330
616;331
616;332
616;333
616;334
616;335
616;336
616;337
616;338
616;339
616;340
616;341
616;342
616;343
616;344
616;345
616;346
616;347
616;348
616;349
616;350
616;351
616;352
616;353
616;354
616;355
616;356
616;357
616;358
616;359
616;360
616;361
617;204
617;205
617;206
617;207
617;208
617;209
617;210
617;211
617;212
617;213
617;214
617;215
617;216
617;217
617;218
617;219
617;220
617;221
617;222
617;223
617;224
617;225
617;226
617;227
617;228
617;229
617;230
617;231
617;232
617;233
617;234
617;235
617;236
617;237
617;238
617;239
617;240
617;241
617;242
617;243
617;244
617;245
617;246
617;247
617;248
617;249
617;250
617;251
617;252
617;253
617;254
617;255
617;256
617;257
617;258
617;259
617;260
617;261
617;262
617;263
617;264
617;265
617;266
617;267
617;268
617;269
617;270
617;271
617;272
617;273
617;274
617;275
617;276
617;277
617;278
617;279
617;280
617;281
617;282
617;283
617;284
617;285
617;286
617;287
617;288
617;289
617;290
617;291
617;292
617;293
617;294
617;295
617;296
617;297
617;298
617;299
617;300
617;301
617;302
617;303
617;304
617;305
617;306
617;307
617;308
617;309
617;310
617;311
617;312
617;313
617;314
617;315
617;316
617;317
617;318
617;319
617;320
617;321
617;322
617;323
617;324
617;325
617;326
617;327
617;328
617;329
617;330
617;331
617;332
617;333
617;334
617;335
617;336
617;337
617;338
617;339
617;340
617;341
617;342
617;343
617;344
617;345
617;346
617;347
617;348
617;349
617;350
617;351
617;352
617;353
617;354
617;355
617;356
617;357
617;358
617;359
617;360
617;361
618;204
618;205
618;206
618;207
618;208
618;209
618;210
618;211
618;212
618;213
618;214
618;215
618;216
618;217
618;218
618;219
618;220
618;221
618;222
618;223
618;224
618;225
618;226
618;227
618;228
618;229
618;230
618;231
618;232
618;233
618;234
618;235
618;236
618;237
618;238
618;239
618;240
618;241
618;242
618;243
618;244
618;245
618;246
618;247
618;248
618;249
618;250
618;251
618;252
618;253
618;254
618;255
618;256
618;257
618;258
618;259
618;260
618;261
618;262
618;263
618;264
618;265
618;266
618;267
618;268
618;269
618;270
618;271
618;272
618;273
618;274
618;275
618;276
618;277
618;278
618;279
618;280
618;281
618;282
618;283
618;284
618;285
618;286
618;287
618;288
618;289
618;290
618;291
618;292
618;293
618;294
618;295
618;296
618;297
618;298
618;299
618;300
618;301
618;302
618;303
618;304
618;305
618;306
618;307
618;308
618;309
618;310
618;311
618;312
618;313
618;314
618;315
618;316
618;317
618;318
618;319
618;320
618;321
618;322
618;323
618;324
618;325
618;326
618;327
618;328
618;329
618;330
618;331
618;332
618;333
618;334
618;335
618;336
618;337
618;338
618;339
618;340
618;341
618;342
618;343
618;344
618;345
618;346
618;347
618;348
618;349
618;350
618;351
618;352
618;353
618;354
618;355
618;356
618;357
618;358
618;359
618;360
618;361
619;203
619;204
619;205
619;206
619;207
619;208
619;209
619;210
619;211
619;212
619;213
619;214
619;215
619;216
619;217
619;218
619;219
619;220
619;221
619;222
619;223
619;224
619;225
619;226
619;227
619;228
619;229
619;230
619;231
619;232
619;233
619;234
619;235
619;236
619;237
619;238
619;239
619;240
619;241
619;242
619;243
619;244
619;245
619;246
619;247
619;248
619;249
619;250
619;251
619;252
619;253
619;254
619;255
619;256
619;257
619;258
619;259
619;260
619;261
619;262
619;263
619;264
619;265
619;266
619;267
619;268
619;269
619;270
619;271
619;272
619;273
619;274
619;275
619;276
619;277
619;278
619;279
619;280
619;281
619;282
619;283
619;284
619;285
619;286
619;287
619;288
619;289
619;290
619;291
619;292
619;293
619;294
619;295
619;296
619;297
619;298
619;299
619;300
619;301
619;302
619;303
619;304
619;305
619;306
619;307
619;308
619;309
619;310
619;311
619;312
619;313
619;314
619;315
619;316
619;317
619;318
619;319
619;320
619;321
619;322
619;323
619;324
619;325
619;326
619;327
619;328
619;329
619;330
619;331
619;332
619;333
619;334
619;335
619;336
619;337
619;338
619;339
619;340
619;341
619;342
619;343
619;344
619;345
619;346
619;347
619;348
619;349
619;350
619;351
619;352
619;353
619;354
619;355
619;356
619;357
619;358
619;359
619;360
619;361
620;203
620;204
620;205
620;206
620;207
620;208
620;209
620;210
620;211
620;212
620;213
620;214
620;215
620;216
620;217
620;218
620;219
620;220
620;221
620;222
620;223
620;224
620;225
620;226
620;227
620;228
620;229
620;230
620;231
620;232
620;233
620;234
620;235
620;236
620;237
620;238
620;239
620;240
620;241
620;242
620;243
620;244
620;245
620;246
620;247
620;248
620;249
620;250
620;251
620;252
620;253
620;254
620;255
620;256
620;257
620;258
620;259
620;260
620;261
620;262
620;263
620;264
620;265
620;266
620;267
620;268
620;269
620;270
620;271
620;272
620;273
620;274
620;275
620;276
620;277
620;278
620;279
620;280
620;281
620;282
620;283
620;284
620;285
620;286
620;287
620;288
620;289
620;290
620;291
620;292
620;293
620;294
620;295
620;296
620;297
620;298
620;299
620;300
620;301
620;302
620;303
620;304
620;305
620;306
620;307
620;308
620;309
620;310
620;311
620;312
620;313
620;314
620;315
620;316
620;317
620;318
620;319
620;320
620;321
620;322
620;323
620;324
620;325
620;326
620;327
620;328
620;329
620;330
620;331
620;332
620;333
620;334
620;335
620;336
620;337
620;338
620;339
620;340
620;341
620;342
620;343
620;344
620;345
620;346
620;347
620;348
620;349
620;350
620;351
620;352
620;353
620;354
620;355
620;356
620;357
620;358
620;359
620;360
621;203
621;204
621;205
621;206
621;207
621;208
621;209
621;210
621;211
621;212
621;213
621;214
621;215
621;216
621;217
621;218
621;219
621;220
621;221
621;222
621;223
621;224
621;225
621;226
621;227
621;228
621;229
621;230
621;231
621;232
621;233
621;234
621;235
621;236
621;237
621;238
621;239
621;240
621;241
621;242
621;243
621;244
621;245
621;246
621;247
621;248
621;249
621;250
621;251
621;252
621;253
621;254
621;255
621;256
621;257
621;258
621;259
621;260
621;261
621;262
621;263
621;264
621;265
621;266
621;267
621;268
621;269
621;270
621;271
621;272
621;273
621;274
621;275
621;276
621;277
621;278
621;279
621;280
621;281
621;282
621;283
621;284
621;285
621;286
621;287
621;288
621;289
621;290
621;291
621;292
621;293
621;294
621;295
621;296
621;297
621;298
621;299
621;300
621;301
621;302
621;303
621;304
621;305
621;306
621;307
621;308
621;309
621;310
621;311
621;312
621;313
621;314
621;315
621;316
621;317
621;318
621;319
621;320
621;321
621;322
621;323
621;324
621;325
621;326
621;327
621;328
621;329
621;330
621;331
621;332
621;333
621;334
621;335
621;336
621;337
621;338
621;339
621;340
621;341
621;342
621;343
621;344
621;345
621;346
621;347
621;348
621;349
621;350
621;351
621;352
621;353
621;354
621;355
621;356
621;357
621;358
621;359
621;360
622;203
622;204
622;205
622;206
622;207
622;208
622;209
622;210
622;211
622;212
622;213
622;214
622;215
622;216
622;217
622;218
622;219
622;220
622;221
622;222
622;223
622;224
622;225
622;226
622;227
622;228
622;229
622;230
622;231
622;232
622;233
622;234
622;235
622;236
622;237
622;238
622;239
622;240
622;241
622;242
622;243
622;244
622;245
622;246
622;247
622;248
622;249
622;250
622;251
622;252
622;253
622;254
622;255
622;256
622;257
622;258
622;259
622;260
622;261
622;262
622;263
622;264
622;265
622;266
622;267
622;268
622;269
622;270
622;271
622;272
622;273
622;274
622;275
622;276
622;277
622;278
622;279
622;280
622;281
622;282
622;283
622;284
622;285
622;286
622;287
622;288
622;289
622;290
622;291
622;292
622;293
622;294
622;295
622;296
622;297
622;298
622;299
622;300
622;301
622;302
622;303
622;304
622;305
622;306
622;307
622;308
622;309
622;310
622;311
622;312
622;313
622;314
622;315
622;316
622;317
622;318
622;319
622;320
622;321
622;322
622;323
622;324
622;325
622;326
622;327
622;328
622;329
622;330
622;331
622;332
622;333
622;334
622;335
622;336
622;337
622;338
622;339
622;340
622;341
622;342
622;343
622;344
622;345
622;346
622;347
622;348
622;349
622;350
622;351
622;352
622;353
622;354
622;355
622;356
622;357
622;358
622;359
622;360
623;202
623;203
623;204
623;205
623;206
623;207
623;208
623;209
623;210
623;211
623;212
623;213
623;214
623;215
623;216
623;217
623;218
623;219
623;220
623;221
623;222
623;223
623;224
623;225
623;226
623;227
623;228
623;229
623;230
623;231
623;232
623;233
623;234
623;235
623;236
623;237
623;238
623;239
623;240
623;241
623;242
623;243
623;244
623;245
623;246
623;247
623;248
623;249
623;250
623;251
623;252
623;253
623;254
623;255
623;256
623;257
623;258
623;259
623;260
623;261
623;262
623;263
623;264
623;265
623;266
623;267
623;268
623;269
623;270
623;271
623;272
623;273
623;274
623;275
623;276
623;277
623;278
623;279
623;280
623;281
623;282
623;283
623;284
623;285
623;286
623;287
623;288
623;289
623;290
623;291
623;292
623;293
623;294
623;295
623;296
623;297
623;298
623;299
623;300
623;301
623;302
623;303
623;304
623;305
623;306
623;307
623;308
623;309
623;310
623;311
623;312
623;313
623;314
623;315
623;316
623;317
623;318
623;319
623;320
623;321
623;322
623;323
623;324
623;325
623;326
623;327
623;328
623;329
623;330
623;331
623;332
623;333
623;334
623;335
623;336
623;337
623;338
623;339
623;340
623;341
623;342
623;343
623;344
623;345
623;346
623;347
623;348
623;349
623;350
623;351
623;352
623;353
623;354
623;355
623;356
623;357
623;358
623;359
623;360
624;202
624;203
624;204
624;205
624;206
624;207
624;208
624;209
624;210
624;211
624;212
624;213
624;214
624;215
624;216
624;217
624;218
624;219
624;220
624;221
624;222
624;223
624;224
624;225
624;226
624;227
624;228
624;229
624;230
624;231
624;232
624;233
624;234
624;235
624;236
624;237
624;238
624;239
624;240
624;241
624;242
624;243
624;244
624;245
624;246
624;247
624;248
624;249
624;250
624;251
624;252
624;253
624;254
624;255
624;256
624;257
624;258
624;259
624;260
624;261
624;262
624;263
624;264
624;265
624;266
624;267
624;268
624;269
624;270
624;271
624;272
624;273
624;274
624;275
624;276
624;277
624;278
624;279
624;280
624;281
624;282
624;283
624;284
624;285
624;286
624;287
624;288
624;289
624;290
624;291
624;292
624;293
624;294
624;295
624;296
624;297
624;298
624;299
624;300
624;301
624;302
624;303
624;304
624;305
624;306
624;307
624;308
624;309
624;310
624;311
624;312
624;313
624;314
624;315
624;316
624;317
624;318
624;319
624;320
624;321
624;322
624;323
624;324
624;325
624;326
624;327
624;328
624;329
624;330
624;331
624;332
624;333
624;334
624;335
624;336
624;337
624;338
624;339
624;340
624;341
624;342
624;343
624;344
624;345
624;346
624;347
624;348
624;349
624;350
624;351
624;352
624;353
624;354
624;355
624;356
624;357
624;358
624;359
625;202
625;203
625;204
625;205
625;206
625;207
625;208
625;209
625;210
625;211
625;212
625;213
625;214
625;215
625;216
625;217
625;218
625;219
625;220
625;221
625;222
625;223
625;224
625;225
625;226
625;227
625;228
625;229
625;230
625;231
625;232
625;233
625;234
625;235
625;236
625;237
625;238
625;239
625;240
625;241
625;242
625;243
625;244
625;245
625;246
625;247
625;248
625;249
625;250
625;251
625;252
625;253
625;254
625;255
625;256
625;257
625;258
625;259
625;260
625;261
625;262
625;263
625;264
625;265
625;266
625;267
625;268
625;269
625;270
625;271
625;272
625;273
625;274
625;275
625;276
625;277
625;278
625;279
625;280
625;281
625;282
625;283
625;284
625;285
625;286
625;287
625;288
625;289
625;290
625;291
625;292
625;293
625;294
625;295
625;296
625;297
625;298
625;299
625;300
625;301
625;302
625;303
625;304
625;305
625;306
625;307
625;308
625;309
625;310
625;311
625;312
625;313
625;314
625;315
625;316
625;317
625;318
625;319
625;320
625;321
625;322
625;323
625;324
625;325
625;326
625;327
625;328
625;329
625;330
625;331
625;332
625;333
625;334
625;335
625;336
625;337
625;338
625;339
625;340
625;341
625;342
625;343
625;344
625;345
625;346
625;347
625;348
625;349
625;350
625;351
625;352
625;353
625;354
625;355
625;356
625;357
625;358
625;359
626;201
626;202
626;203
626;204
626;205
626;206
626;207
626;208
626;209
626;210
626;211
626;212
626;213
626;214
626;215
626;216
626;217
626;218
626;219
626;220
626;221
626;222
626;223
626;224
626;225
626;226
626;227
626;228
626;229
626;230
626;231
626;232
626;233
626;234
626;235
626;236
626;237
626;238
626;239
626;240
626;241
626;242
626;243
626;244
626;245
626;246
626;247
626;248
626;249
626;250
626;251
626;252
626;253
626;254
626;255
626;256
626;257
626;258
626;259
626;260
626;261
626;262
626;263
626;264
626;265
626;266
626;267
626;268
626;269
626;270
626;271
626;272
626;273
626;274
626;275
626;276
626;277
626;278
626;279
626;280
626;281
626;282
626;283
626;284
626;285
626;286
626;287
626;288
626;289
626;290
626;291
626;292
626;293
626;294
626;295
626;296
626;297
626;298
626;299
626;300
626;301
626;302
626;303
626;304
626;305
626;306
626;307
626;308
626;309
626;310
626;311
626;312
626;313
626;314
626;315
626;316
626;317
626;318
626;319
626;320
626;321
626;322
626;323
626;324
626;325
626;326
626;327
626;328
626;329
626;330
626;331
626;332
626;333
626;334
626;335
626;336
626;337
626;338
626;339
626;340
626;341
626;342
626;343
626;344
626;345
626;346
626;347
626;348
626;349
626;350
626;351
626;352
626;353
626;354
626;355
626;356
626;357
626;358
626;359
627;201
627;202
627;203
627;204
627;205
627;206
627;207
627;208
627;209
627;210
627;211
627;212
627;213
627;214
627;215
627;216
627;217
627;218
627;219
627;220
627;221
627;222
627;223
627;224
627;225
627;226
627;227
627;228
627;229
627;230
627;231
627;232
627;233
627;234
627;235
627;236
627;237
627;238
627;239
627;240
627;241
627;242
627;243
627;244
627;245
627;246
627;247
627;248
627;249
627;250
627;251
627;252
627;253
627;254
627;255
627;256
627;257
627;258
627;259
627;260
627;261
627;262
627;263
627;264
627;265
627;266
627;267
627;268
627;269
627;270
627;271
627;272
627;273
627;274
627;275
627;276
627;277
627;278
627;279
627;280
627;281
627;282
627;283
627;284
627;285
627;286
627;287
627;288
627;289
627;290
627;291
627;292
627;293
627;294
627;295
627;296
627;297
627;298
627;299
627;300
627;301
627;302
627;303
627;304
627;305
627;306
627;307
627;308
627;309
627;310
627;311
627;312
627;313
627;314
627;315
627;316
627;317
627;318
627;319
627;320
627;321
627;322
627;323
627;324
627;325
627;326
627;327
627;328
627;329
627;330
627;331
627;332
627;333
627;334
627;335
627;336
627;337
627;338
627;339
627;340
627;341
627;342
627;343
627;344
627;345
627;346
627;347
627;348
627;349
627;350
627;351
627;352
627;353
627;354
627;355
627;356
627;357
627;358
627;359
628;201
628;202
628;203
628;204
628;205
628;206
628;207
628;208
628;209
628;210
628;211
628;212
628;213
628;214
628;215
628;216
628;217
628;218
628;219
628;220
628;221
628;222
628;223
628;224
628;225
628;226
628;227
628;228
628;229
628;230
628;231
628;232
628;233
628;234
628;235
628;236
628;237
628;238
628;239
628;240
628;241
628;242
628;243
628;244
628;245
628;246
628;247
628;248
628;249
628;250
628;251
628;252
628;253
628;254
628;255
628;256
628;257
628;258
628;259
628;260
628;261
628;262
628;263
628;264
628;265
628;266
628;267
628;268
628;269
628;270
628;271
628;272
628;273
628;274
628;275
628;276
628;277
628;278
628;279
628;280
628;281
628;282
628;283
628;284
628;285
628;286
628;287
628;288
628;289
628;290
628;291
628;292
628;293
628;294
628;295
628;296
628;297
628;298
628;299
628;300
628;301
628;302
628;303
628;304
628;305
628;306
628;307
628;308
628;309
628;310
628;311
628;312
628;313
628;314
628;315
628;316
628;317
628;318
628;319
628;320
628;321
628;322
628;323
628;324
628;325
628;326
628;327
628;328
628;329
628;330
628;331
628;332
628;333
628;334
628;335
628;336
628;337
628;338
628;339
628;340
628;341
628;342
628;343
628;344
628;345
628;346
628;347
628;348
628;349
628;350
628;351
628;352
628;353
628;354
628;355
628;356
628;357
628;358
629;201
629;202
629;203
629;204
629;205
629;206
629;207
629;208
629;209
629;210
629;211
629;212
629;213
629;214
629;215
629;216
629;217
629;218
629;219
629;220
629;221
629;222
629;223
629;224
629;225
629;226
629;227
629;228
629;229
629;230
629;231
629;232
629;233
629;234
629;235
629;236
629;237
629;238
629;239
629;240
629;241
629;242
629;243
629;244
629;245
629;246
629;247
629;248
629;249
629;250
629;251
629;252
629;253
629;254
629;255
629;256
629;257
629;258
629;259
629;260
629;261
629;262
629;263
629;264
629;265
629;266
629;267
629;268
629;269
629;270
629;271
629;272
629;273
629;274
629;275
629;276
629;277
629;278
629;279
629;280
629;281
629;282
629;283
629;284
629;285
629;286
629;287
629;288
629;289
629;290
629;291
629;292
629;293
629;294
629;295
629;296
629;297
629;298
629;299
629;300
629;301
629;302
629;303
629;304
629;305
629;306
629;307
629;308
629;309
629;310
629;311
629;312
629;313
629;314
629;315
629;316
629;317
629;318
629;319
629;320
629;321
629;322
629;323
629;324
629;325
629;326
629;327
629;328
629;329
629;330
629;331
629;332
629;333
629;334
629;335
629;336
629;337
629;338
629;339
629;340
629;341
629;342
629;343
629;344
629;345
629;346
629;347
629;348
629;349
629;350
629;351
629;352
629;353
629;354
629;355
629;356
629;357
629;358
630;201
630;202
630;203
630;204
630;205
630;206
630;207
630;208
630;209
630;210
630;211
630;212
630;213
630;214
630;215
630;216
630;217
630;218
630;219
630;220
630;221
630;222
630;223
630;224
630;225
630;226
630;227
630;228
630;229
630;230
630;231
630;232
630;233
630;234
630;235
630;236
630;237
630;238
630;239
630;240
630;241
630;242
630;243
630;244
630;245
630;246
630;247
630;248
630;249
630;250
630;251
630;252
630;253
630;254
630;255
630;256
630;257
630;258
630;259
630;260
630;261
630;262
630;263
630;264
630;265
630;266
630;267
630;268
630;269
630;270
630;271
630;272
630;273
630;274
630;275
630;276
630;277
630;278
630;279
630;280
630;281
630;282
630;283
630;284
630;285
630;286
630;287
630;288
630;289
630;290
630;291
630;292
630;293
630;294
630;295
630;296
630;297
630;298
630;299
630;300
630;301
630;302
630;303
630;304
630;305
630;306
630;307
630;308
630;309
630;310
630;311
630;312
630;313
630;314
630;315
630;316
630;317
630;318
630;319
630;320
630;321
630;322
630;323
630;324
630;325
630;326
630;327
630;328
630;329
630;330
630;331
630;332
630;333
630;334
630;335
630;336
630;337
630;338
630;339
630;340
630;341
630;342
630;343
630;344
630;345
630;346
630;347
630;348
630;349
630;350
630;351
630;352
630;353
630;354
630;355
630;356
630;357
630;358
631;200
631;201
631;202
631;203
631;204
631;205
631;206
631;207
631;208
631;209
631;210
631;211
631;212
631;213
631;214
631;215
631;216
631;217
631;218
631;219
631;220
631;221
631;222
631;223
631;224
631;225
631;226
631;227
631;228
631;229
631;230
631;231
631;232
631;233
631;234
631;235
631;236
631;237
631;238
631;239
631;240
631;241
631;242
631;243
631;244
631;245
631;246
631;247
631;248
631;249
631;250
631;251
631;252
631;253
631;254
631;255
631;256
631;257
631;258
631;259
631;260
631;261
631;262
631;263
631;264
631;265
631;266
631;267
631;268
631;269
631;270
631;271
631;272
631;273
631;274
631;275
631;276
631;277
631;278
631;279
631;280
631;281
631;282
631;283
631;284
631;285
631;286
631;287
631;288
631;289
631;290
631;291
631;292
631;293
631;294
631;295
631;296
631;297
631;298
631;299
631;300
631;301
631;302
631;303
631;304
631;305
631;306
631;307
631;308
631;309
631;310
631;311
631;312
631;313
631;314
631;315
631;316
631;317
631;318
631;319
631;320
631;321
631;322
631;323
631;324
631;325
631;326
631;327
631;328
631;329
631;330
631;331
631;332
631;333
631;334
631;335
631;336
631;337
631;338
631;339
631;340
631;341
631;342
631;343
631;344
631;345
631;346
631;347
631;348
631;349
631;350
631;351
631;352
631;353
631;354
631;355
631;356
631;357
631;358
632;200
632;201
632;202
632;203
632;204
632;205
632;206
632;207
632;208
632;209
632;210
632;211
632;212
632;213
632;214
632;215
632;216
632;217
632;218
632;219
632;220
632;221
632;222
632;223
632;224
632;225
632;226
632;227
632;228
632;229
632;230
632;231
632;232
632;233
632;234
632;235
632;236
632;237
632;238
632;239
632;240
632;241
632;242
632;243
632;244
632;245
632;246
632;247
632;248
632;249
632;250
632;251
632;252
632;253
632;254
632;255
632;256
632;257
632;258
632;259
632;260
632;261
632;262
632;263
632;264
632;265
632;266
632;267
632;268
632;269
632;270
632;271
632;272
632;273
632;274
632;275
632;276
632;277
632;278
632;279
632;280
632;281
632;282
632;283
632;284
632;285
632;286
632;287
632;288
632;289
632;290
632;291
632;292
632;293
632;294
632;295
632;296
632;297
632;298
632;299
632;300
632;301
632;302
632;303
632;304
632;305
632;306
632;307
632;308
632;309
632;310
632;311
632;312
632;313
632;314
632;315
632;316
632;317
632;318
632;319
632;320
632;321
632;322
632;323
632;324
632;325
632;326
632;327
632;328
632;329
632;330
632;331
632;332
632;333
632;334
632;335
632;336
632;337
632;338
632;339
632;340
632;341
632;342
632;343
632;344
632;345
632;346
632;347
632;348
632;349
632;350
632;351
632;352
632;353
632;354
632;355
632;356
632;357
633;200
633;201
633;202
633;203
633;204
633;205
633;206
633;207
633;208
633;209
633;210
633;211
633;212
633;213
633;214
633;215
633;216
633;217
633;218
633;219
633;220
633;221
633;222
633;223
633;224
633;225
633;226
633;227
633;228
633;229
633;230
633;231
633;232
633;233
633;234
633;235
633;236
633;237
633;238
633;239
633;240
633;241
633;242
633;243
633;244
633;245
633;246
633;247
633;248
633;249
633;250
633;251
633;252
633;253
633;254
633;255
633;256
633;257
633;258
633;259
633;260
633;261
633;262
633;263
633;264
633;265
633;266
633;267
633;268
633;269
633;270
633;271
633;272
633;273
633;274
633;275
633;276
633;277
633;278
633;279
633;280
633;281
633;282
633;283
633;284
633;285
633;286
633;287
633;288
633;289
633;290
633;291
633;292
633;293
633;294
633;295
633;296
633;297
633;298
633;299
633;300
633;301
633;302
633;303
633;304
633;305
633;306
633;307
633;308
633;309
633;310
633;311
633;312
633;313
633;314
633;315
633;316
633;317
633;318
633;319
633;320
633;321
633;322
633;323
633;324
633;325
633;326
633;327
633;328
633;329
633;330
633;331
633;332
633;333
633;334
633;335
633;336
633;337
633;338
633;339
633;340
633;341
633;342
633;343
633;344
633;345
633;346
633;347
633;348
633;349
633;350
633;351
633;352
633;353
633;354
633;355
633;356
633;357
634;199
634;200
634;201
634;202
634;203
634;204
634;205
634;206
634;207
634;208
634;209
634;210
634;211
634;212
634;213
634;214
634;215
634;216
634;217
634;218
634;219
634;220
634;221
634;222
634;223
634;224
634;225
634;226
634;227
634;228
634;229
634;230
634;231
634;232
634;233
634;234
634;235
634;236
634;237
634;238
634;239
634;240
634;241
634;242
634;243
634;244
634;245
634;246
634;247
634;248
634;249
634;250
634;251
634;252
634;253
634;254
634;255
634;256
634;257
634;258
634;259
634;260
634;261
634;262
634;263
634;264
634;265
634;266
634;267
634;268
634;269
634;270
634;271
634;272
634;273
634;274
634;275
634;276
634;277
634;278
634;279
634;280
634;281
634;282
634;283
634;284
634;285
634;286
634;287
634;288
634;289
634;290
634;291
634;292
634;293
634;294
634;295
634;296
634;297
634;298
634;299
634;300
634;301
634;302
634;303
634;304
634;305
634;306
634;307
634;308
634;309
634;310
634;311
634;312
634;313
634;314
634;315
634;316
634;317
634;318
634;319
634;320
634;321
634;322
634;323
634;324
634;325
634;326
634;327
634;328
634;329
634;330
634;331
634;332
634;333
634;334
634;335
634;336
634;337
634;338
634;339
634;340
634;341
634;342
634;343
634;344
634;345
634;346
634;347
634;348
634;349
634;350
634;351
634;352
634;353
634;354
634;355
634;356
634;357
635;199
635;200
635;201
635;202
635;203
635;204
635;205
635;206
635;207
635;208
635;209
635;210
635;211
635;212
635;213
635;214
635;215
635;216
635;217
635;218
635;219
635;220
635;221
635;222
635;223
635;224
635;225
635;226
635;227
635;228
635;229
635;230
635;231
635;232
635;233
635;234
635;235
635;236
635;237
635;238
635;239
635;240
635;241
635;242
635;243
635;244
635;245
635;246
635;247
635;248
635;249
635;250
635;251
635;252
635;253
635;254
635;255
635;256
635;257
635;258
635;259
635;260
635;261
635;262
635;263
635;264
635;265
635;266
635;267
635;268
635;269
635;270
635;271
635;272
635;273
635;274
635;275
635;276
635;277
635;278
635;279
635;280
635;281
635;282
635;283
635;284
635;285
635;286
635;287
635;288
635;289
635;290
635;291
635;292
635;293
635;294
635;295
635;296
635;297
635;298
635;299
635;300
635;301
635;302
635;303
635;304
635;305
635;306
635;307
635;308
635;309
635;310
635;311
635;312
635;313
635;314
635;315
635;316
635;317
635;318
635;319
635;320
635;321
635;322
635;323
635;324
635;325
635;326
635;327
635;328
635;329
635;330
635;331
635;332
635;333
635;334
635;335
635;336
635;337
635;338
635;339
635;340
635;341
635;342
635;343
635;344
635;345
635;346
635;347
635;348
635;349
635;350
635;351
635;352
635;353
635;354
635;355
635;356
635;357
636;199
636;200
636;201
636;202
636;203
636;204
636;205
636;206
636;207
636;208
636;209
636;210
636;211
636;212
636;213
636;214
636;215
636;216
636;217
636;218
636;219
636;220
636;221
636;222
636;223
636;224
636;225
636;226
636;227
636;228
636;229
636;230
636;231
636;232
636;233
636;234
636;235
636;236
636;237
636;238
636;239
636;240
636;241
636;242
636;243
636;244
636;245
636;246
636;247
636;248
636;249
636;250
636;251
636;252
636;253
636;254
636;255
636;256
636;257
636;258
636;259
636;260
636;261
636;262
636;263
636;264
636;265
636;266
636;267
636;268
636;269
636;270
636;271
636;272
636;273
636;274
636;275
636;276
636;277
636;278
636;279
636;280
636;281
636;282
636;283
636;284
636;285
636;286
636;287
636;288
636;289
636;290
636;291
636;292
636;293
636;294
636;295
636;296
636;297
636;298
636;299
636;300
636;301
636;302
636;303
636;304
636;305
636;306
636;307
636;308
636;309
636;310
636;311
636;312
636;313
636;314
636;315
636;316
636;317
636;318
636;319
636;320
636;321
636;322
636;323
636;324
636;325
636;326
636;327
636;328
636;329
636;330
636;331
636;332
636;333
636;334
636;335
636;336
636;337
636;338
636;339
636;340
636;341
636;342
636;343
636;344
636;345
636;346
636;347
636;348
636;349
636;350
636;351
636;352
636;353
636;354
636;355
636;356
637;199
637;200
637;201
637;202
637;203
637;204
637;205
637;206
637;207
637;208
637;209
637;210
637;211
637;212
637;213
637;214
637;215
637;216
637;217
637;218
637;219
637;220
637;221
637;222
637;223
637;224
637;225
637;226
637;227
637;228
637;229
637;230
637;231
637;232
637;233
637;234
637;235
637;236
637;237
637;238
637;239
637;240
637;241
637;242
637;243
637;244
637;245
637;246
637;247
637;248
637;249
637;250
637;251
637;252
637;253
637;254
637;255
637;256
637;257
637;258
637;259
637;260
637;261
637;262
637;263
637;264
637;265
637;266
637;267
637;268
637;269
637;270
637;271
637;272
637;273
637;274
637;275
637;276
637;277
637;278
637;279
637;280
637;281
637;282
637;283
637;284
637;285
637;286
637;287
637;288
637;289
637;290
637;291
637;292
637;293
637;294
637;295
637;296
637;297
637;298
637;299
637;300
637;301
637;302
637;303
637;304
637;305
637;306
637;307
637;308
637;309
637;310
637;311
637;312
637;313
637;314
637;315
637;316
637;317
637;318
637;319
637;320
637;321
637;322
637;323
637;324
637;325
637;326
637;327
637;328
637;329
637;330
637;331
637;332
637;333
637;334
637;335
637;336
637;337
637;338
637;339
637;340
637;341
637;342
637;343
637;344
637;345
637;346
637;347
637;348
637;349
637;350
637;351
637;352
637;353
637;354
637;355
637;356
638;199
638;200
638;201
638;202
638;203
638;204
638;205
638;206
638;207
638;208
638;209
638;210
638;211
638;212
638;213
638;214
638;215
638;216
638;217
638;218
638;219
638;220
638;221
638;222
638;223
638;224
638;225
638;226
638;227
638;228
638;229
638;230
638;231
638;232
638;233
638;234
638;235
638;236
638;237
638;238
638;239
638;240
638;241
638;242
638;243
638;244
638;245
638;246
638;247
638;248
638;249
638;250
638;251
638;252
638;253
638;254
638;255
638;256
638;257
638;258
638;259
638;260
638;261
638;262
638;263
638;264
638;265
638;266
638;267
638;268
638;269
638;270
638;271
638;272
638;273
638;274
638;275
638;276
638;277
638;278
638;279
638;280
638;281
638;282
638;283
638;284
638;285
638;286
638;287
638;288
638;289
638;290
638;291
638;292
638;293
638;294
638;295
638;296
638;297
638;298
638;299
638;300
638;301
638;302
638;303
638;304
638;305
638;306
638;307
638;308
638;309
638;310
638;311
638;312
638;313
638;314
638;315
638;316
638;317
638;318
638;319
638;320
638;321
638;322
638;323
638;324
638;325
638;326
638;327
638;328
638;329
638;330
638;331
638;332
638;333
638;334
638;335
638;336
638;337
638;338
638;339
638;340
638;341
638;342
638;343
638;344
638;345
638;346
638;347
638;348
638;349
638;350
638;351
638;352
638;353
638;354
638;355
638;356
639;198
639;199
639;200
639;201
639;202
639;203
639;204
639;205
639;206
639;207
639;208
639;209
639;210
639;211
639;212
639;213
639;214
639;215
639;216
639;217
639;218
639;219
639;220
639;221
639;222
639;223
639;224
639;225
639;226
639;227
639;228
639;229
639;230
639;231
639;232
639;233
639;234
639;235
639;236
639;237
639;238
639;239
639;240
639;241
639;242
639;243
639;244
639;245
639;246
639;247
639;248
639;249
639;250
639;251
639;252
639;253
639;254
639;255
639;256
639;257
639;258
639;259
639;260
639;261
639;262
639;263
639;264
639;265
639;266
639;267
639;268
639;269
639;270
639;271
639;272
639;273
639;274
639;275
639;276
639;277
639;278
639;279
639;280
639;281
639;282
639;283
639;284
639;285
639;286
639;287
639;288
639;289
639;290
639;291
639;292
639;293
639;294
639;295
639;296
639;297
639;298
639;299
639;300
639;301
639;302
639;303
639;304
639;305
639;306
639;307
639;308
639;309
639;310
639;311
639;312
639;313
639;314
639;315
639;316
639;317
639;318
639;319
639;320
639;321
639;322
639;323
639;324
639;325
639;326
639;327
639;328
639;329
639;330
639;331
639;332
639;333
639;334
639;335
639;336
639;337
639;338
639;339
639;340
639;341
639;342
639;343
639;344
639;345
639;346
639;347
639;348
639;349
639;350
639;351
639;352
639;353
639;354
639;355
639;356
640;198
640;199
640;200
640;201
640;202
640;203
640;204
640;205
640;206
640;207
640;208
640;209
640;210
640;211
640;212
640;213
640;214
640;215
640;216
640;217
640;218
640;219
640;220
640;221
640;222
640;223
640;224
640;225
640;226
640;227
640;228
640;229
640;230
640;231
640;232
640;233
640;234
640;235
640;236
640;237
640;238
640;239
640;240
640;241
640;242
640;243
640;244
640;245
640;246
640;247
640;248
640;249
640;250
640;251
640;252
640;253
640;254
640;255
640;256
640;257
640;258
640;259
640;260
640;261
640;262
640;263
640;264
640;265
640;266
640;267
640;268
640;269
640;270
640;271
640;272
640;273
640;274
640;275
640;276
640;277
640;278
640;279
640;280
640;281
640;282
640;283
640;284
640;285
640;286
640;287
640;288
640;289
640;290
640;291
640;292
640;293
640;294
640;295
640;296
640;297
640;298
640;299
640;300
640;301
640;302
640;303
640;304
640;305
640;306
640;307
640;308
640;309
640;310
640;311
640;312
640;313
640;314
640;315
640;316
640;317
640;318
640;319
640;320
640;321
640;322
640;323
640;324
640;325
640;326
640;327
640;328
640;329
640;330
640;331
640;332
640;333
640;334
640;335
640;336
640;337
640;338
640;339
640;340
640;341
640;342
640;343
640;344
640;345
640;346
640;347
640;348
640;349
640;350
640;351
640;352
640;353
640;354
640;355
641;198
641;199
641;200
641;201
641;202
641;203
641;204
641;205
641;206
641;207
641;208
641;209
641;210
641;211
641;212
641;213
641;214
641;215
641;216
641;217
641;218
641;219
641;220
641;221
641;222
641;223
641;224
641;225
641;226
641;227
641;228
641;229
641;230
641;231
641;232
641;233
641;234
641;235
641;236
641;237
641;238
641;239
641;240
641;241
641;242
641;243
641;244
641;245
641;246
641;247
641;248
641;249
641;250
641;251
641;252
641;253
641;254
641;255
641;256
641;257
641;258
641;259
641;260
641;261
641;262
641;263
641;264
641;265
641;266
641;267
641;268
641;269
641;270
641;271
641;272
641;273
641;274
641;275
641;276
641;277
641;278
641;279
641;280
641;281
641;282
641;283
641;284
641;285
641;286
641;287
641;288
641;289
641;290
641;291
641;292
641;293
641;294
641;295
641;296
641;297
641;298
641;299
641;300
641;301
641;302
641;303
641;304
641;305
641;306
641;307
641;308
641;309
641;310
641;311
641;312
641;313
641;314
641;315
641;316
641;317
641;318
641;319
641;320
641;321
641;322
641;323
641;324
641;325
641;326
641;327
641;328
641;329
641;330
641;331
641;332
641;333
641;334
641;335
641;336
641;337
641;338
641;339
641;340
641;341
641;342
641;343
641;344
641;345
641;346
641;347
641;348
641;349
641;350
641;351
641;352
641;353
641;354
641;355
642;197
642;198
642;199
642;200
642;201
642;202
642;203
642;204
642;205
642;206
642;207
642;208
642;209
642;210
642;211
642;212
642;213
642;214
642;215
642;216
642;217
642;218
642;219
642;220
642;221
642;222
642;223
642;224
642;225
642;226
642;227
642;228
642;229
642;230
642;231
642;232
642;233
642;234
642;235
642;236
642;237
642;238
642;239
642;240
642;241
642;242
642;243
642;244
642;245
642;246
642;247
642;248
642;249
642;250
642;251
642;252
642;253
642;254
642;255
642;256
642;257
642;258
642;259
642;260
642;261
642;262
642;263
642;264
642;265
642;266
642;267
642;268
642;269
642;270
642;271
642;272
642;273
642;274
642;275
642;276
642;277
642;278
642;279
642;280
642;281
642;282
642;283
642;284
642;285
642;286
642;287
642;288
642;289
642;290
642;291
642;292
642;293
642;294
642;295
642;296
642;297
642;298
642;299
642;300
642;301
642;302
642;303
642;304
642;305
642;306
642;307
642;308
642;309
642;310
642;311
642;312
642;313
642;314
642;315
642;316
642;317
642;318
642;319
642;320
642;321
642;322
642;323
642;324
642;325
642;326
642;327
642;328
642;329
642;330
642;331
642;332
642;333
642;334
642;335
642;336
642;337
642;338
642;339
642;340
642;341
642;342
642;343
642;344
642;345
642;346
642;347
642;348
642;349
642;350
642;351
642;352
642;353
642;354
642;355
643;197
643;198
643;199
643;200
643;201
643;202
643;203
643;204
643;205
643;206
643;207
643;208
643;209
643;210
643;211
643;212
643;213
643;214
643;215
643;216
643;217
643;218
643;219
643;220
643;221
643;222
643;223
643;224
643;225
643;226
643;227
643;228
643;229
643;230
643;231
643;232
643;233
643;234
643;235
643;236
643;237
643;238
643;239
643;240
643;241
643;242
643;243
643;244
643;245
643;246
643;247
643;248
643;249
643;250
643;251
643;252
643;253
643;254
643;255
643;256
643;257
643;258
643;259
643;260
643;261
643;262
643;263
643;264
643;265
643;266
643;267
643;268
643;269
643;270
643;271
643;272
643;273
643;274
643;275
643;276
643;277
643;278
643;279
643;280
643;281
643;282
643;283
643;284
643;285
643;286
643;287
643;288
643;289
643;290
643;291
643;292
643;293
643;294
643;295
643;296
643;297
643;298
643;299
643;300
643;301
643;302
643;303
643;304
643;305
643;306
643;307
643;308
643;309
643;310
643;311
643;312
643;313
643;314
643;315
643;316
643;317
643;318
643;319
643;320
643;321
643;322
643;323
643;324
643;325
643;326
643;327
643;328
643;329
643;330
643;331
643;332
643;333
643;334
643;335
643;336
643;337
643;338
643;339
643;340
643;341
643;342
643;343
643;344
643;345
643;346
643;347
643;348
643;349
643;350
643;351
643;352
643;353
643;354
644;197
644;198
644;199
644;200
644;201
644;202
644;203
644;204
644;205
644;206
644;207
644;208
644;209
644;210
644;211
644;212
644;213
644;214
644;215
644;216
644;217
644;218
644;219
644;220
644;221
644;222
644;223
644;224
644;225
644;226
644;227
644;228
644;229
644;230
644;231
644;232
644;233
644;234
644;235
644;236
644;237
644;238
644;239
644;240
644;241
644;242
644;243
644;244
644;245
644;246
644;247
644;248
644;249
644;250
644;251
644;252
644;253
644;254
644;255
644;256
644;257
644;258
644;259
644;260
644;261
644;262
644;263
644;264
644;265
644;266
644;267
644;268
644;269
644;270
644;271
644;272
644;273
644;274
644;275
644;276
644;277
644;278
644;279
644;280
644;281
644;282
644;283
644;284
644;285
644;286
644;287
644;288
644;289
644;290
644;291
644;292
644;293
644;294
644;295
644;296
644;297
644;298
644;299
644;300
644;301
644;302
644;303
644;304
644;305
644;306
644;307
644;308
644;309
644;310
644;311
644;312
644;313
644;314
644;315
644;316
644;317
644;318
644;319
644;320
644;321
644;322
644;323
644;324
644;325
644;326
644;327
644;328
644;329
644;330
644;331
644;332
644;333
644;334
644;335
644;336
644;337
644;338
644;339
644;340
644;341
644;342
644;343
644;344
644;345
644;346
644;347
644;348
644;349
644;350
644;351
644;352
644;353
644;354
645;197
645;198
645;199
645;200
645;201
645;202
645;203
645;204
645;205
645;206
645;207
645;208
645;209
645;210
645;211
645;212
645;213
645;214
645;215
645;216
645;217
645;218
645;219
645;220
645;221
645;222
645;223
645;224
645;225
645;226
645;227
645;228
645;229
645;230
645;231
645;232
645;233
645;234
645;235
645;236
645;237
645;238
645;239
645;240
645;241
645;242
645;243
645;244
645;245
645;246
645;247
645;248
645;249
645;250
645;251
645;252
645;253
645;254
645;255
645;256
645;257
645;258
645;259
645;260
645;261
645;262
645;263
645;264
645;265
645;266
645;267
645;268
645;269
645;270
645;271
645;272
645;273
645;274
645;275
645;276
645;277
645;278
645;279
645;280
645;281
645;282
645;283
645;284
645;285
645;286
645;287
645;288
645;289
645;290
645;291
645;292
645;293
645;294
645;295
645;296
645;297
645;298
645;299
645;300
645;301
645;302
645;303
645;304
645;305
645;306
645;307
645;308
645;309
645;310
645;311
645;312
645;313
645;314
645;315
645;316
645;317
645;318
645;319
645;320
645;321
645;322
645;323
645;324
645;325
645;326
645;327
645;328
645;329
645;330
645;331
645;332
645;333
645;334
645;335
645;336
645;337
645;338
645;339
645;340
645;341
645;342
645;343
645;344
645;345
645;346
645;347
645;348
645;349
645;350
645;351
645;352
645;353
645;354
646;197
646;198
646;199
646;200
646;201
646;202
646;203
646;204
646;205
646;206
646;207
646;208
646;209
646;210
646;211
646;212
646;213
646;214
646;215
646;216
646;217
646;218
646;219
646;220
646;221
646;222
646;223
646;224
646;225
646;226
646;227
646;228
646;229
646;230
646;231
646;232
646;233
646;234
646;235
646;236
646;237
646;238
646;239
646;240
646;241
646;242
646;243
646;244
646;245
646;246
646;247
646;248
646;249
646;250
646;251
646;252
646;253
646;254
646;255
646;256
646;257
646;258
646;259
646;260
646;261
646;262
646;263
646;264
646;265
646;266
646;267
646;268
646;269
646;270
646;271
646;272
646;273
646;274
646;275
646;276
646;277
646;278
646;279
646;280
646;281
646;282
646;283
646;284
646;285
646;286
646;287
646;288
646;289
646;290
646;291
646;292
646;293
646;294
646;295
646;296
646;297
646;298
646;299
646;300
646;301
646;302
646;303
646;304
646;305
646;306
646;307
646;308
646;309
646;310
646;311
646;312
646;313
646;314
646;315
646;316
646;317
646;318
646;319
646;320
646;321
646;322
646;323
646;324
646;325
646;326
646;327
646;328
646;329
646;330
646;331
646;332
646;333
646;334
646;335
646;336
646;337
646;338
646;339
646;340
646;341
646;342
646;343
646;344
646;345
646;346
646;347
646;348
646;349
646;350
646;351
646;352
646;353
646;354
647;196
647;197
647;198
647;199
647;200
647;201
647;202
647;203
647;204
647;205
647;206
647;207
647;208
647;209
647;210
647;211
647;212
647;213
647;214
647;215
647;216
647;217
647;218
647;219
647;220
647;221
647;222
647;223
647;224
647;225
647;226
647;227
647;228
647;229
647;230
647;231
647;232
647;233
647;234
647;235
647;236
647;237
647;238
647;239
647;240
647;241
647;242
647;243
647;244
647;245
647;246
647;247
647;248
647;249
647;250
647;251
647;252
647;253
647;254
647;255
647;256
647;257
647;258
647;259
647;260
647;261
647;262
647;263
647;264
647;265
647;266
647;267
647;268
647;269
647;270
647;271
647;272
647;273
647;274
647;275
647;276
647;277
647;278
647;279
647;280
647;281
647;282
647;283
647;284
647;285
647;286
647;287
647;288
647;289
647;290
647;291
647;292
647;293
647;294
647;295
647;296
647;297
647;298
647;299
647;300
647;301
647;302
647;303
647;304
647;305
647;306
647;307
647;308
647;309
647;310
647;311
647;312
647;313
647;314
647;315
647;316
647;317
647;318
647;319
647;320
647;321
647;322
647;323
647;324
647;325
647;326
647;327
647;328
647;329
647;330
647;331
647;332
647;333
647;334
647;335
647;336
647;337
647;338
647;339
647;340
647;341
647;342
647;343
647;344
647;345
647;346
647;347
647;348
647;349
647;350
647;351
647;352
647;353
647;354
648;196
648;197
648;198
648;199
648;200
648;201
648;202
648;203
648;204
648;205
648;206
648;207
648;208
648;209
648;210
648;211
648;212
648;213
648;214
648;215
648;216
648;217
648;218
648;219
648;220
648;221
648;222
648;223
648;224
648;225
648;226
648;227
648;228
648;229
648;230
648;231
648;232
648;233
648;234
648;235
648;236
648;237
648;238
648;239
648;240
648;241
648;242
648;243
648;244
648;245
648;246
648;247
648;248
648;249
648;250
648;251
648;252
648;253
648;254
648;255
648;256
648;257
648;258
648;259
648;260
648;261
648;262
648;263
648;264
648;265
648;266
648;267
648;268
648;269
648;270
648;271
648;272
648;273
648;274
648;275
648;276
648;277
648;278
648;279
648;280
648;281
648;282
648;283
648;284
648;285
648;286
648;287
648;288
648;289
648;290
648;291
648;292
648;293
648;294
648;295
648;296
648;297
648;298
648;299
648;300
648;301
648;302
648;303
648;304
648;305
648;306
648;307
648;308
648;309
648;310
648;311
648;312
648;313
648;314
648;315
648;316
648;317
648;318
648;319
648;320
648;321
648;322
648;323
648;324
648;325
648;326
648;327
648;328
648;329
648;330
648;331
648;332
648;333
648;334
648;335
648;336
648;337
648;338
648;339
648;340
648;341
648;342
648;343
648;344
648;345
648;346
648;347
648;348
648;349
648;350
648;351
648;352
648;353
649;196
649;197
649;198
649;199
649;200
649;201
649;202
649;203
649;204
649;205
649;206
649;207
649;208
649;209
649;210
649;211
649;212
649;213
649;214
649;215
649;216
649;217
649;218
649;219
649;220
649;221
649;222
649;223
649;224
649;225
649;226
649;227
649;228
649;229
649;230
649;231
649;232
649;233
649;234
649;235
649;236
649;237
649;238
649;239
649;240
649;241
649;242
649;243
649;244
649;245
649;246
649;247
649;248
649;249
649;250
649;251
649;252
649;253
649;254
649;255
649;256
649;257
649;258
649;259
649;260
649;261
649;262
649;263
649;264
649;265
649;266
649;267
649;268
649;269
649;270
649;271
649;272
649;273
649;274
649;275
649;276
649;277
649;278
649;279
649;280
649;281
649;282
649;283
649;284
649;285
649;286
649;287
649;288
649;289
649;290
649;291
649;292
649;293
649;294
649;295
649;296
649;297
649;298
649;299
649;300
649;301
649;302
649;303
649;304
649;305
649;306
649;307
649;308
649;309
649;310
649;311
649;312
649;313
649;314
649;315
649;316
649;317
649;318
649;319
649;320
649;321
649;322
649;323
649;324
649;325
649;326
649;327
649;328
649;329
649;330
649;331
649;332
649;333
649;334
649;335
649;336
649;337
649;338
649;339
649;340
649;341
649;342
649;343
649;344
649;345
649;346
649;347
649;348
649;349
649;350
649;351
649;352
649;353
650;195
650;196
650;197
650;198
650;199
650;200
650;201
650;202
650;203
650;204
650;205
650;206
650;207
650;208
650;209
650;210
650;211
650;212
650;213
650;214
650;215
650;216
650;217
650;218
650;219
650;220
650;221
650;222
650;223
650;224
650;225
650;226
650;227
650;228
650;229
650;230
650;231
650;232
650;233
650;234
650;235
650;236
650;237
650;238
650;239
650;240
650;241
650;242
650;243
650;244
650;245
650;246
650;247
650;248
650;249
650;250
650;251
650;252
650;253
650;254
650;255
650;256
650;257
650;258
650;259
650;260
650;261
650;262
650;263
650;264
650;265
650;266
650;267
650;268
650;269
650;270
650;271
650;272
650;273
650;274
650;275
650;276
650;277
650;278
650;279
650;280
650;281
650;282
650;283
650;284
650;285
650;286
650;287
650;288
650;289
650;290
650;291
650;292
650;293
650;294
650;295
650;296
650;297
650;298
650;299
650;300
650;301
650;302
650;303
650;304
650;305
650;306
650;307
650;308
650;309
650;310
650;311
650;312
650;313
650;314
650;315
650;316
650;317
650;318
650;319
650;320
650;321
650;322
650;323
650;324
650;325
650;326
650;327
650;328
650;329
650;330
650;331
650;332
650;333
650;334
650;335
650;336
650;337
650;338
650;339
650;340
650;341
650;342
650;343
650;344
650;345
650;346
650;347
650;348
650;349
650;350
650;351
650;352
650;353
651;195
651;196
651;197
651;198
651;199
651;200
651;201
651;202
651;203
651;204
651;205
651;206
651;207
651;208
651;209
651;210
651;211
651;212
651;213
651;214
651;215
651;216
651;217
651;218
651;219
651;220
651;221
651;222
651;223
651;224
651;225
651;226
651;227
651;228
651;229
651;230
651;231
651;232
651;233
651;234
651;235
651;236
651;237
651;238
651;239
651;240
651;241
651;242
651;243
651;244
651;245
651;246
651;247
651;248
651;249
651;250
651;251
651;252
651;253
651;254
651;255
651;256
651;257
651;258
651;259
651;260
651;261
651;262
651;263
651;264
651;265
651;266
651;267
651;268
651;269
651;270
651;271
651;272
651;273
651;274
651;275
651;276
651;277
651;278
651;279
651;280
651;281
651;282
651;283
651;284
651;285
651;286
651;287
651;288
651;289
651;290
651;291
651;292
651;293
651;294
651;295
651;296
651;297
651;298
651;299
651;300
651;301
651;302
651;303
651;304
651;305
651;306
651;307
651;308
651;309
651;310
651;311
651;312
651;313
651;314
651;315
651;316
651;317
651;318
651;319
651;320
651;321
651;322
651;323
651;324
651;325
651;326
651;327
651;328
651;329
651;330
651;331
651;332
651;333
651;334
651;335
651;336
651;337
651;338
651;339
651;340
651;341
651;342
651;343
651;344
651;345
651;346
651;347
651;348
651;349
651;350
651;351
651;352
652;195
652;196
652;197
652;198
652;199
652;200
652;201
652;202
652;203
652;204
652;205
652;206
652;207
652;208
652;209
652;210
652;211
652;212
652;213
652;214
652;215
652;216
652;217
652;218
652;219
652;220
652;221
652;222
652;223
652;224
652;225
652;226
652;227
652;228
652;229
652;230
652;231
652;232
652;233
652;234
652;235
652;236
652;237
652;238
652;239
652;240
652;241
652;242
652;243
652;244
652;245
652;246
652;247
652;248
652;249
652;250
652;251
652;252
652;253
652;254
652;255
652;256
652;257
652;258
652;259
652;260
652;261
652;262
652;263
652;264
652;265
652;266
652;267
652;268
652;269
652;270
652;271
652;272
652;273
652;274
652;275
652;276
652;277
652;278
652;279
652;280
652;281
652;282
652;283
652;284
652;285
652;286
652;287
652;288
652;289
652;290
652;291
652;292
652;293
652;294
652;295
652;296
652;297
652;298
652;299
652;300
652;301
652;302
652;303
652;304
652;305
652;306
652;307
652;308
652;309
652;310
652;311
652;312
652;313
652;314
652;315
652;316
652;317
652;318
652;319
652;320
652;321
652;322
652;323
652;324
652;325
652;326
652;327
652;328
652;329
652;330
652;331
652;332
652;333
652;334
652;335
652;336
652;337
652;338
652;339
652;340
652;341
652;342
652;343
652;344
652;345
652;346
652;347
652;348
652;349
652;350
652;351
652;352
653;195
653;196
653;197
653;198
653;199
653;200
653;201
653;202
653;203
653;204
653;205
653;206
653;207
653;208
653;209
653;210
653;211
653;212
653;213
653;214
653;215
653;216
653;217
653;218
653;219
653;220
653;221
653;222
653;223
653;224
653;225
653;226
653;227
653;228
653;229
653;230
653;231
653;232
653;233
653;234
653;235
653;236
653;237
653;238
653;239
653;240
653;241
653;242
653;243
653;244
653;245
653;246
653;247
653;248
653;249
653;250
653;251
653;252
653;253
653;254
653;255
653;256
653;257
653;258
653;259
653;260
653;261
653;262
653;263
653;264
653;265
653;266
653;267
653;268
653;269
653;270
653;271
653;272
653;273
653;274
653;275
653;276
653;277
653;278
653;279
653;280
653;281
653;282
653;283
653;284
653;285
653;286
653;287
653;288
653;289
653;290
653;291
653;292
653;293
653;294
653;295
653;296
653;297
653;298
653;299
653;300
653;301
653;302
653;303
653;304
653;305
653;306
653;307
653;308
653;309
653;310
653;311
653;312
653;313
653;314
653;315
653;316
653;317
653;318
653;319
653;320
653;321
653;322
653;323
653;324
653;325
653;326
653;327
653;328
653;329
653;330
653;331
653;332
653;333
653;334
653;335
653;336
653;337
653;338
653;339
653;340
653;341
653;342
653;343
653;344
653;345
653;346
653;347
653;348
653;349
653;350
653;351
653;352
654;195
654;196
654;197
654;198
654;199
654;200
654;201
654;202
654;203
654;204
654;205
654;206
654;207
654;208
654;209
654;210
654;211
654;212
654;213
654;214
654;215
654;216
654;217
654;218
654;219
654;220
654;221
654;222
654;223
654;224
654;225
654;226
654;227
654;228
654;229
654;230
654;231
654;232
654;233
654;234
654;235
654;236
654;237
654;238
654;239
654;240
654;241
654;242
654;243
654;244
654;245
654;246
654;247
654;248
654;249
654;250
654;251
654;252
654;253
654;254
654;255
654;256
654;257
654;258
654;259
654;260
654;261
654;262
654;263
654;264
654;265
654;266
654;267
654;268
654;269
654;270
654;271
654;272
654;273
654;274
654;275
654;276
654;277
654;278
654;279
654;280
654;281
654;282
654;283
654;284
654;285
654;286
654;287
654;288
654;289
654;290
654;291
654;292
654;293
654;294
654;295
654;296
654;297
654;298
654;299
654;300
654;301
654;302
654;303
654;304
654;305
654;306
654;307
654;308
654;309
654;310
654;311
654;312
654;313
654;314
654;315
654;316
654;317
654;318
654;319
654;320
654;321
654;322
654;323
654;324
654;325
654;326
654;327
654;328
654;329
654;330
654;331
654;332
654;333
654;334
654;335
654;336
654;337
654;338
654;339
654;340
654;341
654;342
654;343
654;344
654;345
654;346
654;347
654;348
654;349
654;350
654;351
654;352
655;194
655;195
655;196
655;197
655;198
655;199
655;200
655;201
655;202
655;203
655;204
655;205
655;206
655;207
655;208
655;209
655;210
655;211
655;212
655;213
655;214
655;215
655;216
655;217
655;218
655;219
655;220
655;221
655;222
655;223
655;224
655;225
655;226
655;227
655;228
655;229
655;230
655;231
655;232
655;233
655;234
655;235
655;236
655;237
655;238
655;239
655;240
655;241
655;242
655;243
655;244
655;245
655;246
655;247
655;248
655;249
655;250
655;251
655;252
655;253
655;254
655;255
655;256
655;257
655;258
655;259
655;260
655;261
655;262
655;263
655;264
655;265
655;266
655;267
655;268
655;269
655;270
655;271
655;272
655;273
655;274
655;275
655;276
655;277
655;278
655;279
655;280
655;281
655;282
655;283
655;284
655;285
655;286
655;287
655;288
655;289
655;290
655;291
655;292
655;293
655;294
655;295
655;296
655;297
655;298
655;299
655;300
655;301
655;302
655;303
655;304
655;305
655;306
655;307
655;308
655;309
655;310
655;311
655;312
655;313
655;314
655;315
655;316
655;317
655;318
655;319
655;320
655;321
655;322
655;323
655;324
655;325
655;326
655;327
655;328
655;329
655;330
655;331
655;332
655;333
655;334
655;335
655;336
655;337
655;338
655;339
655;340
655;341
655;342
655;343
655;344
655;345
655;346
655;347
655;348
655;349
655;350
655;351
655;352
656;194
656;195
656;196
656;197
656;198
656;199
656;200
656;201
656;202
656;203
656;204
656;205
656;206
656;207
656;208
656;209
656;210
656;211
656;212
656;213
656;214
656;215
656;216
656;217
656;218
656;219
656;220
656;221
656;222
656;223
656;224
656;225
656;226
656;227
656;228
656;229
656;230
656;231
656;232
656;233
656;234
656;235
656;236
656;237
656;238
656;239
656;240
656;241
656;242
656;243
656;244
656;245
656;246
656;247
656;248
656;249
656;250
656;251
656;252
656;253
656;254
656;255
656;256
656;257
656;258
656;259
656;260
656;261
656;262
656;263
656;264
656;265
656;266
656;267
656;268
656;269
656;270
656;271
656;272
656;273
656;274
656;275
656;276
656;277
656;278
656;279
656;280
656;281
656;282
656;283
656;284
656;285
656;286
656;287
656;288
656;289
656;290
656;291
656;292
656;293
656;294
656;295
656;296
656;297
656;298
656;299
656;300
656;301
656;302
656;303
656;304
656;305
656;306
656;307
656;308
656;309
656;310
656;311
656;312
656;313
656;314
656;315
656;316
656;317
656;318
656;319
656;320
656;321
656;322
656;323
656;324
656;325
656;326
656;327
656;328
656;329
656;330
656;331
656;332
656;333
656;334
656;335
656;336
656;337
656;338
656;339
656;340
656;341
656;342
656;343
656;344
656;345
656;346
656;347
656;348
656;349
656;350
656;351
657;194
657;195
657;196
657;197
657;198
657;199
657;200
657;201
657;202
657;203
657;204
657;205
657;206
657;207
657;208
657;209
657;210
657;211
657;212
657;213
657;214
657;215
657;216
657;217
657;218
657;219
657;220
657;221
657;222
657;223
657;224
657;225
657;226
657;227
657;228
657;229
657;230
657;231
657;232
657;233
657;234
657;235
657;236
657;237
657;238
657;239
657;240
657;241
657;242
657;243
657;244
657;245
657;246
657;247
657;248
657;249
657;250
657;251
657;252
657;253
657;254
657;255
657;256
657;257
657;258
657;259
657;260
657;261
657;262
657;263
657;264
657;265
657;266
657;267
657;268
657;269
657;270
657;271
657;272
657;273
657;274
657;275
657;276
657;277
657;278
657;279
657;280
657;281
657;282
657;283
657;284
657;285
657;286
657;287
657;288
657;289
657;290
657;291
657;292
657;293
657;294
657;295
657;296
657;297
657;298
657;299
657;300
657;301
657;302
657;303
657;304
657;305
657;306
657;307
657;308
657;309
657;310
657;311
657;312
657;313
657;314
657;315
657;316
657;317
657;318
657;319
657;320
657;321
657;322
657;323
657;324
657;325
657;326
657;327
657;328
657;329
657;330
657;331
657;332
657;333
657;334
657;335
657;336
657;337
657;338
657;339
657;340
657;341
657;342
657;343
657;344
657;345
657;346
657;347
657;348
657;349
657;350
657;351
658;193
658;194
658;195
658;196
658;197
658;198
658;199
658;200
658;201
658;202
658;203
658;204
658;205
658;206
658;207
658;208
658;209
658;210
658;211
658;212
658;213
658;214
658;215
658;216
658;217
658;218
658;219
658;220
658;221
658;222
658;223
658;224
658;225
658;226
658;227
658;228
658;229
658;230
658;231
658;232
658;233
658;234
658;235
658;236
658;237
658;238
658;239
658;240
658;241
658;242
658;243
658;244
658;245
658;246
658;247
658;248
658;249
658;250
658;251
658;252
658;253
658;254
658;255
658;256
658;257
658;258
658;259
658;260
658;261
658;262
658;263
658;264
658;265
658;266
658;267
658;268
658;269
658;270
658;271
658;272
658;273
658;274
658;275
658;276
658;277
658;278
658;279
658;280
658;281
658;282
658;283
658;284
658;285
658;286
658;287
658;288
658;289
658;290
658;291
658;292
658;293
658;294
658;295
658;296
658;297
658;298
658;299
658;300
658;301
658;302
658;303
658;304
658;305
658;306
658;307
658;308
658;309
658;310
658;311
658;312
658;313
658;314
658;315
658;316
658;317
658;318
658;319
658;320
658;321
658;322
658;323
658;324
658;325
658;326
658;327
658;328
658;329
658;330
658;331
658;332
658;333
658;334
658;335
658;336
658;337
658;338
658;339
658;340
658;341
658;342
658;343
658;344
658;345
658;346
658;347
658;348
658;349
658;350
658;351
659;193
659;194
659;195
659;196
659;197
659;198
659;199
659;200
659;201
659;202
659;203
659;204
659;205
659;206
659;207
659;208
659;209
659;210
659;211
659;212
659;213
659;214
659;215
659;216
659;217
659;218
659;219
659;220
659;221
659;222
659;223
659;224
659;225
659;226
659;227
659;228
659;229
659;230
659;231
659;232
659;233
659;234
659;235
659;236
659;237
659;238
659;239
659;240
659;241
659;242
659;243
659;244
659;245
659;246
659;247
659;248
659;249
659;250
659;251
659;252
659;253
659;254
659;255
659;256
659;257
659;258
659;259
659;260
659;261
659;262
659;263
659;264
659;265
659;266
659;267
659;268
659;269
659;270
659;271
659;272
659;273
659;274
659;275
659;276
659;277
659;278
659;279
659;280
659;281
659;282
659;283
659;284
659;285
659;286
659;287
659;288
659;289
659;290
659;291
659;292
659;293
659;294
659;295
659;296
659;297
659;298
659;299
659;300
659;301
659;302
659;303
659;304
659;305
659;306
659;307
659;308
659;309
659;310
659;311
659;312
659;313
659;314
659;315
659;316
659;317
659;318
659;319
659;320
659;321
659;322
659;323
659;324
659;325
659;326
659;327
659;328
659;329
659;330
659;331
659;332
659;333
659;334
659;335
659;336
659;337
659;338
659;339
659;340
659;341
659;342
659;343
659;344
659;345
659;346
659;347
659;348
659;349
659;350
660;193
660;194
660;195
660;196
660;197
660;198
660;199
660;200
660;201
660;202
660;203
660;204
660;205
660;206
660;207
660;208
660;209
660;210
660;211
660;212
660;213
660;214
660;215
660;216
660;217
660;218
660;219
660;220
660;221
660;222
660;223
660;224
660;225
660;226
660;227
660;228
660;229
660;230
660;231
660;232
660;233
660;234
660;235
660;236
660;237
660;238
660;239
660;240
660;241
660;242
660;243
660;244
660;245
660;246
660;247
660;248
660;249
660;250
660;251
660;252
660;253
660;254
660;255
660;256
660;257
660;258
660;259
660;260
660;261
660;262
660;263
660;264
660;265
660;266
660;267
660;268
660;269
660;270
660;271
660;272
660;273
660;274
660;275
660;276
660;277
660;278
660;279
660;280
660;281
660;282
660;283
660;284
660;285
660;286
660;287
660;288
660;289
660;290
660;291
660;292
660;293
660;294
660;295
660;296
660;297
660;298
660;299
660;300
660;301
660;302
660;303
660;304
660;305
660;306
660;307
660;308
660;309
660;310
660;311
660;312
660;313
660;314
660;315
660;316
660;317
660;318
660;319
660;320
660;321
660;322
660;323
660;324
660;325
660;326
660;327
660;328
660;329
660;330
660;331
660;332
660;333
660;334
660;335
660;336
660;337
660;338
660;339
660;340
660;341
660;342
660;343
660;344
660;345
660;346
660;347
660;348
660;349
660;350
661;193
661;194
661;195
661;196
661;197
661;198
661;199
661;200
661;201
661;202
661;203
661;204
661;205
661;206
661;207
661;208
661;209
661;210
661;211
661;212
661;213
661;214
661;215
661;216
661;217
661;218
661;219
661;220
661;221
661;222
661;223
661;224
661;225
661;226
661;227
661;228
661;229
661;230
661;231
661;232
661;233
661;234
661;235
661;236
661;237
661;238
661;239
661;240
661;241
661;242
661;243
661;244
661;245
661;246
661;247
661;248
661;249
661;250
661;251
661;252
661;253
661;254
661;255
661;256
661;257
661;258
661;259
661;260
661;261
661;262
661;263
661;264
661;265
661;266
661;267
661;268
661;269
661;270
661;271
661;272
661;273
661;274
661;275
661;276
661;277
661;278
661;279
661;280
661;281
661;282
661;283
661;284
661;285
661;286
661;287
661;288
661;289
661;290
661;291
661;292
661;293
661;294
661;295
661;296
661;297
661;298
661;299
661;300
661;301
661;302
661;303
661;304
661;305
661;306
661;307
661;308
661;309
661;310
661;311
661;312
661;313
661;314
661;315
661;316
661;317
661;318
661;319
661;320
661;321
661;322
661;323
661;324
661;325
661;326
661;327
661;328
661;329
661;330
661;331
661;332
661;333
661;334
661;335
661;336
661;337
661;338
661;339
661;340
661;341
661;342
661;343
661;344
661;345
661;346
661;347
661;348
661;349
661;350
662;192
662;193
662;194
662;195
662;196
662;197
662;198
662;199
662;200
662;201
662;202
662;203
662;204
662;205
662;206
662;207
662;208
662;209
662;210
662;211
662;212
662;213
662;214
662;215
662;216
662;217
662;218
662;219
662;220
662;221
662;222
662;223
662;224
662;225
662;226
662;227
662;228
662;229
662;230
662;231
662;232
662;233
662;234
662;235
662;236
662;237
662;238
662;239
662;240
662;241
662;242
662;243
662;244
662;245
662;246
662;247
662;248
662;249
662;250
662;251
662;252
662;253
662;254
662;255
662;256
662;257
662;258
662;259
662;260
662;261
662;262
662;263
662;264
662;265
662;266
662;267
662;268
662;269
662;270
662;271
662;272
662;273
662;274
662;275
662;276
662;277
662;278
662;279
662;280
662;281
662;282
662;283
662;284
662;285
662;286
662;287
662;288
662;289
662;290
662;291
662;292
662;293
662;294
662;295
662;296
662;297
662;298
662;299
662;300
662;301
662;302
662;303
662;304
662;305
662;306
662;307
662;308
662;309
662;310
662;311
662;312
662;313
662;314
662;315
662;316
662;317
662;318
662;319
662;320
662;321
662;322
662;323
662;324
662;325
662;326
662;327
662;328
662;329
662;330
662;331
662;332
662;333
662;334
662;335
662;336
662;337
662;338
662;339
662;340
662;341
662;342
662;343
662;344
662;345
662;346
662;347
662;348
662;349
662;350
663;192
663;193
663;194
663;195
663;196
663;197
663;198
663;199
663;200
663;201
663;202
663;203
663;204
663;205
663;206
663;207
663;208
663;209
663;210
663;211
663;212
663;213
663;214
663;215
663;216
663;217
663;218
663;219
663;220
663;221
663;222
663;223
663;224
663;225
663;226
663;227
663;228
663;229
663;230
663;231
663;232
663;233
663;234
663;235
663;236
663;237
663;238
663;239
663;240
663;241
663;242
663;243
663;244
663;245
663;246
663;247
663;248
663;249
663;250
663;251
663;252
663;253
663;254
663;255
663;256
663;257
663;258
663;259
663;260
663;261
663;262
663;263
663;264
663;265
663;266
663;267
663;268
663;269
663;270
663;271
663;272
663;273
663;274
663;275
663;276
663;277
663;278
663;279
663;280
663;281
663;282
663;283
663;284
663;285
663;286
663;287
663;288
663;289
663;290
663;291
663;292
663;293
663;294
663;295
663;296
663;297
663;298
663;299
663;300
663;301
663;302
663;303
663;304
663;305
663;306
663;307
663;308
663;309
663;310
663;311
663;312
663;313
663;314
663;315
663;316
663;317
663;318
663;319
663;320
663;321
663;322
663;323
663;324
663;325
663;326
663;327
663;328
663;329
663;330
663;331
663;332
663;333
663;334
663;335
663;336
663;337
663;338
663;339
663;340
663;341
663;342
663;343
663;344
663;345
663;346
663;347
663;348
663;349
663;350
664;192
664;193
664;194
664;195
664;196
664;197
664;198
664;199
664;200
664;201
664;202
664;203
664;204
664;205
664;206
664;207
664;208
664;209
664;210
664;211
664;212
664;213
664;214
664;215
664;216
664;217
664;218
664;219
664;220
664;221
664;222
664;223
664;224
664;225
664;226
664;227
664;228
664;229
664;230
664;231
664;232
664;233
664;234
664;235
664;236
664;237
664;238
664;239
664;240
664;241
664;242
664;243
664;244
664;245
664;246
664;247
664;248
664;249
664;250
664;251
664;252
664;253
664;254
664;255
664;256
664;257
664;258
664;259
664;260
664;261
664;262
664;263
664;264
664;265
664;266
664;267
664;268
664;269
664;270
664;271
664;272
664;273
664;274
664;275
664;276
664;277
664;278
664;279
664;280
664;281
664;282
664;283
664;284
664;285
664;286
664;287
664;288
664;289
664;290
664;291
664;292
664;293
664;294
664;295
664;296
664;297
664;298
664;299
664;300
664;301
664;302
664;303
664;304
664;305
664;306
664;307
664;308
664;309
664;310
664;311
664;312
664;313
664;314
664;315
664;316
664;317
664;318
664;319
664;320
664;321
664;322
664;323
664;324
664;325
664;326
664;327
664;328
664;329
664;330
664;331
664;332
664;333
664;334
664;335
664;336
664;337
664;338
664;339
664;340
664;341
664;342
664;343
664;344
664;345
664;346
664;347
664;348
664;349
665;192
665;193
665;194
665;195
665;196
665;197
665;198
665;199
665;200
665;201
665;202
665;203
665;204
665;205
665;206
665;207
665;208
665;209
665;210
665;211
665;212
665;213
665;214
665;215
665;216
665;217
665;218
665;219
665;220
665;221
665;222
665;223
665;224
665;225
665;226
665;227
665;228
665;229
665;230
665;231
665;232
665;233
665;234
665;235
665;236
665;237
665;238
665;239
665;240
665;241
665;242
665;243
665;244
665;245
665;246
665;247
665;248
665;249
665;250
665;251
665;252
665;253
665;254
665;255
665;256
665;257
665;258
665;259
665;260
665;261
665;262
665;263
665;264
665;265
665;266
665;267
665;268
665;269
665;270
665;271
665;272
665;273
665;274
665;275
665;276
665;277
665;278
665;279
665;280
665;281
665;282
665;283
665;284
665;285
665;286
665;287
665;288
665;289
665;290
665;291
665;292
665;293
665;294
665;295
665;296
665;297
665;298
665;299
665;300
665;301
665;302
665;303
665;304
665;305
665;306
665;307
665;308
665;309
665;310
665;311
665;312
665;313
665;314
665;315
665;316
665;317
665;318
665;319
665;320
665;321
665;322
665;323
665;324
665;325
665;326
665;327
665;328
665;329
665;330
665;331
665;332
665;333
665;334
665;335
665;336
665;337
665;338
665;339
665;340
665;341
665;342
665;343
665;344
665;345
665;346
665;347
665;348
665;349
666;191
666;192
666;193
666;194
666;195
666;196
666;197
666;198
666;199
666;200
666;201
666;202
666;203
666;204
666;205
666;206
666;207
666;208
666;209
666;210
666;211
666;212
666;213
666;214
666;215
666;216
666;217
666;218
666;219
666;220
666;221
666;222
666;223
666;224
666;225
666;226
666;227
666;228
666;229
666;230
666;231
666;232
666;233
666;234
666;235
666;236
666;237
666;238
666;239
666;240
666;241
666;242
666;243
666;244
666;245
666;246
666;247
666;248
666;249
666;250
666;251
666;252
666;253
666;254
666;255
666;256
666;257
666;258
666;259
666;260
666;261
666;262
666;263
666;264
666;265
666;266
666;267
666;268
666;269
666;270
666;271
666;272
666;273
666;274
666;275
666;276
666;277
666;278
666;279
666;280
666;281
666;282
666;283
666;284
666;285
666;286
666;287
666;288
666;289
666;290
666;291
666;292
666;293
666;294
666;295
666;296
666;297
666;298
666;299
666;300
666;301
666;302
666;303
666;304
666;305
666;306
666;307
666;308
666;309
666;310
666;311
666;312
666;313
666;314
666;315
666;316
666;317
666;318
666;319
666;320
666;321
666;322
666;323
666;324
666;325
666;326
666;327
666;328
666;329
666;330
666;331
666;332
666;333
666;334
666;335
666;336
666;337
666;338
666;339
666;340
666;341
666;342
666;343
666;344
666;345
666;346
666;347
666;348
666;349
667;191
667;192
667;193
667;194
667;195
667;196
667;197
667;198
667;199
667;200
667;201
667;202
667;203
667;204
667;205
667;206
667;207
667;208
667;209
667;210
667;211
667;212
667;213
667;214
667;215
667;216
667;217
667;218
667;219
667;220
667;221
667;222
667;223
667;224
667;225
667;226
667;227
667;228
667;229
667;230
667;231
667;232
667;233
667;234
667;235
667;236
667;237
667;238
667;239
667;240
667;241
667;242
667;243
667;244
667;245
667;246
667;247
667;248
667;249
667;250
667;251
667;252
667;253
667;254
667;255
667;256
667;257
667;258
667;259
667;260
667;261
667;262
667;263
667;264
667;265
667;266
667;267
667;268
667;269
667;270
667;271
667;272
667;273
667;274
667;275
667;276
667;277
667;278
667;279
667;280
667;281
667;282
667;283
667;284
667;285
667;286
667;287
667;288
667;289
667;290
667;291
667;292
667;293
667;294
667;295
667;296
667;297
667;298
667;299
667;300
667;301
667;302
667;303
667;304
667;305
667;306
667;307
667;308
667;309
667;310
667;311
667;312
667;313
667;314
667;315
667;316
667;317
667;318
667;319
667;320
667;321
667;322
667;323
667;324
667;325
667;326
667;327
667;328
667;329
667;330
667;331
667;332
667;333
667;334
667;335
667;336
667;337
667;338
667;339
667;340
667;341
667;342
667;343
667;344
667;345
667;346
667;347
667;348
668;191
668;192
668;193
668;194
668;195
668;196
668;197
668;198
668;199
668;200
668;201
668;202
668;203
668;204
668;205
668;206
668;207
668;208
668;209
668;210
668;211
668;212
668;213
668;214
668;215
668;216
668;217
668;218
668;219
668;220
668;221
668;222
668;223
668;224
668;225
668;226
668;227
668;228
668;229
668;230
668;231
668;232
668;233
668;234
668;235
668;236
668;237
668;238
668;239
668;240
668;241
668;242
668;243
668;244
668;245
668;246
668;247
668;248
668;249
668;250
668;251
668;252
668;253
668;254
668;255
668;256
668;257
668;258
668;259
668;260
668;261
668;262
668;263
668;264
668;265
668;266
668;267
668;268
668;269
668;270
668;271
668;272
668;273
668;274
668;275
668;276
668;277
668;278
668;279
668;280
668;281
668;282
668;283
668;284
668;285
668;286
668;287
668;288
668;289
668;290
668;291
668;292
668;293
668;294
668;295
668;296
668;297
668;298
668;299
668;300
668;301
668;302
668;303
668;304
668;305
668;306
668;307
668;308
668;309
668;310
668;311
668;312
668;313
668;314
668;315
668;316
668;317
668;318
668;319
668;320
668;321
668;322
668;323
668;324
668;325
668;326
668;327
668;328
668;329
668;330
668;331
668;332
668;333
668;334
668;335
668;336
668;337
668;338
668;339
668;340
668;341
668;342
668;343
668;344
668;345
668;346
668;347
668;348
668;962
668;963
669;191
669;192
669;193
669;194
669;195
669;196
669;197
669;198
669;199
669;200
669;201
669;202
669;203
669;204
669;205
669;206
669;207
669;208
669;209
669;210
669;211
669;212
669;213
669;214
669;215
669;216
669;217
669;218
669;219
669;220
669;221
669;222
669;223
669;224
669;225
669;226
669;227
669;228
669;229
669;230
669;231
669;232
669;233
669;234
669;235
669;236
669;237
669;238
669;239
669;240
669;241
669;242
669;243
669;244
669;245
669;246
669;247
669;248
669;249
669;250
669;251
669;252
669;253
669;254
669;255
669;256
669;257
669;258
669;259
669;260
669;261
669;262
669;263
669;264
669;265
669;266
669;267
669;268
669;269
669;270
669;271
669;272
669;273
669;274
669;275
669;276
669;277
669;278
669;279
669;280
669;281
669;282
669;283
669;284
669;285
669;286
669;287
669;288
669;289
669;290
669;291
669;292
669;293
669;294
669;295
669;296
669;297
669;298
669;299
669;300
669;301
669;302
669;303
669;304
669;305
669;306
669;307
669;308
669;309
669;310
669;311
669;312
669;313
669;314
669;315
669;316
669;317
669;318
669;319
669;320
669;321
669;322
669;323
669;324
669;325
669;326
669;327
669;328
669;329
669;330
669;331
669;332
669;333
669;334
669;335
669;336
669;337
669;338
669;339
669;340
669;341
669;342
669;343
669;344
669;345
669;346
669;347
669;348
669;962
669;963
669;964
669;965
670;190
670;191
670;192
670;193
670;194
670;195
670;196
670;197
670;198
670;199
670;200
670;201
670;202
670;203
670;204
670;205
670;206
670;207
670;208
670;209
670;210
670;211
670;212
670;213
670;214
670;215
670;216
670;217
670;218
670;219
670;220
670;221
670;222
670;223
670;224
670;225
670;226
670;227
670;228
670;229
670;230
670;231
670;232
670;233
670;234
670;235
670;236
670;237
670;238
670;239
670;240
670;241
670;242
670;243
670;244
670;245
670;246
670;247
670;248
670;249
670;250
670;251
670;252
670;253
670;254
670;255
670;256
670;257
670;258
670;259
670;260
670;261
670;262
670;263
670;264
670;265
670;266
670;267
670;268
670;269
670;270
670;271
670;272
670;273
670;274
670;275
670;276
670;277
670;278
670;279
670;280
670;281
670;282
670;283
670;284
670;285
670;286
670;287
670;288
670;289
670;290
670;291
670;292
670;293
670;294
670;295
670;296
670;297
670;298
670;299
670;300
670;301
670;302
670;303
670;304
670;305
670;306
670;307
670;308
670;309
670;310
670;311
670;312
670;313
670;314
670;315
670;316
670;317
670;318
670;319
670;320
670;321
670;322
670;323
670;324
670;325
670;326
670;327
670;328
670;329
670;330
670;331
670;332
670;333
670;334
670;335
670;336
670;337
670;338
670;339
670;340
670;341
670;342
670;343
670;344
670;345
670;346
670;347
670;348
670;963
670;964
670;965
670;966
670;967
671;190
671;191
671;192
671;193
671;194
671;195
671;196
671;197
671;198
671;199
671;200
671;201
671;202
671;203
671;204
671;205
671;206
671;207
671;208
671;209
671;210
671;211
671;212
671;213
671;214
671;215
671;216
671;217
671;218
671;219
671;220
671;221
671;222
671;223
671;224
671;225
671;226
671;227
671;228
671;229
671;230
671;231
671;232
671;233
671;234
671;235
671;236
671;237
671;238
671;239
671;240
671;241
671;242
671;243
671;244
671;245
671;246
671;247
671;248
671;249
671;250
671;251
671;252
671;253
671;254
671;255
671;256
671;257
671;258
671;259
671;260
671;261
671;262
671;263
671;264
671;265
671;266
671;267
671;268
671;269
671;270
671;271
671;272
671;273
671;274
671;275
671;276
671;277
671;278
671;279
671;280
671;281
671;282
671;283
671;284
671;285
671;286
671;287
671;288
671;289
671;290
671;291
671;292
671;293
671;294
671;295
671;296
671;297
671;298
671;299
671;300
671;301
671;302
671;303
671;304
671;305
671;306
671;307
671;308
671;309
671;310
671;311
671;312
671;313
671;314
671;315
671;316
671;317
671;318
671;319
671;320
671;321
671;322
671;323
671;324
671;325
671;326
671;327
671;328
671;329
671;330
671;331
671;332
671;333
671;334
671;335
671;336
671;337
671;338
671;339
671;340
671;341
671;342
671;343
671;344
671;345
671;346
671;347
671;348
671;963
671;964
671;965
671;966
671;967
671;968
671;969
672;190
672;191
672;192
672;193
672;194
672;195
672;196
672;197
672;198
672;199
672;200
672;201
672;202
672;203
672;204
672;205
672;206
672;207
672;208
672;209
672;210
672;211
672;212
672;213
672;214
672;215
672;216
672;217
672;218
672;219
672;220
672;221
672;222
672;223
672;224
672;225
672;226
672;227
672;228
672;229
672;230
672;231
672;232
672;233
672;234
672;235
672;236
672;237
672;238
672;239
672;240
672;241
672;242
672;243
672;244
672;245
672;246
672;247
672;248
672;249
672;250
672;251
672;252
672;253
672;254
672;255
672;256
672;257
672;258
672;259
672;260
672;261
672;262
672;263
672;264
672;265
672;266
672;267
672;268
672;269
672;270
672;271
672;272
672;273
672;274
672;275
672;276
672;277
672;278
672;279
672;280
672;281
672;282
672;283
672;284
672;285
672;286
672;287
672;288
672;289
672;290
672;291
672;292
672;293
672;294
672;295
672;296
672;297
672;298
672;299
672;300
672;301
672;302
672;303
672;304
672;305
672;306
672;307
672;308
672;309
672;310
672;311
672;312
672;313
672;314
672;315
672;316
672;317
672;318
672;319
672;320
672;321
672;322
672;323
672;324
672;325
672;326
672;327
672;328
672;329
672;330
672;331
672;332
672;333
672;334
672;335
672;336
672;337
672;338
672;339
672;340
672;341
672;342
672;343
672;344
672;345
672;346
672;347
672;963
672;964
672;965
672;966
672;967
672;968
672;969
672;970
672;971
672;972
672;973
673;190
673;191
673;192
673;193
673;194
673;195
673;196
673;197
673;198
673;199
673;200
673;201
673;202
673;203
673;204
673;205
673;206
673;207
673;208
673;209
673;210
673;211
673;212
673;213
673;214
673;215
673;216
673;217
673;218
673;219
673;220
673;221
673;222
673;223
673;224
673;225
673;226
673;227
673;228
673;229
673;230
673;231
673;232
673;233
673;234
673;235
673;236
673;237
673;238
673;239
673;240
673;241
673;242
673;243
673;244
673;245
673;246
673;247
673;248
673;249
673;250
673;251
673;252
673;253
673;254
673;255
673;256
673;257
673;258
673;259
673;260
673;261
673;262
673;263
673;264
673;265
673;266
673;267
673;268
673;269
673;270
673;271
673;272
673;273
673;274
673;275
673;276
673;277
673;278
673;279
673;280
673;281
673;282
673;283
673;284
673;285
673;286
673;287
673;288
673;289
673;290
673;291
673;292
673;293
673;294
673;295
673;296
673;297
673;298
673;299
673;300
673;301
673;302
673;303
673;304
673;305
673;306
673;307
673;308
673;309
673;310
673;311
673;312
673;313
673;314
673;315
673;316
673;317
673;318
673;319
673;320
673;321
673;322
673;323
673;324
673;325
673;326
673;327
673;328
673;329
673;330
673;331
673;332
673;333
673;334
673;335
673;336
673;337
673;338
673;339
673;340
673;341
673;342
673;343
673;344
673;345
673;346
673;347
673;963
673;964
673;965
673;966
673;967
673;968
673;969
673;970
673;971
673;972
673;973
673;974
673;975
674;189
674;190
674;191
674;192
674;193
674;194
674;195
674;196
674;197
674;198
674;199
674;200
674;201
674;202
674;203
674;204
674;205
674;206
674;207
674;208
674;209
674;210
674;211
674;212
674;213
674;214
674;215
674;216
674;217
674;218
674;219
674;220
674;221
674;222
674;223
674;224
674;225
674;226
674;227
674;228
674;229
674;230
674;231
674;232
674;233
674;234
674;235
674;236
674;237
674;238
674;239
674;240
674;241
674;242
674;243
674;244
674;245
674;246
674;247
674;248
674;249
674;250
674;251
674;252
674;253
674;254
674;255
674;256
674;257
674;258
674;259
674;260
674;261
674;262
674;263
674;264
674;265
674;266
674;267
674;268
674;269
674;270
674;271
674;272
674;273
674;274
674;275
674;276
674;277
674;278
674;279
674;280
674;281
674;282
674;283
674;284
674;285
674;286
674;287
674;288
674;289
674;290
674;291
674;292
674;293
674;294
674;295
674;296
674;297
674;298
674;299
674;300
674;301
674;302
674;303
674;304
674;305
674;306
674;307
674;308
674;309
674;310
674;311
674;312
674;313
674;314
674;315
674;316
674;317
674;318
674;319
674;320
674;321
674;322
674;323
674;324
674;325
674;326
674;327
674;328
674;329
674;330
674;331
674;332
674;333
674;334
674;335
674;336
674;337
674;338
674;339
674;340
674;341
674;342
674;343
674;344
674;345
674;346
674;347
674;963
674;964
674;965
674;966
674;967
674;968
674;969
674;970
674;971
674;972
674;973
674;974
674;975
674;976
674;977
675;189
675;190
675;191
675;192
675;193
675;194
675;195
675;196
675;197
675;198
675;199
675;200
675;201
675;202
675;203
675;204
675;205
675;206
675;207
675;208
675;209
675;210
675;211
675;212
675;213
675;214
675;215
675;216
675;217
675;218
675;219
675;220
675;221
675;222
675;223
675;224
675;225
675;226
675;227
675;228
675;229
675;230
675;231
675;232
675;233
675;234
675;235
675;236
675;237
675;238
675;239
675;240
675;241
675;242
675;243
675;244
675;245
675;246
675;247
675;248
675;249
675;250
675;251
675;252
675;253
675;254
675;255
675;256
675;257
675;258
675;259
675;260
675;261
675;262
675;263
675;264
675;265
675;266
675;267
675;268
675;269
675;270
675;271
675;272
675;273
675;274
675;275
675;276
675;277
675;278
675;279
675;280
675;281
675;282
675;283
675;284
675;285
675;286
675;287
675;288
675;289
675;290
675;291
675;292
675;293
675;294
675;295
675;296
675;297
675;298
675;299
675;300
675;301
675;302
675;303
675;304
675;305
675;306
675;307
675;308
675;309
675;310
675;311
675;312
675;313
675;314
675;315
675;316
675;317
675;318
675;319
675;320
675;321
675;322
675;323
675;324
675;325
675;326
675;327
675;328
675;329
675;330
675;331
675;332
675;333
675;334
675;335
675;336
675;337
675;338
675;339
675;340
675;341
675;342
675;343
675;344
675;345
675;346
675;963
675;964
675;965
675;966
675;967
675;968
675;969
675;970
675;971
675;972
675;973
675;974
675;975
675;976
675;977
675;978
675;979
676;189
676;190
676;191
676;192
676;193
676;194
676;195
676;196
676;197
676;198
676;199
676;200
676;201
676;202
676;203
676;204
676;205
676;206
676;207
676;208
676;209
676;210
676;211
676;212
676;213
676;214
676;215
676;216
676;217
676;218
676;219
676;220
676;221
676;222
676;223
676;224
676;225
676;226
676;227
676;228
676;229
676;230
676;231
676;232
676;233
676;234
676;235
676;236
676;237
676;238
676;239
676;240
676;241
676;242
676;243
676;244
676;245
676;246
676;247
676;248
676;249
676;250
676;251
676;252
676;253
676;254
676;255
676;256
676;257
676;258
676;259
676;260
676;261
676;262
676;263
676;264
676;265
676;266
676;267
676;268
676;269
676;270
676;271
676;272
676;273
676;274
676;275
676;276
676;277
676;278
676;279
676;280
676;281
676;282
676;283
676;284
676;285
676;286
676;287
676;288
676;289
676;290
676;291
676;292
676;293
676;294
676;295
676;296
676;297
676;298
676;299
676;300
676;301
676;302
676;303
676;304
676;305
676;306
676;307
676;308
676;309
676;310
676;311
676;312
676;313
676;314
676;315
676;316
676;317
676;318
676;319
676;320
676;321
676;322
676;323
676;324
676;325
676;326
676;327
676;328
676;329
676;330
676;331
676;332
676;333
676;334
676;335
676;336
676;337
676;338
676;339
676;340
676;341
676;342
676;343
676;344
676;345
676;346
676;963
676;964
676;965
676;966
676;967
676;968
676;969
676;970
676;971
676;972
676;973
676;974
676;975
676;976
676;977
676;978
676;979
676;980
676;981
677;189
677;190
677;191
677;192
677;193
677;194
677;195
677;196
677;197
677;198
677;199
677;200
677;201
677;202
677;203
677;204
677;205
677;206
677;207
677;208
677;209
677;210
677;211
677;212
677;213
677;214
677;215
677;216
677;217
677;218
677;219
677;220
677;221
677;222
677;223
677;224
677;225
677;226
677;227
677;228
677;229
677;230
677;231
677;232
677;233
677;234
677;235
677;236
677;237
677;238
677;239
677;240
677;241
677;242
677;243
677;244
677;245
677;246
677;247
677;248
677;249
677;250
677;251
677;252
677;253
677;254
677;255
677;256
677;257
677;258
677;259
677;260
677;261
677;262
677;263
677;264
677;265
677;266
677;267
677;268
677;269
677;270
677;271
677;272
677;273
677;274
677;275
677;276
677;277
677;278
677;279
677;280
677;281
677;282
677;283
677;284
677;285
677;286
677;287
677;288
677;289
677;290
677;291
677;292
677;293
677;294
677;295
677;296
677;297
677;298
677;299
677;300
677;301
677;302
677;303
677;304
677;305
677;306
677;307
677;308
677;309
677;310
677;311
677;312
677;313
677;314
677;315
677;316
677;317
677;318
677;319
677;320
677;321
677;322
677;323
677;324
677;325
677;326
677;327
677;328
677;329
677;330
677;331
677;332
677;333
677;334
677;335
677;336
677;337
677;338
677;339
677;340
677;341
677;342
677;343
677;344
677;345
677;346
677;963
677;964
677;965
677;966
677;967
677;968
677;969
677;970
677;971
677;972
677;973
677;974
677;975
677;976
677;977
677;978
677;979
677;980
677;981
677;982
677;983
677;984
677;985
678;188
678;189
678;190
678;191
678;192
678;193
678;194
678;195
678;196
678;197
678;198
678;199
678;200
678;201
678;202
678;203
678;204
678;205
678;206
678;207
678;208
678;209
678;210
678;211
678;212
678;213
678;214
678;215
678;216
678;217
678;218
678;219
678;220
678;221
678;222
678;223
678;224
678;225
678;226
678;227
678;228
678;229
678;230
678;231
678;232
678;233
678;234
678;235
678;236
678;237
678;238
678;239
678;240
678;241
678;242
678;243
678;244
678;245
678;246
678;247
678;248
678;249
678;250
678;251
678;252
678;253
678;254
678;255
678;256
678;257
678;258
678;259
678;260
678;261
678;262
678;263
678;264
678;265
678;266
678;267
678;268
678;269
678;270
678;271
678;272
678;273
678;274
678;275
678;276
678;277
678;278
678;279
678;280
678;281
678;282
678;283
678;284
678;285
678;286
678;287
678;288
678;289
678;290
678;291
678;292
678;293
678;294
678;295
678;296
678;297
678;298
678;299
678;300
678;301
678;302
678;303
678;304
678;305
678;306
678;307
678;308
678;309
678;310
678;311
678;312
678;313
678;314
678;315
678;316
678;317
678;318
678;319
678;320
678;321
678;322
678;323
678;324
678;325
678;326
678;327
678;328
678;329
678;330
678;331
678;332
678;333
678;334
678;335
678;336
678;337
678;338
678;339
678;340
678;341
678;342
678;343
678;344
678;345
678;346
678;963
678;964
678;965
678;966
678;967
678;968
678;969
678;970
678;971
678;972
678;973
678;974
678;975
678;976
678;977
678;978
678;979
678;980
678;981
678;982
678;983
678;984
678;985
678;986
678;987
679;188
679;189
679;190
679;191
679;192
679;193
679;194
679;195
679;196
679;197
679;198
679;199
679;200
679;201
679;202
679;203
679;204
679;205
679;206
679;207
679;208
679;209
679;210
679;211
679;212
679;213
679;214
679;215
679;216
679;217
679;218
679;219
679;220
679;221
679;222
679;223
679;224
679;225
679;226
679;227
679;228
679;229
679;230
679;231
679;232
679;233
679;234
679;235
679;236
679;237
679;238
679;239
679;240
679;241
679;242
679;243
679;244
679;245
679;246
679;247
679;248
679;249
679;250
679;251
679;252
679;253
679;254
679;255
679;256
679;257
679;258
679;259
679;260
679;261
679;262
679;263
679;264
679;265
679;266
679;267
679;268
679;269
679;270
679;271
679;272
679;273
679;274
679;275
679;276
679;277
679;278
679;279
679;280
679;281
679;282
679;283
679;284
679;285
679;286
679;287
679;288
679;289
679;290
679;291
679;292
679;293
679;294
679;295
679;296
679;297
679;298
679;299
679;300
679;301
679;302
679;303
679;304
679;305
679;306
679;307
679;308
679;309
679;310
679;311
679;312
679;313
679;314
679;315
679;316
679;317
679;318
679;319
679;320
679;321
679;322
679;323
679;324
679;325
679;326
679;327
679;328
679;329
679;330
679;331
679;332
679;333
679;334
679;335
679;336
679;337
679;338
679;339
679;340
679;341
679;342
679;343
679;344
679;345
679;963
679;964
679;965
679;966
679;967
679;968
679;969
679;970
679;971
679;972
679;973
679;974
679;975
679;976
679;977
679;978
679;979
679;980
679;981
679;982
679;983
679;984
679;985
679;986
679;987
679;988
679;989
680;188
680;189
680;190
680;191
680;192
680;193
680;194
680;195
680;196
680;197
680;198
680;199
680;200
680;201
680;202
680;203
680;204
680;205
680;206
680;207
680;208
680;209
680;210
680;211
680;212
680;213
680;214
680;215
680;216
680;217
680;218
680;219
680;220
680;221
680;222
680;223
680;224
680;225
680;226
680;227
680;228
680;229
680;230
680;231
680;232
680;233
680;234
680;235
680;236
680;237
680;238
680;239
680;240
680;241
680;242
680;243
680;244
680;245
680;246
680;247
680;248
680;249
680;250
680;251
680;252
680;253
680;254
680;255
680;256
680;257
680;258
680;259
680;260
680;261
680;262
680;263
680;264
680;265
680;266
680;267
680;268
680;269
680;270
680;271
680;272
680;273
680;274
680;275
680;276
680;277
680;278
680;279
680;280
680;281
680;282
680;283
680;284
680;285
680;286
680;287
680;288
680;289
680;290
680;291
680;292
680;293
680;294
680;295
680;296
680;297
680;298
680;299
680;300
680;301
680;302
680;303
680;304
680;305
680;306
680;307
680;308
680;309
680;310
680;311
680;312
680;313
680;314
680;315
680;316
680;317
680;318
680;319
680;320
680;321
680;322
680;323
680;324
680;325
680;326
680;327
680;328
680;329
680;330
680;331
680;332
680;333
680;334
680;335
680;336
680;337
680;338
680;339
680;340
680;341
680;342
680;343
680;344
680;345
680;963
680;964
680;965
680;966
680;967
680;968
680;969
680;970
680;971
680;972
680;973
680;974
680;975
680;976
680;977
680;978
680;979
680;980
680;981
680;982
680;983
680;984
680;985
680;986
680;987
680;988
680;989
680;990
680;991
681;188
681;189
681;190
681;191
681;192
681;193
681;194
681;195
681;196
681;197
681;198
681;199
681;200
681;201
681;202
681;203
681;204
681;205
681;206
681;207
681;208
681;209
681;210
681;211
681;212
681;213
681;214
681;215
681;216
681;217
681;218
681;219
681;220
681;221
681;222
681;223
681;224
681;225
681;226
681;227
681;228
681;229
681;230
681;231
681;232
681;233
681;234
681;235
681;236
681;237
681;238
681;239
681;240
681;241
681;242
681;243
681;244
681;245
681;246
681;247
681;248
681;249
681;250
681;251
681;252
681;253
681;254
681;255
681;256
681;257
681;258
681;259
681;260
681;261
681;262
681;263
681;264
681;265
681;266
681;267
681;268
681;269
681;270
681;271
681;272
681;273
681;274
681;275
681;276
681;277
681;278
681;279
681;280
681;281
681;282
681;283
681;284
681;285
681;286
681;287
681;288
681;289
681;290
681;291
681;292
681;293
681;294
681;295
681;296
681;297
681;298
681;299
681;300
681;301
681;302
681;303
681;304
681;305
681;306
681;307
681;308
681;309
681;310
681;311
681;312
681;313
681;314
681;315
681;316
681;317
681;318
681;319
681;320
681;321
681;322
681;323
681;324
681;325
681;326
681;327
681;328
681;329
681;330
681;331
681;332
681;333
681;334
681;335
681;336
681;337
681;338
681;339
681;340
681;341
681;342
681;343
681;344
681;345
681;963
681;964
681;965
681;966
681;967
681;968
681;969
681;970
681;971
681;972
681;973
681;974
681;975
681;976
681;977
681;978
681;979
681;980
681;981
681;982
681;983
681;984
681;985
681;986
681;987
681;988
681;989
681;990
681;991
681;992
681;993
682;187
682;188
682;189
682;190
682;191
682;192
682;193
682;194
682;195
682;196
682;197
682;198
682;199
682;200
682;201
682;202
682;203
682;204
682;205
682;206
682;207
682;208
682;209
682;210
682;211
682;212
682;213
682;214
682;215
682;216
682;217
682;218
682;219
682;220
682;221
682;222
682;223
682;224
682;225
682;226
682;227
682;228
682;229
682;230
682;231
682;232
682;233
682;234
682;235
682;236
682;237
682;238
682;239
682;240
682;241
682;242
682;243
682;244
682;245
682;246
682;247
682;248
682;249
682;250
682;251
682;252
682;253
682;254
682;255
682;256
682;257
682;258
682;259
682;260
682;261
682;262
682;263
682;264
682;265
682;266
682;267
682;268
682;269
682;270
682;271
682;272
682;273
682;274
682;275
682;276
682;277
682;278
682;279
682;280
682;281
682;282
682;283
682;284
682;285
682;286
682;287
682;288
682;289
682;290
682;291
682;292
682;293
682;294
682;295
682;296
682;297
682;298
682;299
682;300
682;301
682;302
682;303
682;304
682;305
682;306
682;307
682;308
682;309
682;310
682;311
682;312
682;313
682;314
682;315
682;316
682;317
682;318
682;319
682;320
682;321
682;322
682;323
682;324
682;325
682;326
682;327
682;328
682;329
682;330
682;331
682;332
682;333
682;334
682;335
682;336
682;337
682;338
682;339
682;340
682;341
682;342
682;343
682;344
682;345
682;964
682;965
682;966
682;967
682;968
682;969
682;970
682;971
682;972
682;973
682;974
682;975
682;976
682;977
682;978
682;979
682;980
682;981
682;982
682;983
682;984
682;985
682;986
682;987
682;988
682;989
682;990
682;991
682;992
682;993
682;994
682;995
682;996
682;997
683;187
683;188
683;189
683;190
683;191
683;192
683;193
683;194
683;195
683;196
683;197
683;198
683;199
683;200
683;201
683;202
683;203
683;204
683;205
683;206
683;207
683;208
683;209
683;210
683;211
683;212
683;213
683;214
683;215
683;216
683;217
683;218
683;219
683;220
683;221
683;222
683;223
683;224
683;225
683;226
683;227
683;228
683;229
683;230
683;231
683;232
683;233
683;234
683;235
683;236
683;237
683;238
683;239
683;240
683;241
683;242
683;243
683;244
683;245
683;246
683;247
683;248
683;249
683;250
683;251
683;252
683;253
683;254
683;255
683;256
683;257
683;258
683;259
683;260
683;261
683;262
683;263
683;264
683;265
683;266
683;267
683;268
683;269
683;270
683;271
683;272
683;273
683;274
683;275
683;276
683;277
683;278
683;279
683;280
683;281
683;282
683;283
683;284
683;285
683;286
683;287
683;288
683;289
683;290
683;291
683;292
683;293
683;294
683;295
683;296
683;297
683;298
683;299
683;300
683;301
683;302
683;303
683;304
683;305
683;306
683;307
683;308
683;309
683;310
683;311
683;312
683;313
683;314
683;315
683;316
683;317
683;318
683;319
683;320
683;321
683;322
683;323
683;324
683;325
683;326
683;327
683;328
683;329
683;330
683;331
683;332
683;333
683;334
683;335
683;336
683;337
683;338
683;339
683;340
683;341
683;342
683;343
683;344
683;964
683;965
683;966
683;967
683;968
683;969
683;970
683;971
683;972
683;973
683;974
683;975
683;976
683;977
683;978
683;979
683;980
683;981
683;982
683;983
683;984
683;985
683;986
683;987
683;988
683;989
683;990
683;991
683;992
683;993
683;994
683;995
683;996
683;997
683;998
683;999
684;187
684;188
684;189
684;190
684;191
684;192
684;193
684;194
684;195
684;196
684;197
684;198
684;199
684;200
684;201
684;202
684;203
684;204
684;205
684;206
684;207
684;208
684;209
684;210
684;211
684;212
684;213
684;214
684;215
684;216
684;217
684;218
684;219
684;220
684;221
684;222
684;223
684;224
684;225
684;226
684;227
684;228
684;229
684;230
684;231
684;232
684;233
684;234
684;235
684;236
684;237
684;238
684;239
684;240
684;241
684;242
684;243
684;244
684;245
684;246
684;247
684;248
684;249
684;250
684;251
684;252
684;253
684;254
684;255
684;256
684;257
684;258
684;259
684;260
684;261
684;262
684;263
684;264
684;265
684;266
684;267
684;268
684;269
684;270
684;271
684;272
684;273
684;274
684;275
684;276
684;277
684;278
684;279
684;280
684;281
684;282
684;283
684;284
684;285
684;286
684;287
684;288
684;289
684;290
684;291
684;292
684;293
684;294
684;295
684;296
684;297
684;298
684;299
684;300
684;301
684;302
684;303
684;304
684;305
684;306
684;307
684;308
684;309
684;310
684;311
684;312
684;313
684;314
684;315
684;316
684;317
684;318
684;319
684;320
684;321
684;322
684;323
684;324
684;325
684;326
684;327
684;328
684;329
684;330
684;331
684;332
684;333
684;334
684;335
684;336
684;337
684;338
684;339
684;340
684;341
684;342
684;343
684;344
684;964
684;965
684;966
684;967
684;968
684;969
684;970
684;971
684;972
684;973
684;974
684;975
684;976
684;977
684;978
684;979
684;980
684;981
684;982
684;983
684;984
684;985
684;986
684;987
684;988
684;989
684;990
684;991
684;992
684;993
684;994
684;995
684;996
684;997
684;998
684;999
684;1000
684;1001
685;187
685;188
685;189
685;190
685;191
685;192
685;193
685;194
685;195
685;196
685;197
685;198
685;199
685;200
685;201
685;202
685;203
685;204
685;205
685;206
685;207
685;208
685;209
685;210
685;211
685;212
685;213
685;214
685;215
685;216
685;217
685;218
685;219
685;220
685;221
685;222
685;223
685;224
685;225
685;226
685;227
685;228
685;229
685;230
685;231
685;232
685;233
685;234
685;235
685;236
685;237
685;238
685;239
685;240
685;241
685;242
685;243
685;244
685;245
685;246
685;247
685;248
685;249
685;250
685;251
685;252
685;253
685;254
685;255
685;256
685;257
685;258
685;259
685;260
685;261
685;262
685;263
685;264
685;265
685;266
685;267
685;268
685;269
685;270
685;271
685;272
685;273
685;274
685;275
685;276
685;277
685;278
685;279
685;280
685;281
685;282
685;283
685;284
685;285
685;286
685;287
685;288
685;289
685;290
685;291
685;292
685;293
685;294
685;295
685;296
685;297
685;298
685;299
685;300
685;301
685;302
685;303
685;304
685;305
685;306
685;307
685;308
685;309
685;310
685;311
685;312
685;313
685;314
685;315
685;316
685;317
685;318
685;319
685;320
685;321
685;322
685;323
685;324
685;325
685;326
685;327
685;328
685;329
685;330
685;331
685;332
685;333
685;334
685;335
685;336
685;337
685;338
685;339
685;340
685;341
685;342
685;343
685;344
685;964
685;965
685;966
685;967
685;968
685;969
685;970
685;971
685;972
685;973
685;974
685;975
685;976
685;977
685;978
685;979
685;980
685;981
685;982
685;983
685;984
685;985
685;986
685;987
685;988
685;989
685;990
685;991
685;992
685;993
685;994
685;995
685;996
685;997
685;998
685;999
685;1000
685;1001
685;1002
685;1003
686;186
686;187
686;188
686;189
686;190
686;191
686;192
686;193
686;194
686;195
686;196
686;197
686;198
686;199
686;200
686;201
686;202
686;203
686;204
686;205
686;206
686;207
686;208
686;209
686;210
686;211
686;212
686;213
686;214
686;215
686;216
686;217
686;218
686;219
686;220
686;221
686;222
686;223
686;224
686;225
686;226
686;227
686;228
686;229
686;230
686;231
686;232
686;233
686;234
686;235
686;236
686;237
686;238
686;239
686;240
686;241
686;242
686;243
686;244
686;245
686;246
686;247
686;248
686;249
686;250
686;251
686;252
686;253
686;254
686;255
686;256
686;257
686;258
686;259
686;260
686;261
686;262
686;263
686;264
686;265
686;266
686;267
686;268
686;269
686;270
686;271
686;272
686;273
686;274
686;275
686;276
686;277
686;278
686;279
686;280
686;281
686;282
686;283
686;284
686;285
686;286
686;287
686;288
686;289
686;290
686;291
686;292
686;293
686;294
686;295
686;296
686;297
686;298
686;299
686;300
686;301
686;302
686;303
686;304
686;305
686;306
686;307
686;308
686;309
686;310
686;311
686;312
686;313
686;314
686;315
686;316
686;317
686;318
686;319
686;320
686;321
686;322
686;323
686;324
686;325
686;326
686;327
686;328
686;329
686;330
686;331
686;332
686;333
686;334
686;335
686;336
686;337
686;338
686;339
686;340
686;341
686;342
686;343
686;344
686;964
686;965
686;966
686;967
686;968
686;969
686;970
686;971
686;972
686;973
686;974
686;975
686;976
686;977
686;978
686;979
686;980
686;981
686;982
686;983
686;984
686;985
686;986
686;987
686;988
686;989
686;990
686;991
686;992
686;993
686;994
686;995
686;996
686;997
686;998
686;999
686;1000
686;1001
686;1002
686;1003
686;1004
686;1005
687;186
687;187
687;188
687;189
687;190
687;191
687;192
687;193
687;194
687;195
687;196
687;197
687;198
687;199
687;200
687;201
687;202
687;203
687;204
687;205
687;206
687;207
687;208
687;209
687;210
687;211
687;212
687;213
687;214
687;215
687;216
687;217
687;218
687;219
687;220
687;221
687;222
687;223
687;224
687;225
687;226
687;227
687;228
687;229
687;230
687;231
687;232
687;233
687;234
687;235
687;236
687;237
687;238
687;239
687;240
687;241
687;242
687;243
687;244
687;245
687;246
687;247
687;248
687;249
687;250
687;251
687;252
687;253
687;254
687;255
687;256
687;257
687;258
687;259
687;260
687;261
687;262
687;263
687;264
687;265
687;266
687;267
687;268
687;269
687;270
687;271
687;272
687;273
687;274
687;275
687;276
687;277
687;278
687;279
687;280
687;281
687;282
687;283
687;284
687;285
687;286
687;287
687;288
687;289
687;290
687;291
687;292
687;293
687;294
687;295
687;296
687;297
687;298
687;299
687;300
687;301
687;302
687;303
687;304
687;305
687;306
687;307
687;308
687;309
687;310
687;311
687;312
687;313
687;314
687;315
687;316
687;317
687;318
687;319
687;320
687;321
687;322
687;323
687;324
687;325
687;326
687;327
687;328
687;329
687;330
687;331
687;332
687;333
687;334
687;335
687;336
687;337
687;338
687;339
687;340
687;341
687;342
687;343
687;964
687;965
687;966
687;967
687;968
687;969
687;970
687;971
687;972
687;973
687;974
687;975
687;976
687;977
687;978
687;979
687;980
687;981
687;982
687;983
687;984
687;985
687;986
687;987
687;988
687;989
687;990
687;991
687;992
687;993
687;994
687;995
687;996
687;997
687;998
687;999
687;1000
687;1001
687;1002
687;1003
687;1004
687;1005
687;1006
687;1007
687;1009
688;186
688;187
688;188
688;189
688;190
688;191
688;192
688;193
688;194
688;195
688;196
688;197
688;198
688;199
688;200
688;201
688;202
688;203
688;204
688;205
688;206
688;207
688;208
688;209
688;210
688;211
688;212
688;213
688;214
688;215
688;216
688;217
688;218
688;219
688;220
688;221
688;222
688;223
688;224
688;225
688;226
688;227
688;228
688;229
688;230
688;231
688;232
688;233
688;234
688;235
688;236
688;237
688;238
688;239
688;240
688;241
688;242
688;243
688;244
688;245
688;246
688;247
688;248
688;249
688;250
688;251
688;252
688;253
688;254
688;255
688;256
688;257
688;258
688;259
688;260
688;261
688;262
688;263
688;264
688;265
688;266
688;267
688;268
688;269
688;270
688;271
688;272
688;273
688;274
688;275
688;276
688;277
688;278
688;279
688;280
688;281
688;282
688;283
688;284
688;285
688;286
688;287
688;288
688;289
688;290
688;291
688;292
688;293
688;294
688;295
688;296
688;297
688;298
688;299
688;300
688;301
688;302
688;303
688;304
688;305
688;306
688;307
688;308
688;309
688;310
688;311
688;312
688;313
688;314
688;315
688;316
688;317
688;318
688;319
688;320
688;321
688;322
688;323
688;324
688;325
688;326
688;327
688;328
688;329
688;330
688;331
688;332
688;333
688;334
688;335
688;336
688;337
688;338
688;339
688;340
688;341
688;342
688;343
688;964
688;965
688;966
688;967
688;968
688;969
688;970
688;971
688;972
688;973
688;974
688;975
688;976
688;977
688;978
688;979
688;980
688;981
688;982
688;983
688;984
688;985
688;986
688;987
688;988
688;989
688;990
688;991
688;992
688;993
688;994
688;995
688;996
688;997
688;998
688;999
688;1000
688;1001
688;1002
688;1003
688;1004
688;1005
688;1006
688;1007
688;1008
688;1009
688;1010
688;1011
689;185
689;186
689;187
689;188
689;189
689;190
689;191
689;192
689;193
689;194
689;195
689;196
689;197
689;198
689;199
689;200
689;201
689;202
689;203
689;204
689;205
689;206
689;207
689;208
689;209
689;210
689;211
689;212
689;213
689;214
689;215
689;216
689;217
689;218
689;219
689;220
689;221
689;222
689;223
689;224
689;225
689;226
689;227
689;228
689;229
689;230
689;231
689;232
689;233
689;234
689;235
689;236
689;237
689;238
689;239
689;240
689;241
689;242
689;243
689;244
689;245
689;246
689;247
689;248
689;249
689;250
689;251
689;252
689;253
689;254
689;255
689;256
689;257
689;258
689;259
689;260
689;261
689;262
689;263
689;264
689;265
689;266
689;267
689;268
689;269
689;270
689;271
689;272
689;273
689;274
689;275
689;276
689;277
689;278
689;279
689;280
689;281
689;282
689;283
689;284
689;285
689;286
689;287
689;288
689;289
689;290
689;291
689;292
689;293
689;294
689;295
689;296
689;297
689;298
689;299
689;300
689;301
689;302
689;303
689;304
689;305
689;306
689;307
689;308
689;309
689;310
689;311
689;312
689;313
689;314
689;315
689;316
689;317
689;318
689;319
689;320
689;321
689;322
689;323
689;324
689;325
689;326
689;327
689;328
689;329
689;330
689;331
689;332
689;333
689;334
689;335
689;336
689;337
689;338
689;339
689;340
689;341
689;342
689;343
689;964
689;965
689;966
689;967
689;968
689;969
689;970
689;971
689;972
689;973
689;974
689;975
689;976
689;977
689;978
689;979
689;980
689;981
689;982
689;983
689;984
689;985
689;986
689;987
689;988
689;989
689;990
689;991
689;992
689;993
689;994
689;995
689;996
689;997
689;998
689;999
689;1000
689;1001
689;1002
689;1003
689;1004
689;1005
689;1006
689;1007
689;1008
689;1009
689;1010
689;1011
689;1012
689;1013
690;185
690;186
690;187
690;188
690;189
690;190
690;191
690;192
690;193
690;194
690;195
690;196
690;197
690;198
690;199
690;200
690;201
690;202
690;203
690;204
690;205
690;206
690;207
690;208
690;209
690;210
690;211
690;212
690;213
690;214
690;215
690;216
690;217
690;218
690;219
690;220
690;221
690;222
690;223
690;224
690;225
690;226
690;227
690;228
690;229
690;230
690;231
690;232
690;233
690;234
690;235
690;236
690;237
690;238
690;239
690;240
690;241
690;242
690;243
690;244
690;245
690;246
690;247
690;248
690;249
690;250
690;251
690;252
690;253
690;254
690;255
690;256
690;257
690;258
690;259
690;260
690;261
690;262
690;263
690;264
690;265
690;266
690;267
690;268
690;269
690;270
690;271
690;272
690;273
690;274
690;275
690;276
690;277
690;278
690;279
690;280
690;281
690;282
690;283
690;284
690;285
690;286
690;287
690;288
690;289
690;290
690;291
690;292
690;293
690;294
690;295
690;296
690;297
690;298
690;299
690;300
690;301
690;302
690;303
690;304
690;305
690;306
690;307
690;308
690;309
690;310
690;311
690;312
690;313
690;314
690;315
690;316
690;317
690;318
690;319
690;320
690;321
690;322
690;323
690;324
690;325
690;326
690;327
690;328
690;329
690;330
690;331
690;332
690;333
690;334
690;335
690;336
690;337
690;338
690;339
690;340
690;341
690;342
690;343
690;964
690;965
690;966
690;967
690;968
690;969
690;970
690;971
690;972
690;973
690;974
690;975
690;976
690;977
690;978
690;979
690;980
690;981
690;982
690;983
690;984
690;985
690;986
690;987
690;988
690;989
690;990
690;991
690;992
690;993
690;994
690;995
690;996
690;997
690;998
690;999
690;1000
690;1001
690;1002
690;1003
690;1004
690;1005
690;1006
690;1007
690;1008
690;1009
690;1010
690;1011
690;1012
690;1013
690;1014
690;1015
691;185
691;186
691;187
691;188
691;189
691;190
691;191
691;192
691;193
691;194
691;195
691;196
691;197
691;198
691;199
691;200
691;201
691;202
691;203
691;204
691;205
691;206
691;207
691;208
691;209
691;210
691;211
691;212
691;213
691;214
691;215
691;216
691;217
691;218
691;219
691;220
691;221
691;222
691;223
691;224
691;225
691;226
691;227
691;228
691;229
691;230
691;231
691;232
691;233
691;234
691;235
691;236
691;237
691;238
691;239
691;240
691;241
691;242
691;243
691;244
691;245
691;246
691;247
691;248
691;249
691;250
691;251
691;252
691;253
691;254
691;255
691;256
691;257
691;258
691;259
691;260
691;261
691;262
691;263
691;264
691;265
691;266
691;267
691;268
691;269
691;270
691;271
691;272
691;273
691;274
691;275
691;276
691;277
691;278
691;279
691;280
691;281
691;282
691;283
691;284
691;285
691;286
691;287
691;288
691;289
691;290
691;291
691;292
691;293
691;294
691;295
691;296
691;297
691;298
691;299
691;300
691;301
691;302
691;303
691;304
691;305
691;306
691;307
691;308
691;309
691;310
691;311
691;312
691;313
691;314
691;315
691;316
691;317
691;318
691;319
691;320
691;321
691;322
691;323
691;324
691;325
691;326
691;327
691;328
691;329
691;330
691;331
691;332
691;333
691;334
691;335
691;336
691;337
691;338
691;339
691;340
691;341
691;342
691;964
691;965
691;966
691;967
691;968
691;969
691;970
691;971
691;972
691;973
691;974
691;975
691;976
691;977
691;978
691;979
691;980
691;981
691;982
691;983
691;984
691;985
691;986
691;987
691;988
691;989
691;990
691;991
691;992
691;993
691;994
691;995
691;996
691;997
691;998
691;999
691;1000
691;1001
691;1002
691;1003
691;1004
691;1005
691;1006
691;1007
691;1008
691;1009
691;1010
691;1011
691;1012
691;1013
691;1014
691;1015
691;1016
691;1017
692;185
692;186
692;187
692;188
692;189
692;190
692;191
692;192
692;193
692;194
692;195
692;196
692;197
692;198
692;199
692;200
692;201
692;202
692;203
692;204
692;205
692;206
692;207
692;208
692;209
692;210
692;211
692;212
692;213
692;214
692;215
692;216
692;217
692;218
692;219
692;220
692;221
692;222
692;223
692;224
692;225
692;226
692;227
692;228
692;229
692;230
692;231
692;232
692;233
692;234
692;235
692;236
692;237
692;238
692;239
692;240
692;241
692;242
692;243
692;244
692;245
692;246
692;247
692;248
692;249
692;250
692;251
692;252
692;253
692;254
692;255
692;256
692;257
692;258
692;259
692;260
692;261
692;262
692;263
692;264
692;265
692;266
692;267
692;268
692;269
692;270
692;271
692;272
692;273
692;274
692;275
692;276
692;277
692;278
692;279
692;280
692;281
692;282
692;283
692;284
692;285
692;286
692;287
692;288
692;289
692;290
692;291
692;292
692;293
692;294
692;295
692;296
692;297
692;298
692;299
692;300
692;301
692;302
692;303
692;304
692;305
692;306
692;307
692;308
692;309
692;310
692;311
692;312
692;313
692;314
692;315
692;316
692;317
692;318
692;319
692;320
692;321
692;322
692;323
692;324
692;325
692;326
692;327
692;328
692;329
692;330
692;331
692;332
692;333
692;334
692;335
692;336
692;337
692;338
692;339
692;340
692;341
692;342
692;964
692;965
692;966
692;967
692;968
692;969
692;970
692;971
692;972
692;973
692;974
692;975
692;976
692;977
692;978
692;979
692;980
692;981
692;982
692;983
692;984
692;985
692;986
692;987
692;988
692;989
692;990
692;991
692;992
692;993
692;994
692;995
692;996
692;997
692;998
692;999
692;1000
692;1001
692;1002
692;1003
692;1004
692;1005
692;1006
692;1007
692;1008
692;1009
692;1010
692;1011
692;1012
692;1013
692;1014
692;1015
692;1016
692;1017
692;1018
692;1019
692;1021
693;185
693;186
693;187
693;188
693;189
693;190
693;191
693;192
693;193
693;194
693;195
693;196
693;197
693;198
693;199
693;200
693;201
693;202
693;203
693;204
693;205
693;206
693;207
693;208
693;209
693;210
693;211
693;212
693;213
693;214
693;215
693;216
693;217
693;218
693;219
693;220
693;221
693;222
693;223
693;224
693;225
693;226
693;227
693;228
693;229
693;230
693;231
693;232
693;233
693;234
693;235
693;236
693;237
693;238
693;239
693;240
693;241
693;242
693;243
693;244
693;245
693;246
693;247
693;248
693;249
693;250
693;251
693;252
693;253
693;254
693;255
693;256
693;257
693;258
693;259
693;260
693;261
693;262
693;263
693;264
693;265
693;266
693;267
693;268
693;269
693;270
693;271
693;272
693;273
693;274
693;275
693;276
693;277
693;278
693;279
693;280
693;281
693;282
693;283
693;284
693;285
693;286
693;287
693;288
693;289
693;290
693;291
693;292
693;293
693;294
693;295
693;296
693;297
693;298
693;299
693;300
693;301
693;302
693;303
693;304
693;305
693;306
693;307
693;308
693;309
693;310
693;311
693;312
693;313
693;314
693;315
693;316
693;317
693;318
693;319
693;320
693;321
693;322
693;323
693;324
693;325
693;326
693;327
693;328
693;329
693;330
693;331
693;332
693;333
693;334
693;335
693;336
693;337
693;338
693;339
693;340
693;341
693;342
693;964
693;965
693;966
693;967
693;968
693;969
693;970
693;971
693;972
693;973
693;974
693;975
693;976
693;977
693;978
693;979
693;980
693;981
693;982
693;983
693;984
693;985
693;986
693;987
693;988
693;989
693;990
693;991
693;992
693;993
693;994
693;995
693;996
693;997
693;998
693;999
693;1000
693;1001
693;1002
693;1003
693;1004
693;1005
693;1006
693;1007
693;1008
693;1009
693;1010
693;1011
693;1012
693;1013
693;1014
693;1015
693;1016
693;1017
693;1018
693;1019
693;1020
693;1021
693;1022
693;1023
694;184
694;185
694;186
694;187
694;188
694;189
694;190
694;191
694;192
694;193
694;194
694;195
694;196
694;197
694;198
694;199
694;200
694;201
694;202
694;203
694;204
694;205
694;206
694;207
694;208
694;209
694;210
694;211
694;212
694;213
694;214
694;215
694;216
694;217
694;218
694;219
694;220
694;221
694;222
694;223
694;224
694;225
694;226
694;227
694;228
694;229
694;230
694;231
694;232
694;233
694;234
694;235
694;236
694;237
694;238
694;239
694;240
694;241
694;242
694;243
694;244
694;245
694;246
694;247
694;248
694;249
694;250
694;251
694;252
694;253
694;254
694;255
694;256
694;257
694;258
694;259
694;260
694;261
694;262
694;263
694;264
694;265
694;266
694;267
694;268
694;269
694;270
694;271
694;272
694;273
694;274
694;275
694;276
694;277
694;278
694;279
694;280
694;281
694;282
694;283
694;284
694;285
694;286
694;287
694;288
694;289
694;290
694;291
694;292
694;293
694;294
694;295
694;296
694;297
694;298
694;299
694;300
694;301
694;302
694;303
694;304
694;305
694;306
694;307
694;308
694;309
694;310
694;311
694;312
694;313
694;314
694;315
694;316
694;317
694;318
694;319
694;320
694;321
694;322
694;323
694;324
694;325
694;326
694;327
694;328
694;329
694;330
694;331
694;332
694;333
694;334
694;335
694;336
694;337
694;338
694;339
694;340
694;341
694;342
694;965
694;966
694;967
694;968
694;969
694;970
694;971
694;972
694;973
694;974
694;975
694;976
694;977
694;978
694;979
694;980
694;981
694;982
694;983
694;984
694;985
694;986
694;987
694;988
694;989
694;990
694;991
694;992
694;993
694;994
694;995
694;996
694;997
694;998
694;999
694;1000
694;1001
694;1002
694;1003
694;1004
694;1005
694;1006
694;1007
694;1008
694;1009
694;1010
694;1011
694;1012
694;1013
694;1014
694;1015
694;1016
694;1017
694;1018
694;1019
694;1020
694;1021
694;1022
694;1023
694;1024
694;1025
695;184
695;185
695;186
695;187
695;188
695;189
695;190
695;191
695;192
695;193
695;194
695;195
695;196
695;197
695;198
695;199
695;200
695;201
695;202
695;203
695;204
695;205
695;206
695;207
695;208
695;209
695;210
695;211
695;212
695;213
695;214
695;215
695;216
695;217
695;218
695;219
695;220
695;221
695;222
695;223
695;224
695;225
695;226
695;227
695;228
695;229
695;230
695;231
695;232
695;233
695;234
695;235
695;236
695;237
695;238
695;239
695;240
695;241
695;242
695;243
695;244
695;245
695;246
695;247
695;248
695;249
695;250
695;251
695;252
695;253
695;254
695;255
695;256
695;257
695;258
695;259
695;260
695;261
695;262
695;263
695;264
695;265
695;266
695;267
695;268
695;269
695;270
695;271
695;272
695;273
695;274
695;275
695;276
695;277
695;278
695;279
695;280
695;281
695;282
695;283
695;284
695;285
695;286
695;287
695;288
695;289
695;290
695;291
695;292
695;293
695;294
695;295
695;296
695;297
695;298
695;299
695;300
695;301
695;302
695;303
695;304
695;305
695;306
695;307
695;308
695;309
695;310
695;311
695;312
695;313
695;314
695;315
695;316
695;317
695;318
695;319
695;320
695;321
695;322
695;323
695;324
695;325
695;326
695;327
695;328
695;329
695;330
695;331
695;332
695;333
695;334
695;335
695;336
695;337
695;338
695;339
695;340
695;341
695;965
695;966
695;967
695;968
695;969
695;970
695;971
695;972
695;973
695;974
695;975
695;976
695;977
695;978
695;979
695;980
695;981
695;982
695;983
695;984
695;985
695;986
695;987
695;988
695;989
695;990
695;991
695;992
695;993
695;994
695;995
695;996
695;997
695;998
695;999
695;1000
695;1001
695;1002
695;1003
695;1004
695;1005
695;1006
695;1007
695;1008
695;1009
695;1010
695;1011
695;1012
695;1013
695;1014
695;1015
695;1016
695;1017
695;1018
695;1019
695;1020
695;1021
695;1022
695;1023
695;1024
695;1025
695;1026
695;1027
696;184
696;185
696;186
696;187
696;188
696;189
696;190
696;191
696;192
696;193
696;194
696;195
696;196
696;197
696;198
696;199
696;200
696;201
696;202
696;203
696;204
696;205
696;206
696;207
696;208
696;209
696;210
696;211
696;212
696;213
696;214
696;215
696;216
696;217
696;218
696;219
696;220
696;221
696;222
696;223
696;224
696;225
696;226
696;227
696;228
696;229
696;230
696;231
696;232
696;233
696;234
696;235
696;236
696;237
696;238
696;239
696;240
696;241
696;242
696;243
696;244
696;245
696;246
696;247
696;248
696;249
696;250
696;251
696;252
696;253
696;254
696;255
696;256
696;257
696;258
696;259
696;260
696;261
696;262
696;263
696;264
696;265
696;266
696;267
696;268
696;269
696;270
696;271
696;272
696;273
696;274
696;275
696;276
696;277
696;278
696;279
696;280
696;281
696;282
696;283
696;284
696;285
696;286
696;287
696;288
696;289
696;290
696;291
696;292
696;293
696;294
696;295
696;296
696;297
696;298
696;299
696;300
696;301
696;302
696;303
696;304
696;305
696;306
696;307
696;308
696;309
696;310
696;311
696;312
696;313
696;314
696;315
696;316
696;317
696;318
696;319
696;320
696;321
696;322
696;323
696;324
696;325
696;326
696;327
696;328
696;329
696;330
696;331
696;332
696;333
696;334
696;335
696;336
696;337
696;338
696;339
696;340
696;341
696;965
696;966
696;967
696;968
696;969
696;970
696;971
696;972
696;973
696;974
696;975
696;976
696;977
696;978
696;979
696;980
696;981
696;982
696;983
696;984
696;985
696;986
696;987
696;988
696;989
696;990
696;991
696;992
696;993
696;994
696;995
696;996
696;997
696;998
696;999
696;1000
696;1001
696;1002
696;1003
696;1004
696;1005
696;1006
696;1007
696;1008
696;1009
696;1010
696;1011
696;1012
696;1013
696;1014
696;1015
696;1016
696;1017
696;1018
696;1019
696;1020
696;1021
696;1022
696;1023
696;1024
696;1025
696;1026
696;1027
696;1028
696;1029
697;183
697;184
697;185
697;186
697;187
697;188
697;189
697;190
697;191
697;192
697;193
697;194
697;195
697;196
697;197
697;198
697;199
697;200
697;201
697;202
697;203
697;204
697;205
697;206
697;207
697;208
697;209
697;210
697;211
697;212
697;213
697;214
697;215
697;216
697;217
697;218
697;219
697;220
697;221
697;222
697;223
697;224
697;225
697;226
697;227
697;228
697;229
697;230
697;231
697;232
697;233
697;234
697;235
697;236
697;237
697;238
697;239
697;240
697;241
697;242
697;243
697;244
697;245
697;246
697;247
697;248
697;249
697;250
697;251
697;252
697;253
697;254
697;255
697;256
697;257
697;258
697;259
697;260
697;261
697;262
697;263
697;264
697;265
697;266
697;267
697;268
697;269
697;270
697;271
697;272
697;273
697;274
697;275
697;276
697;277
697;278
697;279
697;280
697;281
697;282
697;283
697;284
697;285
697;286
697;287
697;288
697;289
697;290
697;291
697;292
697;293
697;294
697;295
697;296
697;297
697;298
697;299
697;300
697;301
697;302
697;303
697;304
697;305
697;306
697;307
697;308
697;309
697;310
697;311
697;312
697;313
697;314
697;315
697;316
697;317
697;318
697;319
697;320
697;321
697;322
697;323
697;324
697;325
697;326
697;327
697;328
697;329
697;330
697;331
697;332
697;333
697;334
697;335
697;336
697;337
697;338
697;339
697;340
697;341
697;965
697;966
697;967
697;968
697;969
697;970
697;971
697;972
697;973
697;974
697;975
697;976
697;977
697;978
697;979
697;980
697;981
697;982
697;983
697;984
697;985
697;986
697;987
697;988
697;989
697;990
697;991
697;992
697;993
697;994
697;995
697;996
697;997
697;998
697;999
697;1000
697;1001
697;1002
697;1003
697;1004
697;1005
697;1006
697;1007
697;1008
697;1009
697;1010
697;1011
697;1012
697;1013
697;1014
697;1015
697;1016
697;1017
697;1018
697;1019
697;1020
697;1021
697;1022
697;1023
697;1024
697;1025
697;1026
697;1027
697;1028
697;1029
697;1030
697;1031
697;1033
698;183
698;184
698;185
698;186
698;187
698;188
698;189
698;190
698;191
698;192
698;193
698;194
698;195
698;196
698;197
698;198
698;199
698;200
698;201
698;202
698;203
698;204
698;205
698;206
698;207
698;208
698;209
698;210
698;211
698;212
698;213
698;214
698;215
698;216
698;217
698;218
698;219
698;220
698;221
698;222
698;223
698;224
698;225
698;226
698;227
698;228
698;229
698;230
698;231
698;232
698;233
698;234
698;235
698;236
698;237
698;238
698;239
698;240
698;241
698;242
698;243
698;244
698;245
698;246
698;247
698;248
698;249
698;250
698;251
698;252
698;253
698;254
698;255
698;256
698;257
698;258
698;259
698;260
698;261
698;262
698;263
698;264
698;265
698;266
698;267
698;268
698;269
698;270
698;271
698;272
698;273
698;274
698;275
698;276
698;277
698;278
698;279
698;280
698;281
698;282
698;283
698;284
698;285
698;286
698;287
698;288
698;289
698;290
698;291
698;292
698;293
698;294
698;295
698;296
698;297
698;298
698;299
698;300
698;301
698;302
698;303
698;304
698;305
698;306
698;307
698;308
698;309
698;310
698;311
698;312
698;313
698;314
698;315
698;316
698;317
698;318
698;319
698;320
698;321
698;322
698;323
698;324
698;325
698;326
698;327
698;328
698;329
698;330
698;331
698;332
698;333
698;334
698;335
698;336
698;337
698;338
698;339
698;340
698;341
698;965
698;966
698;967
698;968
698;969
698;970
698;971
698;972
698;973
698;974
698;975
698;976
698;977
698;978
698;979
698;980
698;981
698;982
698;983
698;984
698;985
698;986
698;987
698;988
698;989
698;990
698;991
698;992
698;993
698;994
698;995
698;996
698;997
698;998
698;999
698;1000
698;1001
698;1002
698;1003
698;1004
698;1005
698;1006
698;1007
698;1008
698;1009
698;1010
698;1011
698;1012
698;1013
698;1014
698;1015
698;1016
698;1017
698;1018
698;1019
698;1020
698;1021
698;1022
698;1023
698;1024
698;1025
698;1026
698;1027
698;1028
698;1029
698;1030
698;1031
698;1032
698;1033
698;1034
698;1035
699;183
699;184
699;185
699;186
699;187
699;188
699;189
699;190
699;191
699;192
699;193
699;194
699;195
699;196
699;197
699;198
699;199
699;200
699;201
699;202
699;203
699;204
699;205
699;206
699;207
699;208
699;209
699;210
699;211
699;212
699;213
699;214
699;215
699;216
699;217
699;218
699;219
699;220
699;221
699;222
699;223
699;224
699;225
699;226
699;227
699;228
699;229
699;230
699;231
699;232
699;233
699;234
699;235
699;236
699;237
699;238
699;239
699;240
699;241
699;242
699;243
699;244
699;245
699;246
699;247
699;248
699;249
699;250
699;251
699;252
699;253
699;254
699;255
699;256
699;257
699;258
699;259
699;260
699;261
699;262
699;263
699;264
699;265
699;266
699;267
699;268
699;269
699;270
699;271
699;272
699;273
699;274
699;275
699;276
699;277
699;278
699;279
699;280
699;281
699;282
699;283
699;284
699;285
699;286
699;287
699;288
699;289
699;290
699;291
699;292
699;293
699;294
699;295
699;296
699;297
699;298
699;299
699;300
699;301
699;302
699;303
699;304
699;305
699;306
699;307
699;308
699;309
699;310
699;311
699;312
699;313
699;314
699;315
699;316
699;317
699;318
699;319
699;320
699;321
699;322
699;323
699;324
699;325
699;326
699;327
699;328
699;329
699;330
699;331
699;332
699;333
699;334
699;335
699;336
699;337
699;338
699;339
699;340
699;965
699;966
699;967
699;968
699;969
699;970
699;971
699;972
699;973
699;974
699;975
699;976
699;977
699;978
699;979
699;980
699;981
699;982
699;983
699;984
699;985
699;986
699;987
699;988
699;989
699;990
699;991
699;992
699;993
699;994
699;995
699;996
699;997
699;998
699;999
699;1000
699;1001
699;1002
699;1003
699;1004
699;1005
699;1006
699;1007
699;1008
699;1009
699;1010
699;1011
699;1012
699;1013
699;1014
699;1015
699;1016
699;1017
699;1018
699;1019
699;1020
699;1021
699;1022
699;1023
699;1024
699;1025
699;1026
699;1027
699;1028
699;1029
699;1030
699;1031
699;1032
699;1033
699;1034
699;1035
699;1036
699;1037
700;183
700;184
700;185
700;186
700;187
700;188
700;189
700;190
700;191
700;192
700;193
700;194
700;195
700;196
700;197
700;198
700;199
700;200
700;201
700;202
700;203
700;204
700;205
700;206
700;207
700;208
700;209
700;210
700;211
700;212
700;213
700;214
700;215
700;216
700;217
700;218
700;219
700;220
700;221
700;222
700;223
700;224
700;225
700;226
700;227
700;228
700;229
700;230
700;231
700;232
700;233
700;234
700;235
700;236
700;237
700;238
700;239
700;240
700;241
700;242
700;243
700;244
700;245
700;246
700;247
700;248
700;249
700;250
700;251
700;252
700;253
700;254
700;255
700;256
700;257
700;258
700;259
700;260
700;261
700;262
700;263
700;264
700;265
700;266
700;267
700;268
700;269
700;270
700;271
700;272
700;273
700;274
700;275
700;276
700;277
700;278
700;279
700;280
700;281
700;282
700;283
700;284
700;285
700;286
700;287
700;288
700;289
700;290
700;291
700;292
700;293
700;294
700;295
700;296
700;297
700;298
700;299
700;300
700;301
700;302
700;303
700;304
700;305
700;306
700;307
700;308
700;309
700;310
700;311
700;312
700;313
700;314
700;315
700;316
700;317
700;318
700;319
700;320
700;321
700;322
700;323
700;324
700;325
700;326
700;327
700;328
700;329
700;330
700;331
700;332
700;333
700;334
700;335
700;336
700;337
700;338
700;339
700;340
700;965
700;966
700;967
700;968
700;969
700;970
700;971
700;972
700;973
700;974
700;975
700;976
700;977
700;978
700;979
700;980
700;981
700;982
700;983
700;984
700;985
700;986
700;987
700;988
700;989
700;990
700;991
700;992
700;993
700;994
700;995
700;996
700;997
700;998
700;999
700;1000
700;1001
700;1002
700;1003
700;1004
700;1005
700;1006
700;1007
700;1008
700;1009
700;1010
700;1011
700;1012
700;1013
700;1014
700;1015
700;1016
700;1017
700;1018
700;1019
700;1020
700;1021
700;1022
700;1023
700;1024
700;1025
700;1026
700;1027
700;1028
700;1029
700;1030
700;1031
700;1032
700;1033
700;1034
700;1035
700;1036
700;1037
700;1038
700;1039
701;184
701;186
701;187
701;188
701;189
701;190
701;191
701;192
701;193
701;194
701;195
701;196
701;197
701;198
701;199
701;200
701;201
701;202
701;203
701;204
701;205
701;206
701;207
701;208
701;209
701;210
701;211
701;212
701;213
701;214
701;215
701;216
701;217
701;218
701;219
701;220
701;221
701;222
701;223
701;224
701;225
701;226
701;227
701;228
701;229
701;230
701;231
701;232
701;233
701;234
701;235
701;236
701;237
701;238
701;239
701;240
701;241
701;242
701;243
701;244
701;245
701;246
701;247
701;248
701;249
701;250
701;251
701;252
701;253
701;254
701;255
701;256
701;257
701;258
701;259
701;260
701;261
701;262
701;263
701;264
701;265
701;266
701;267
701;268
701;269
701;270
701;271
701;272
701;273
701;274
701;275
701;276
701;277
701;278
701;279
701;280
701;281
701;282
701;283
701;284
701;285
701;286
701;287
701;288
701;289
701;290
701;291
701;292
701;293
701;294
701;295
701;296
701;297
701;298
701;299
701;300
701;301
701;302
701;303
701;304
701;305
701;306
701;307
701;308
701;309
701;310
701;311
701;312
701;313
701;314
701;315
701;316
701;317
701;318
701;319
701;320
701;321
701;322
701;323
701;324
701;325
701;326
701;327
701;328
701;329
701;330
701;331
701;332
701;333
701;334
701;335
701;336
701;337
701;338
701;339
701;340
701;965
701;966
701;967
701;968
701;969
701;970
701;971
701;972
701;973
701;974
701;975
701;976
701;977
701;978
701;979
701;980
701;981
701;982
701;983
701;984
701;985
701;986
701;987
701;988
701;989
701;990
701;991
701;992
701;993
701;994
701;995
701;996
701;997
701;998
701;999
701;1000
701;1001
701;1002
701;1003
701;1004
701;1005
701;1006
701;1007
701;1008
701;1009
701;1010
701;1011
701;1012
701;1013
701;1014
701;1015
701;1016
701;1017
701;1018
701;1019
701;1020
701;1021
701;1022
701;1023
701;1024
701;1025
701;1026
701;1027
701;1028
701;1029
701;1030
701;1031
701;1032
701;1033
701;1034
701;1035
701;1036
701;1037
701;1038
701;1039
701;1040
701;1041
702;190
702;192
702;193
702;194
702;195
702;196
702;197
702;198
702;199
702;200
702;201
702;202
702;203
702;204
702;205
702;206
702;207
702;208
702;209
702;210
702;211
702;212
702;213
702;214
702;215
702;216
702;217
702;218
702;219
702;220
702;221
702;222
702;223
702;224
702;225
702;226
702;227
702;228
702;229
702;230
702;231
702;232
702;233
702;234
702;235
702;236
702;237
702;238
702;239
702;240
702;241
702;242
702;243
702;244
702;245
702;246
702;247
702;248
702;249
702;250
702;251
702;252
702;253
702;254
702;255
702;256
702;257
702;258
702;259
702;260
702;261
702;262
702;263
702;264
702;265
702;266
702;267
702;268
702;269
702;270
702;271
702;272
702;273
702;274
702;275
702;276
702;277
702;278
702;279
702;280
702;281
702;282
702;283
702;284
702;285
702;286
702;287
702;288
702;289
702;290
702;291
702;292
702;293
702;294
702;295
702;296
702;297
702;298
702;299
702;300
702;301
702;302
702;303
702;304
702;305
702;306
702;307
702;308
702;309
702;310
702;311
702;312
702;313
702;314
702;315
702;316
702;317
702;318
702;319
702;320
702;321
702;322
702;323
702;324
702;325
702;326
702;327
702;328
702;329
702;330
702;331
702;332
702;333
702;334
702;335
702;336
702;337
702;338
702;339
702;340
702;965
702;966
702;967
702;968
702;969
702;970
702;971
702;972
702;973
702;974
702;975
702;976
702;977
702;978
702;979
702;980
702;981
702;982
702;983
702;984
702;985
702;986
702;987
702;988
702;989
702;990
702;991
702;992
702;993
702;994
702;995
702;996
702;997
702;998
702;999
702;1000
702;1001
702;1002
702;1003
702;1004
702;1005
702;1006
702;1007
702;1008
702;1009
702;1010
702;1011
702;1012
702;1013
702;1014
702;1015
702;1016
702;1017
702;1018
702;1019
702;1020
702;1021
702;1022
702;1023
702;1024
702;1025
702;1026
702;1027
702;1028
702;1029
702;1030
702;1031
702;1032
702;1033
702;1034
702;1035
702;1036
702;1037
702;1038
702;1039
702;1040
702;1041
702;1042
702;1043
702;1045
703;194
703;196
703;197
703;198
703;199
703;200
703;201
703;202
703;203
703;204
703;205
703;206
703;207
703;208
703;209
703;210
703;211
703;212
703;213
703;214
703;215
703;216
703;217
703;218
703;219
703;220
703;221
703;222
703;223
703;224
703;225
703;226
703;227
703;228
703;229
703;230
703;231
703;232
703;233
703;234
703;235
703;236
703;237
703;238
703;239
703;240
703;241
703;242
703;243
703;244
703;245
703;246
703;247
703;248
703;249
703;250
703;251
703;252
703;253
703;254
703;255
703;256
703;257
703;258
703;259
703;260
703;261
703;262
703;263
703;264
703;265
703;266
703;267
703;268
703;269
703;270
703;271
703;272
703;273
703;274
703;275
703;276
703;277
703;278
703;279
703;280
703;281
703;282
703;283
703;284
703;285
703;286
703;287
703;288
703;289
703;290
703;291
703;292
703;293
703;294
703;295
703;296
703;297
703;298
703;299
703;300
703;301
703;302
703;303
703;304
703;305
703;306
703;307
703;308
703;309
703;310
703;311
703;312
703;313
703;314
703;315
703;316
703;317
703;318
703;319
703;320
703;321
703;322
703;323
703;324
703;325
703;326
703;327
703;328
703;329
703;330
703;331
703;332
703;333
703;334
703;335
703;336
703;337
703;338
703;339
703;965
703;966
703;967
703;968
703;969
703;970
703;971
703;972
703;973
703;974
703;975
703;976
703;977
703;978
703;979
703;980
703;981
703;982
703;983
703;984
703;985
703;986
703;987
703;988
703;989
703;990
703;991
703;992
703;993
703;994
703;995
703;996
703;997
703;998
703;999
703;1000
703;1001
703;1002
703;1003
703;1004
703;1005
703;1006
703;1007
703;1008
703;1009
703;1010
703;1011
703;1012
703;1013
703;1014
703;1015
703;1016
703;1017
703;1018
703;1019
703;1020
703;1021
703;1022
703;1023
703;1024
703;1025
703;1026
703;1027
703;1028
703;1029
703;1030
703;1031
703;1032
703;1033
703;1034
703;1035
703;1036
703;1037
703;1038
703;1039
703;1040
703;1041
703;1042
703;1043
703;1044
703;1045
703;1046
703;1047
704;200
704;202
704;203
704;204
704;205
704;206
704;207
704;208
704;209
704;210
704;211
704;212
704;213
704;214
704;215
704;216
704;217
704;218
704;219
704;220
704;221
704;222
704;223
704;224
704;225
704;226
704;227
704;228
704;229
704;230
704;231
704;232
704;233
704;234
704;235
704;236
704;237
704;238
704;239
704;240
704;241
704;242
704;243
704;244
704;245
704;246
704;247
704;248
704;249
704;250
704;251
704;252
704;253
704;254
704;255
704;256
704;257
704;258
704;259
704;260
704;261
704;262
704;263
704;264
704;265
704;266
704;267
704;268
704;269
704;270
704;271
704;272
704;273
704;274
704;275
704;276
704;277
704;278
704;279
704;280
704;281
704;282
704;283
704;284
704;285
704;286
704;287
704;288
704;289
704;290
704;291
704;292
704;293
704;294
704;295
704;296
704;297
704;298
704;299
704;300
704;301
704;302
704;303
704;304
704;305
704;306
704;307
704;308
704;309
704;310
704;311
704;312
704;313
704;314
704;315
704;316
704;317
704;318
704;319
704;320
704;321
704;322
704;323
704;324
704;325
704;326
704;327
704;328
704;329
704;330
704;331
704;332
704;333
704;334
704;335
704;336
704;337
704;338
704;339
704;965
704;966
704;967
704;968
704;969
704;970
704;971
704;972
704;973
704;974
704;975
704;976
704;977
704;978
704;979
704;980
704;981
704;982
704;983
704;984
704;985
704;986
704;987
704;988
704;989
704;990
704;991
704;992
704;993
704;994
704;995
704;996
704;997
704;998
704;999
704;1000
704;1001
704;1002
704;1003
704;1004
704;1005
704;1006
704;1007
704;1008
704;1009
704;1010
704;1011
704;1012
704;1013
704;1014
704;1015
704;1016
704;1017
704;1018
704;1019
704;1020
704;1021
704;1022
704;1023
704;1024
704;1025
704;1026
704;1027
704;1028
704;1029
704;1030
704;1031
704;1032
704;1033
704;1034
704;1035
704;1036
704;1037
704;1038
704;1039
704;1040
704;1041
704;1042
704;1043
704;1044
704;1045
704;1046
704;1047
704;1048
704;1049
705;206
705;207
705;208
705;209
705;210
705;211
705;212
705;213
705;214
705;215
705;216
705;217
705;218
705;219
705;220
705;221
705;222
705;223
705;224
705;225
705;226
705;227
705;228
705;229
705;230
705;231
705;232
705;233
705;234
705;235
705;236
705;237
705;238
705;239
705;240
705;241
705;242
705;243
705;244
705;245
705;246
705;247
705;248
705;249
705;250
705;251
705;252
705;253
705;254
705;255
705;256
705;257
705;258
705;259
705;260
705;261
705;262
705;263
705;264
705;265
705;266
705;267
705;268
705;269
705;270
705;271
705;272
705;273
705;274
705;275
705;276
705;277
705;278
705;279
705;280
705;281
705;282
705;283
705;284
705;285
705;286
705;287
705;288
705;289
705;290
705;291
705;292
705;293
705;294
705;295
705;296
705;297
705;298
705;299
705;300
705;301
705;302
705;303
705;304
705;305
705;306
705;307
705;308
705;309
705;310
705;311
705;312
705;313
705;314
705;315
705;316
705;317
705;318
705;319
705;320
705;321
705;322
705;323
705;324
705;325
705;326
705;327
705;328
705;329
705;330
705;331
705;332
705;333
705;334
705;335
705;336
705;337
705;338
705;339
705;966
705;967
705;968
705;969
705;970
705;971
705;972
705;973
705;974
705;975
705;976
705;977
705;978
705;979
705;980
705;981
705;982
705;983
705;984
705;985
705;986
705;987
705;988
705;989
705;990
705;991
705;992
705;993
705;994
705;995
705;996
705;997
705;998
705;999
705;1000
705;1001
705;1002
705;1003
705;1004
705;1005
705;1006
705;1007
705;1008
705;1009
705;1010
705;1011
705;1012
705;1013
705;1014
705;1015
705;1016
705;1017
705;1018
705;1019
705;1020
705;1021
705;1022
705;1023
705;1024
705;1025
705;1026
705;1027
705;1028
705;1029
705;1030
705;1031
705;1032
705;1033
705;1034
705;1035
705;1036
705;1037
705;1038
705;1039
705;1040
705;1041
705;1042
705;1043
705;1044
705;1045
705;1046
705;1047
705;1048
705;1049
705;1050
705;1051
706;210
706;212
706;213
706;214
706;215
706;216
706;217
706;218
706;219
706;220
706;221
706;222
706;223
706;224
706;225
706;226
706;227
706;228
706;229
706;230
706;231
706;232
706;233
706;234
706;235
706;236
706;237
706;238
706;239
706;240
706;241
706;242
706;243
706;244
706;245
706;246
706;247
706;248
706;249
706;250
706;251
706;252
706;253
706;254
706;255
706;256
706;257
706;258
706;259
706;260
706;261
706;262
706;263
706;264
706;265
706;266
706;267
706;268
706;269
706;270
706;271
706;272
706;273
706;274
706;275
706;276
706;277
706;278
706;279
706;280
706;281
706;282
706;283
706;284
706;285
706;286
706;287
706;288
706;289
706;290
706;291
706;292
706;293
706;294
706;295
706;296
706;297
706;298
706;299
706;300
706;301
706;302
706;303
706;304
706;305
706;306
706;307
706;308
706;309
706;310
706;311
706;312
706;313
706;314
706;315
706;316
706;317
706;318
706;319
706;320
706;321
706;322
706;323
706;324
706;325
706;326
706;327
706;328
706;329
706;330
706;331
706;332
706;333
706;334
706;335
706;336
706;337
706;338
706;966
706;967
706;968
706;969
706;970
706;971
706;972
706;973
706;974
706;975
706;976
706;977
706;978
706;979
706;980
706;981
706;982
706;983
706;984
706;985
706;986
706;987
706;988
706;989
706;990
706;991
706;992
706;993
706;994
706;995
706;996
706;997
706;998
706;999
706;1000
706;1001
706;1002
706;1003
706;1004
706;1005
706;1006
706;1007
706;1008
706;1009
706;1010
706;1011
706;1012
706;1013
706;1014
706;1015
706;1016
706;1017
706;1018
706;1019
706;1020
706;1021
706;1022
706;1023
706;1024
706;1025
706;1026
706;1027
706;1028
706;1029
706;1030
706;1031
706;1032
706;1033
706;1034
706;1035
706;1036
706;1037
706;1038
706;1039
706;1040
706;1041
706;1042
706;1043
706;1044
706;1045
706;1046
706;1047
706;1048
706;1049
706;1050
706;1051
706;1052
706;1053
707;216
707;218
707;219
707;220
707;221
707;222
707;223
707;224
707;225
707;226
707;227
707;228
707;229
707;230
707;231
707;232
707;233
707;234
707;235
707;236
707;237
707;238
707;239
707;240
707;241
707;242
707;243
707;244
707;245
707;246
707;247
707;248
707;249
707;250
707;251
707;252
707;253
707;254
707;255
707;256
707;257
707;258
707;259
707;260
707;261
707;262
707;263
707;264
707;265
707;266
707;267
707;268
707;269
707;270
707;271
707;272
707;273
707;274
707;275
707;276
707;277
707;278
707;279
707;280
707;281
707;282
707;283
707;284
707;285
707;286
707;287
707;288
707;289
707;290
707;291
707;292
707;293
707;294
707;295
707;296
707;297
707;298
707;299
707;300
707;301
707;302
707;303
707;304
707;305
707;306
707;307
707;308
707;309
707;310
707;311
707;312
707;313
707;314
707;315
707;316
707;317
707;318
707;319
707;320
707;321
707;322
707;323
707;324
707;325
707;326
707;327
707;328
707;329
707;330
707;331
707;332
707;333
707;334
707;335
707;336
707;337
707;338
707;966
707;967
707;968
707;969
707;970
707;971
707;972
707;973
707;974
707;975
707;976
707;977
707;978
707;979
707;980
707;981
707;982
707;983
707;984
707;985
707;986
707;987
707;988
707;989
707;990
707;991
707;992
707;993
707;994
707;995
707;996
707;997
707;998
707;999
707;1000
707;1001
707;1002
707;1003
707;1004
707;1005
707;1006
707;1007
707;1008
707;1009
707;1010
707;1011
707;1012
707;1013
707;1014
707;1015
707;1016
707;1017
707;1018
707;1019
707;1020
707;1021
707;1022
707;1023
707;1024
707;1025
707;1026
707;1027
707;1028
707;1029
707;1030
707;1031
707;1032
707;1033
707;1034
707;1035
707;1036
707;1037
707;1038
707;1039
707;1040
707;1041
707;1042
707;1043
707;1044
707;1045
707;1046
707;1047
707;1048
707;1049
707;1050
707;1051
707;1052
707;1053
707;1054
707;1055
708;220
708;222
708;223
708;224
708;225
708;226
708;227
708;228
708;229
708;230
708;231
708;232
708;233
708;234
708;235
708;236
708;237
708;238
708;239
708;240
708;241
708;242
708;243
708;244
708;245
708;246
708;247
708;248
708;249
708;250
708;251
708;252
708;253
708;254
708;255
708;256
708;257
708;258
708;259
708;260
708;261
708;262
708;263
708;264
708;265
708;266
708;267
708;268
708;269
708;270
708;271
708;272
708;273
708;274
708;275
708;276
708;277
708;278
708;279
708;280
708;281
708;282
708;283
708;284
708;285
708;286
708;287
708;288
708;289
708;290
708;291
708;292
708;293
708;294
708;295
708;296
708;297
708;298
708;299
708;300
708;301
708;302
708;303
708;304
708;305
708;306
708;307
708;308
708;309
708;310
708;311
708;312
708;313
708;314
708;315
708;316
708;317
708;318
708;319
708;320
708;321
708;322
708;323
708;324
708;325
708;326
708;327
708;328
708;329
708;330
708;331
708;332
708;333
708;334
708;335
708;336
708;337
708;338
708;966
708;967
708;968
708;969
708;970
708;971
708;972
708;973
708;974
708;975
708;976
708;977
708;978
708;979
708;980
708;981
708;982
708;983
708;984
708;985
708;986
708;987
708;988
708;989
708;990
708;991
708;992
708;993
708;994
708;995
708;996
708;997
708;998
708;999
708;1000
708;1001
708;1002
708;1003
708;1004
708;1005
708;1006
708;1007
708;1008
708;1009
708;1010
708;1011
708;1012
708;1013
708;1014
708;1015
708;1016
708;1017
708;1018
708;1019
708;1020
708;1021
708;1022
708;1023
708;1024
708;1025
708;1026
708;1027
708;1028
708;1029
708;1030
708;1031
708;1032
708;1033
708;1034
708;1035
708;1036
708;1037
708;1038
708;1039
708;1040
708;1041
708;1042
708;1043
708;1044
708;1045
708;1046
708;1047
708;1048
708;1049
708;1050
708;1051
708;1052
708;1053
708;1054
708;1055
708;1056
708;1057
708;1058
708;1059
709;226
709;228
709;229
709;230
709;231
709;232
709;233
709;234
709;235
709;236
709;237
709;238
709;239
709;240
709;241
709;242
709;243
709;244
709;245
709;246
709;247
709;248
709;249
709;250
709;251
709;252
709;253
709;254
709;255
709;256
709;257
709;258
709;259
709;260
709;261
709;262
709;263
709;264
709;265
709;266
709;267
709;268
709;269
709;270
709;271
709;272
709;273
709;274
709;275
709;276
709;277
709;278
709;279
709;280
709;281
709;282
709;283
709;284
709;285
709;286
709;287
709;288
709;289
709;290
709;291
709;292
709;293
709;294
709;295
709;296
709;297
709;298
709;299
709;300
709;301
709;302
709;303
709;304
709;305
709;306
709;307
709;308
709;309
709;310
709;311
709;312
709;313
709;314
709;315
709;316
709;317
709;318
709;319
709;320
709;321
709;322
709;323
709;324
709;325
709;326
709;327
709;328
709;329
709;330
709;331
709;332
709;333
709;334
709;335
709;336
709;337
709;338
709;966
709;967
709;968
709;969
709;970
709;971
709;972
709;973
709;974
709;975
709;976
709;977
709;978
709;979
709;980
709;981
709;982
709;983
709;984
709;985
709;986
709;987
709;988
709;989
709;990
709;991
709;992
709;993
709;994
709;995
709;996
709;997
709;998
709;999
709;1000
709;1001
709;1002
709;1003
709;1004
709;1005
709;1006
709;1007
709;1008
709;1009
709;1010
709;1011
709;1012
709;1013
709;1014
709;1015
709;1016
709;1017
709;1018
709;1019
709;1020
709;1021
709;1022
709;1023
709;1024
709;1025
709;1026
709;1027
709;1028
709;1029
709;1030
709;1031
709;1032
709;1033
709;1034
709;1035
709;1036
709;1037
709;1038
709;1039
709;1040
709;1041
709;1042
709;1043
709;1044
709;1045
709;1046
709;1047
709;1048
709;1049
709;1050
709;1051
709;1052
709;1053
709;1054
709;1055
709;1056
709;1057
709;1058
709;1059
709;1060
709;1061
710;232
710;234
710;235
710;236
710;237
710;238
710;239
710;240
710;241
710;242
710;243
710;244
710;245
710;246
710;247
710;248
710;249
710;250
710;251
710;252
710;253
710;254
710;255
710;256
710;257
710;258
710;259
710;260
710;261
710;262
710;263
710;264
710;265
710;266
710;267
710;268
710;269
710;270
710;271
710;272
710;273
710;274
710;275
710;276
710;277
710;278
710;279
710;280
710;281
710;282
710;283
710;284
710;285
710;286
710;287
710;288
710;289
710;290
710;291
710;292
710;293
710;294
710;295
710;296
710;297
710;298
710;299
710;300
710;301
710;302
710;303
710;304
710;305
710;306
710;307
710;308
710;309
710;310
710;311
710;312
710;313
710;314
710;315
710;316
710;317
710;318
710;319
710;320
710;321
710;322
710;323
710;324
710;325
710;326
710;327
710;328
710;329
710;330
710;331
710;332
710;333
710;334
710;335
710;336
710;337
710;338
710;966
710;967
710;968
710;969
710;970
710;971
710;972
710;973
710;974
710;975
710;976
710;977
710;978
710;979
710;980
710;981
710;982
710;983
710;984
710;985
710;986
710;987
710;988
710;989
710;990
710;991
710;992
710;993
710;994
710;995
710;996
710;997
710;998
710;999
710;1000
710;1001
710;1002
710;1003
710;1004
710;1005
710;1006
710;1007
710;1008
710;1009
710;1010
710;1011
710;1012
710;1013
710;1014
710;1015
710;1016
710;1017
710;1018
710;1019
710;1020
710;1021
710;1022
710;1023
710;1024
710;1025
710;1026
710;1027
710;1028
710;1029
710;1030
710;1031
710;1032
710;1033
710;1034
710;1035
710;1036
710;1037
710;1038
710;1039
710;1040
710;1041
710;1042
710;1043
710;1044
710;1045
710;1046
710;1047
710;1048
710;1049
710;1050
710;1051
710;1052
710;1053
710;1054
710;1055
710;1056
710;1057
710;1058
710;1059
710;1060
710;1061
710;1062
710;1063
711;236
711;238
711;239
711;240
711;241
711;242
711;243
711;244
711;245
711;246
711;247
711;248
711;249
711;250
711;251
711;252
711;253
711;254
711;255
711;256
711;257
711;258
711;259
711;260
711;261
711;262
711;263
711;264
711;265
711;266
711;267
711;268
711;269
711;270
711;271
711;272
711;273
711;274
711;275
711;276
711;277
711;278
711;279
711;280
711;281
711;282
711;283
711;284
711;285
711;286
711;287
711;288
711;289
711;290
711;291
711;292
711;293
711;294
711;295
711;296
711;297
711;298
711;299
711;300
711;301
711;302
711;303
711;304
711;305
711;306
711;307
711;308
711;309
711;310
711;311
711;312
711;313
711;314
711;315
711;316
711;317
711;318
711;319
711;320
711;321
711;322
711;323
711;324
711;325
711;326
711;327
711;328
711;329
711;330
711;331
711;332
711;333
711;334
711;335
711;336
711;337
711;966
711;967
711;968
711;969
711;970
711;971
711;972
711;973
711;974
711;975
711;976
711;977
711;978
711;979
711;980
711;981
711;982
711;983
711;984
711;985
711;986
711;987
711;988
711;989
711;990
711;991
711;992
711;993
711;994
711;995
711;996
711;997
711;998
711;999
711;1000
711;1001
711;1002
711;1003
711;1004
711;1005
711;1006
711;1007
711;1008
711;1009
711;1010
711;1011
711;1012
711;1013
711;1014
711;1015
711;1016
711;1017
711;1018
711;1019
711;1020
711;1021
711;1022
711;1023
711;1024
711;1025
711;1026
711;1027
711;1028
711;1029
711;1030
711;1031
711;1032
711;1033
711;1034
711;1035
711;1036
711;1037
711;1038
711;1039
711;1040
711;1041
711;1042
711;1043
711;1044
711;1045
711;1046
711;1047
711;1048
711;1049
711;1050
711;1051
711;1052
711;1053
711;1054
711;1055
711;1056
711;1057
711;1058
711;1059
711;1060
711;1061
711;1062
711;1063
711;1064
711;1065
712;242
712;244
712;245
712;246
712;247
712;248
712;249
712;250
712;251
712;252
712;253
712;254
712;255
712;256
712;257
712;258
712;259
712;260
712;261
712;262
712;263
712;264
712;265
712;266
712;267
712;268
712;269
712;270
712;271
712;272
712;273
712;274
712;275
712;276
712;277
712;278
712;279
712;280
712;281
712;282
712;283
712;284
712;285
712;286
712;287
712;288
712;289
712;290
712;291
712;292
712;293
712;294
712;295
712;296
712;297
712;298
712;299
712;300
712;301
712;302
712;303
712;304
712;305
712;306
712;307
712;308
712;309
712;310
712;311
712;312
712;313
712;314
712;315
712;316
712;317
712;318
712;319
712;320
712;321
712;322
712;323
712;324
712;325
712;326
712;327
712;328
712;329
712;330
712;331
712;332
712;333
712;334
712;335
712;336
712;337
712;966
712;967
712;968
712;969
712;970
712;971
712;972
712;973
712;974
712;975
712;976
712;977
712;978
712;979
712;980
712;981
712;982
712;983
712;984
712;985
712;986
712;987
712;988
712;989
712;990
712;991
712;992
712;993
712;994
712;995
712;996
712;997
712;998
712;999
712;1000
712;1001
712;1002
712;1003
712;1004
712;1005
712;1006
712;1007
712;1008
712;1009
712;1010
712;1011
712;1012
712;1013
712;1014
712;1015
712;1016
712;1017
712;1018
712;1019
712;1020
712;1021
712;1022
712;1023
712;1024
712;1025
712;1026
712;1027
712;1028
712;1029
712;1030
712;1031
712;1032
712;1033
712;1034
712;1035
712;1036
712;1037
712;1038
712;1039
712;1040
712;1041
712;1042
712;1043
712;1044
712;1045
712;1046
712;1047
712;1048
712;1049
712;1050
712;1051
712;1052
712;1053
712;1054
712;1055
712;1056
712;1057
712;1058
712;1059
712;1060
712;1061
712;1062
712;1063
712;1064
712;1065
712;1066
712;1067
713;248
713;249
713;250
713;251
713;252
713;253
713;254
713;255
713;256
713;257
713;258
713;259
713;260
713;261
713;262
713;263
713;264
713;265
713;266
713;267
713;268
713;269
713;270
713;271
713;272
713;273
713;274
713;275
713;276
713;277
713;278
713;279
713;280
713;281
713;282
713;283
713;284
713;285
713;286
713;287
713;288
713;289
713;290
713;291
713;292
713;293
713;294
713;295
713;296
713;297
713;298
713;299
713;300
713;301
713;302
713;303
713;304
713;305
713;306
713;307
713;308
713;309
713;310
713;311
713;312
713;313
713;314
713;315
713;316
713;317
713;318
713;319
713;320
713;321
713;322
713;323
713;324
713;325
713;326
713;327
713;328
713;329
713;330
713;331
713;332
713;333
713;334
713;335
713;336
713;337
713;966
713;967
713;968
713;969
713;970
713;971
713;972
713;973
713;974
713;975
713;976
713;977
713;978
713;979
713;980
713;981
713;982
713;983
713;984
713;985
713;986
713;987
713;988
713;989
713;990
713;991
713;992
713;993
713;994
713;995
713;996
713;997
713;998
713;999
713;1000
713;1001
713;1002
713;1003
713;1004
713;1005
713;1006
713;1007
713;1008
713;1009
713;1010
713;1011
713;1012
713;1013
713;1014
713;1015
713;1016
713;1017
713;1018
713;1019
713;1020
713;1021
713;1022
713;1023
713;1024
713;1025
713;1026
713;1027
713;1028
713;1029
713;1030
713;1031
713;1032
713;1033
713;1034
713;1035
713;1036
713;1037
713;1038
713;1039
713;1040
713;1041
713;1042
713;1043
713;1044
713;1045
713;1046
713;1047
713;1048
713;1049
713;1050
713;1051
713;1052
713;1053
713;1054
713;1055
713;1056
713;1057
713;1058
713;1059
713;1060
713;1061
713;1062
713;1063
713;1064
713;1065
713;1066
713;1067
713;1068
713;1069
713;1070
713;1071
714;252
714;254
714;255
714;256
714;257
714;258
714;259
714;260
714;261
714;262
714;263
714;264
714;265
714;266
714;267
714;268
714;269
714;270
714;271
714;272
714;273
714;274
714;275
714;276
714;277
714;278
714;279
714;280
714;281
714;282
714;283
714;284
714;285
714;286
714;287
714;288
714;289
714;290
714;291
714;292
714;293
714;294
714;295
714;296
714;297
714;298
714;299
714;300
714;301
714;302
714;303
714;304
714;305
714;306
714;307
714;308
714;309
714;310
714;311
714;312
714;313
714;314
714;315
714;316
714;317
714;318
714;319
714;320
714;321
714;322
714;323
714;324
714;325
714;326
714;327
714;328
714;329
714;330
714;331
714;332
714;333
714;334
714;335
714;336
714;966
714;967
714;968
714;969
714;970
714;971
714;972
714;973
714;974
714;975
714;976
714;977
714;978
714;979
714;980
714;981
714;982
714;983
714;984
714;985
714;986
714;987
714;988
714;989
714;990
714;991
714;992
714;993
714;994
714;995
714;996
714;997
714;998
714;999
714;1000
714;1001
714;1002
714;1003
714;1004
714;1005
714;1006
714;1007
714;1008
714;1009
714;1010
714;1011
714;1012
714;1013
714;1014
714;1015
714;1016
714;1017
714;1018
714;1019
714;1020
714;1021
714;1022
714;1023
714;1024
714;1025
714;1026
714;1027
714;1028
714;1029
714;1030
714;1031
714;1032
714;1033
714;1034
714;1035
714;1036
714;1037
714;1038
714;1039
714;1040
714;1041
714;1042
714;1043
714;1044
714;1045
714;1046
714;1047
714;1048
714;1049
714;1050
714;1051
714;1052
714;1053
714;1054
714;1055
714;1056
714;1057
714;1058
714;1059
714;1060
714;1061
714;1062
714;1063
714;1064
714;1065
714;1066
714;1067
714;1068
714;1069
714;1070
714;1071
714;1072
714;1073
715;258
715;260
715;261
715;262
715;263
715;264
715;265
715;266
715;267
715;268
715;269
715;270
715;271
715;272
715;273
715;274
715;275
715;276
715;277
715;278
715;279
715;280
715;281
715;282
715;283
715;284
715;285
715;286
715;287
715;288
715;289
715;290
715;291
715;292
715;293
715;294
715;295
715;296
715;297
715;298
715;299
715;300
715;301
715;302
715;303
715;304
715;305
715;306
715;307
715;308
715;309
715;310
715;311
715;312
715;313
715;314
715;315
715;316
715;317
715;318
715;319
715;320
715;321
715;322
715;323
715;324
715;325
715;326
715;327
715;328
715;329
715;330
715;331
715;332
715;333
715;334
715;335
715;336
715;966
715;967
715;968
715;969
715;970
715;971
715;972
715;973
715;974
715;975
715;976
715;977
715;978
715;979
715;980
715;981
715;982
715;983
715;984
715;985
715;986
715;987
715;988
715;989
715;990
715;991
715;992
715;993
715;994
715;995
715;996
715;997
715;998
715;999
715;1000
715;1001
715;1002
715;1003
715;1004
715;1005
715;1006
715;1007
715;1008
715;1009
715;1010
715;1011
715;1012
715;1013
715;1014
715;1015
715;1016
715;1017
715;1018
715;1019
715;1020
715;1021
715;1022
715;1023
715;1024
715;1025
715;1026
715;1027
715;1028
715;1029
715;1030
715;1031
715;1032
715;1033
715;1034
715;1035
715;1036
715;1037
715;1038
715;1039
715;1040
715;1041
715;1042
715;1043
715;1044
715;1045
715;1046
715;1047
715;1048
715;1049
715;1050
715;1051
715;1052
715;1053
715;1054
715;1055
715;1056
715;1057
715;1058
715;1059
715;1060
715;1061
715;1062
715;1063
715;1064
715;1065
715;1066
715;1067
715;1068
715;1069
715;1070
715;1071
715;1072
715;1073
716;262
716;264
716;265
716;266
716;267
716;268
716;269
716;270
716;271
716;272
716;273
716;274
716;275
716;276
716;277
716;278
716;279
716;280
716;281
716;282
716;283
716;284
716;285
716;286
716;287
716;288
716;289
716;290
716;291
716;292
716;293
716;294
716;295
716;296
716;297
716;298
716;299
716;300
716;301
716;302
716;303
716;304
716;305
716;306
716;307
716;308
716;309
716;310
716;311
716;312
716;313
716;314
716;315
716;316
716;317
716;318
716;319
716;320
716;321
716;322
716;323
716;324
716;325
716;326
716;327
716;328
716;329
716;330
716;331
716;332
716;333
716;334
716;335
716;336
716;966
716;967
716;968
716;969
716;970
716;971
716;972
716;973
716;974
716;975
716;976
716;977
716;978
716;979
716;980
716;981
716;982
716;983
716;984
716;985
716;986
716;987
716;988
716;989
716;990
716;991
716;992
716;993
716;994
716;995
716;996
716;997
716;998
716;999
716;1000
716;1001
716;1002
716;1003
716;1004
716;1005
716;1006
716;1007
716;1008
716;1009
716;1010
716;1011
716;1012
716;1013
716;1014
716;1015
716;1016
716;1017
716;1018
716;1019
716;1020
716;1021
716;1022
716;1023
716;1024
716;1025
716;1026
716;1027
716;1028
716;1029
716;1030
716;1031
716;1032
716;1033
716;1034
716;1035
716;1036
716;1037
716;1038
716;1039
716;1040
716;1041
716;1042
716;1043
716;1044
716;1045
716;1046
716;1047
716;1048
716;1049
716;1050
716;1051
716;1052
716;1053
716;1054
716;1055
716;1056
716;1057
716;1058
716;1059
716;1060
716;1061
716;1062
716;1063
716;1064
716;1065
716;1066
716;1067
716;1068
716;1069
716;1070
716;1071
716;1072
716;1073
717;268
717;270
717;271
717;272
717;273
717;274
717;275
717;276
717;277
717;278
717;279
717;280
717;281
717;282
717;283
717;284
717;285
717;286
717;287
717;288
717;289
717;290
717;291
717;292
717;293
717;294
717;295
717;296
717;297
717;298
717;299
717;300
717;301
717;302
717;303
717;304
717;305
717;306
717;307
717;308
717;309
717;310
717;311
717;312
717;313
717;314
717;315
717;316
717;317
717;318
717;319
717;320
717;321
717;322
717;323
717;324
717;325
717;326
717;327
717;328
717;329
717;330
717;331
717;332
717;333
717;334
717;335
717;336
717;966
717;967
717;968
717;969
717;970
717;971
717;972
717;973
717;974
717;975
717;976
717;977
717;978
717;979
717;980
717;981
717;982
717;983
717;984
717;985
717;986
717;987
717;988
717;989
717;990
717;991
717;992
717;993
717;994
717;995
717;996
717;997
717;998
717;999
717;1000
717;1001
717;1002
717;1003
717;1004
717;1005
717;1006
717;1007
717;1008
717;1009
717;1010
717;1011
717;1012
717;1013
717;1014
717;1015
717;1016
717;1017
717;1018
717;1019
717;1020
717;1021
717;1022
717;1023
717;1024
717;1025
717;1026
717;1027
717;1028
717;1029
717;1030
717;1031
717;1032
717;1033
717;1034
717;1035
717;1036
717;1037
717;1038
717;1039
717;1040
717;1041
717;1042
717;1043
717;1044
717;1045
717;1046
717;1047
717;1048
717;1049
717;1050
717;1051
717;1052
717;1053
717;1054
717;1055
717;1056
717;1057
717;1058
717;1059
717;1060
717;1061
717;1062
717;1063
717;1064
717;1065
717;1066
717;1067
717;1068
717;1069
717;1070
717;1071
717;1072
717;1073
718;274
718;276
718;277
718;278
718;279
718;280
718;281
718;282
718;283
718;284
718;285
718;286
718;287
718;288
718;289
718;290
718;291
718;292
718;293
718;294
718;295
718;296
718;297
718;298
718;299
718;300
718;301
718;302
718;303
718;304
718;305
718;306
718;307
718;308
718;309
718;310
718;311
718;312
718;313
718;314
718;315
718;316
718;317
718;318
718;319
718;320
718;321
718;322
718;323
718;324
718;325
718;326
718;327
718;328
718;329
718;330
718;331
718;332
718;333
718;334
718;335
718;336
718;967
718;968
718;969
718;970
718;971
718;972
718;973
718;974
718;975
718;976
718;977
718;978
718;979
718;980
718;981
718;982
718;983
718;984
718;985
718;986
718;987
718;988
718;989
718;990
718;991
718;992
718;993
718;994
718;995
718;996
718;997
718;998
718;999
718;1000
718;1001
718;1002
718;1003
718;1004
718;1005
718;1006
718;1007
718;1008
718;1009
718;1010
718;1011
718;1012
718;1013
718;1014
718;1015
718;1016
718;1017
718;1018
718;1019
718;1020
718;1021
718;1022
718;1023
718;1024
718;1025
718;1026
718;1027
718;1028
718;1029
718;1030
718;1031
718;1032
718;1033
718;1034
718;1035
718;1036
718;1037
718;1038
718;1039
718;1040
718;1041
718;1042
718;1043
718;1044
718;1045
718;1046
718;1047
718;1048
718;1049
718;1050
718;1051
718;1052
718;1053
718;1054
718;1055
718;1056
718;1057
718;1058
718;1059
718;1060
718;1061
718;1062
718;1063
718;1064
718;1065
718;1066
718;1067
718;1068
718;1069
718;1070
718;1071
718;1072
718;1073
719;278
719;280
719;281
719;282
719;283
719;284
719;285
719;286
719;287
719;288
719;289
719;290
719;291
719;292
719;293
719;294
719;295
719;296
719;297
719;298
719;299
719;300
719;301
719;302
719;303
719;304
719;305
719;306
719;307
719;308
719;309
719;310
719;311
719;312
719;313
719;314
719;315
719;316
719;317
719;318
719;319
719;320
719;321
719;322
719;323
719;324
719;325
719;326
719;327
719;328
719;329
719;330
719;331
719;332
719;333
719;334
719;335
719;967
719;968
719;969
719;970
719;971
719;972
719;973
719;974
719;975
719;976
719;977
719;978
719;979
719;980
719;981
719;982
719;983
719;984
719;985
719;986
719;987
719;988
719;989
719;990
719;991
719;992
719;993
719;994
719;995
719;996
719;997
719;998
719;999
719;1000
719;1001
719;1002
719;1003
719;1004
719;1005
719;1006
719;1007
719;1008
719;1009
719;1010
719;1011
719;1012
719;1013
719;1014
719;1015
719;1016
719;1017
719;1018
719;1019
719;1020
719;1021
719;1022
719;1023
719;1024
719;1025
719;1026
719;1027
719;1028
719;1029
719;1030
719;1031
719;1032
719;1033
719;1034
719;1035
719;1036
719;1037
719;1038
719;1039
719;1040
719;1041
719;1042
719;1043
719;1044
719;1045
719;1046
719;1047
719;1048
719;1049
719;1050
719;1051
719;1052
719;1053
719;1054
719;1055
719;1056
719;1057
719;1058
719;1059
719;1060
719;1061
719;1062
719;1063
719;1064
719;1065
719;1066
719;1067
719;1068
719;1069
719;1070
719;1071
719;1072
719;1073
720;284
720;286
720;287
720;288
720;289
720;290
720;291
720;292
720;293
720;294
720;295
720;296
720;297
720;298
720;299
720;300
720;301
720;302
720;303
720;304
720;305
720;306
720;307
720;308
720;309
720;310
720;311
720;312
720;313
720;314
720;315
720;316
720;317
720;318
720;319
720;320
720;321
720;322
720;323
720;324
720;325
720;326
720;327
720;328
720;329
720;330
720;331
720;332
720;333
720;334
720;335
720;967
720;968
720;969
720;970
720;971
720;972
720;973
720;974
720;975
720;976
720;977
720;978
720;979
720;980
720;981
720;982
720;983
720;984
720;985
720;986
720;987
720;988
720;989
720;990
720;991
720;992
720;993
720;994
720;995
720;996
720;997
720;998
720;999
720;1000
720;1001
720;1002
720;1003
720;1004
720;1005
720;1006
720;1007
720;1008
720;1009
720;1010
720;1011
720;1012
720;1013
720;1014
720;1015
720;1016
720;1017
720;1018
720;1019
720;1020
720;1021
720;1022
720;1023
720;1024
720;1025
720;1026
720;1027
720;1028
720;1029
720;1030
720;1031
720;1032
720;1033
720;1034
720;1035
720;1036
720;1037
720;1038
720;1039
720;1040
720;1041
720;1042
720;1043
720;1044
720;1045
720;1046
720;1047
720;1048
720;1049
720;1050
720;1051
720;1052
720;1053
720;1054
720;1055
720;1056
720;1057
720;1058
720;1059
720;1060
720;1061
720;1062
720;1063
720;1064
720;1065
720;1066
720;1067
720;1068
720;1069
720;1070
720;1071
720;1072
720;1073
721;290
721;291
721;292
721;293
721;294
721;295
721;296
721;297
721;298
721;299
721;300
721;301
721;302
721;303
721;304
721;305
721;306
721;307
721;308
721;309
721;310
721;311
721;312
721;313
721;314
721;315
721;316
721;317
721;318
721;319
721;320
721;321
721;322
721;323
721;324
721;325
721;326
721;327
721;328
721;329
721;330
721;331
721;332
721;333
721;334
721;335
721;967
721;968
721;969
721;970
721;971
721;972
721;973
721;974
721;975
721;976
721;977
721;978
721;979
721;980
721;981
721;982
721;983
721;984
721;985
721;986
721;987
721;988
721;989
721;990
721;991
721;992
721;993
721;994
721;995
721;996
721;997
721;998
721;999
721;1000
721;1001
721;1002
721;1003
721;1004
721;1005
721;1006
721;1007
721;1008
721;1009
721;1010
721;1011
721;1012
721;1013
721;1014
721;1015
721;1016
721;1017
721;1018
721;1019
721;1020
721;1021
721;1022
721;1023
721;1024
721;1025
721;1026
721;1027
721;1028
721;1029
721;1030
721;1031
721;1032
721;1033
721;1034
721;1035
721;1036
721;1037
721;1038
721;1039
721;1040
721;1041
721;1042
721;1043
721;1044
721;1045
721;1046
721;1047
721;1048
721;1049
721;1050
721;1051
721;1052
721;1053
721;1054
721;1055
721;1056
721;1057
721;1058
721;1059
721;1060
721;1061
721;1062
721;1063
721;1064
721;1065
721;1066
721;1067
721;1068
721;1069
721;1070
721;1071
721;1072
721;1073
722;294
722;296
722;297
722;298
722;299
722;300
722;301
722;302
722;303
722;304
722;305
722;306
722;307
722;308
722;309
722;310
722;311
722;312
722;313
722;314
722;315
722;316
722;317
722;318
722;319
722;320
722;321
722;322
722;323
722;324
722;325
722;326
722;327
722;328
722;329
722;330
722;331
722;332
722;333
722;334
722;967
722;968
722;969
722;970
722;971
722;972
722;973
722;974
722;975
722;976
722;977
722;978
722;979
722;980
722;981
722;982
722;983
722;984
722;985
722;986
722;987
722;988
722;989
722;990
722;991
722;992
722;993
722;994
722;995
722;996
722;997
722;998
722;999
722;1000
722;1001
722;1002
722;1003
722;1004
722;1005
722;1006
722;1007
722;1008
722;1009
722;1010
722;1011
722;1012
722;1013
722;1014
722;1015
722;1016
722;1017
722;1018
722;1019
722;1020
722;1021
722;1022
722;1023
722;1024
722;1025
722;1026
722;1027
722;1028
722;1029
722;1030
722;1031
722;1032
722;1033
722;1034
722;1035
722;1036
722;1037
722;1038
722;1039
722;1040
722;1041
722;1042
722;1043
722;1044
722;1045
722;1046
722;1047
722;1048
722;1049
722;1050
722;1051
722;1052
722;1053
722;1054
722;1055
722;1056
722;1057
722;1058
722;1059
722;1060
722;1061
722;1062
722;1063
722;1064
722;1065
722;1066
722;1067
722;1068
722;1069
722;1070
722;1071
722;1072
722;1073
723;300
723;302
723;303
723;304
723;305
723;306
723;307
723;308
723;309
723;310
723;311
723;312
723;313
723;314
723;315
723;316
723;317
723;318
723;319
723;320
723;321
723;322
723;323
723;324
723;325
723;326
723;327
723;328
723;329
723;330
723;331
723;332
723;333
723;334
723;967
723;968
723;969
723;970
723;971
723;972
723;973
723;974
723;975
723;976
723;977
723;978
723;979
723;980
723;981
723;982
723;983
723;984
723;985
723;986
723;987
723;988
723;989
723;990
723;991
723;992
723;993
723;994
723;995
723;996
723;997
723;998
723;999
723;1000
723;1001
723;1002
723;1003
723;1004
723;1005
723;1006
723;1007
723;1008
723;1009
723;1010
723;1011
723;1012
723;1013
723;1014
723;1015
723;1016
723;1017
723;1018
723;1019
723;1020
723;1021
723;1022
723;1023
723;1024
723;1025
723;1026
723;1027
723;1028
723;1029
723;1030
723;1031
723;1032
723;1033
723;1034
723;1035
723;1036
723;1037
723;1038
723;1039
723;1040
723;1041
723;1042
723;1043
723;1044
723;1045
723;1046
723;1047
723;1048
723;1049
723;1050
723;1051
723;1052
723;1053
723;1054
723;1055
723;1056
723;1057
723;1058
723;1059
723;1060
723;1061
723;1062
723;1063
723;1064
723;1065
723;1066
723;1067
723;1068
723;1069
723;1070
723;1071
723;1072
723;1073
724;304
724;306
724;307
724;308
724;309
724;310
724;311
724;312
724;313
724;314
724;315
724;316
724;317
724;318
724;319
724;320
724;321
724;322
724;323
724;324
724;325
724;326
724;327
724;328
724;329
724;330
724;331
724;332
724;333
724;334
724;967
724;968
724;969
724;970
724;971
724;972
724;973
724;974
724;975
724;976
724;977
724;978
724;979
724;980
724;981
724;982
724;983
724;984
724;985
724;986
724;987
724;988
724;989
724;990
724;991
724;992
724;993
724;994
724;995
724;996
724;997
724;998
724;999
724;1000
724;1001
724;1002
724;1003
724;1004
724;1005
724;1006
724;1007
724;1008
724;1009
724;1010
724;1011
724;1012
724;1013
724;1014
724;1015
724;1016
724;1017
724;1018
724;1019
724;1020
724;1021
724;1022
724;1023
724;1024
724;1025
724;1026
724;1027
724;1028
724;1029
724;1030
724;1031
724;1032
724;1033
724;1034
724;1035
724;1036
724;1037
724;1038
724;1039
724;1040
724;1041
724;1042
724;1043
724;1044
724;1045
724;1046
724;1047
724;1048
724;1049
724;1050
724;1051
724;1052
724;1053
724;1054
724;1055
724;1056
724;1057
724;1058
724;1059
724;1060
724;1061
724;1062
724;1063
724;1064
724;1065
724;1066
724;1067
724;1068
724;1069
724;1070
724;1071
724;1072
724;1073
725;310
725;312
725;313
725;314
725;315
725;316
725;317
725;318
725;319
725;320
725;321
725;322
725;323
725;324
725;325
725;326
725;327
725;328
725;329
725;330
725;331
725;332
725;333
725;334
725;967
725;968
725;969
725;970
725;971
725;972
725;973
725;974
725;975
725;976
725;977
725;978
725;979
725;980
725;981
725;982
725;983
725;984
725;985
725;986
725;987
725;988
725;989
725;990
725;991
725;992
725;993
725;994
725;995
725;996
725;997
725;998
725;999
725;1000
725;1001
725;1002
725;1003
725;1004
725;1005
725;1006
725;1007
725;1008
725;1009
725;1010
725;1011
725;1012
725;1013
725;1014
725;1015
725;1016
725;1017
725;1018
725;1019
725;1020
725;1021
725;1022
725;1023
725;1024
725;1025
725;1026
725;1027
725;1028
725;1029
725;1030
725;1031
725;1032
725;1033
725;1034
725;1035
725;1036
725;1037
725;1038
725;1039
725;1040
725;1041
725;1042
725;1043
725;1044
725;1045
725;1046
725;1047
725;1048
725;1049
725;1050
725;1051
725;1052
725;1053
725;1054
725;1055
725;1056
725;1057
725;1058
725;1059
725;1060
725;1061
725;1062
725;1063
725;1064
725;1065
725;1066
725;1067
725;1068
725;1069
725;1070
725;1071
725;1072
725;1073
726;316
726;317
726;318
726;319
726;320
726;321
726;322
726;323
726;324
726;325
726;326
726;327
726;328
726;329
726;330
726;331
726;332
726;333
726;334
726;967
726;968
726;969
726;970
726;971
726;972
726;973
726;974
726;975
726;976
726;977
726;978
726;979
726;980
726;981
726;982
726;983
726;984
726;985
726;986
726;987
726;988
726;989
726;990
726;991
726;992
726;993
726;994
726;995
726;996
726;997
726;998
726;999
726;1000
726;1001
726;1002
726;1003
726;1004
726;1005
726;1006
726;1007
726;1008
726;1009
726;1010
726;1011
726;1012
726;1013
726;1014
726;1015
726;1016
726;1017
726;1018
726;1019
726;1020
726;1021
726;1022
726;1023
726;1024
726;1025
726;1026
726;1027
726;1028
726;1029
726;1030
726;1031
726;1032
726;1033
726;1034
726;1035
726;1036
726;1037
726;1038
726;1039
726;1040
726;1041
726;1042
726;1043
726;1044
726;1045
726;1046
726;1047
726;1048
726;1049
726;1050
726;1051
726;1052
726;1053
726;1054
726;1055
726;1056
726;1057
726;1058
726;1059
726;1060
726;1061
726;1062
726;1063
726;1064
726;1065
726;1066
726;1067
726;1068
726;1069
726;1070
726;1071
726;1072
726;1073
727;320
727;322
727;323
727;324
727;325
727;326
727;327
727;328
727;329
727;330
727;331
727;332
727;333
727;967
727;968
727;969
727;970
727;971
727;972
727;973
727;974
727;975
727;976
727;977
727;978
727;979
727;980
727;981
727;982
727;983
727;984
727;985
727;986
727;987
727;988
727;989
727;990
727;991
727;992
727;993
727;994
727;995
727;996
727;997
727;998
727;999
727;1000
727;1001
727;1002
727;1003
727;1004
727;1005
727;1006
727;1007
727;1008
727;1009
727;1010
727;1011
727;1012
727;1013
727;1014
727;1015
727;1016
727;1017
727;1018
727;1019
727;1020
727;1021
727;1022
727;1023
727;1024
727;1025
727;1026
727;1027
727;1028
727;1029
727;1030
727;1031
727;1032
727;1033
727;1034
727;1035
727;1036
727;1037
727;1038
727;1039
727;1040
727;1041
727;1042
727;1043
727;1044
727;1045
727;1046
727;1047
727;1048
727;1049
727;1050
727;1051
727;1052
727;1053
727;1054
727;1055
727;1056
727;1057
727;1058
727;1059
727;1060
727;1061
727;1062
727;1063
727;1064
727;1065
727;1066
727;1067
727;1068
727;1069
727;1070
727;1071
727;1072
727;1073
728;326
728;328
728;329
728;330
728;331
728;332
728;333
728;967
728;968
728;969
728;970
728;971
728;972
728;973
728;974
728;975
728;976
728;977
728;978
728;979
728;980
728;981
728;982
728;983
728;984
728;985
728;986
728;987
728;988
728;989
728;990
728;991
728;992
728;993
728;994
728;995
728;996
728;997
728;998
728;999
728;1000
728;1001
728;1002
728;1003
728;1004
728;1005
728;1006
728;1007
728;1008
728;1009
728;1010
728;1011
728;1012
728;1013
728;1014
728;1015
728;1016
728;1017
728;1018
728;1019
728;1020
728;1021
728;1022
728;1023
728;1024
728;1025
728;1026
728;1027
728;1028
728;1029
728;1030
728;1031
728;1032
728;1033
728;1034
728;1035
728;1036
728;1037
728;1038
728;1039
728;1040
728;1041
728;1042
728;1043
728;1044
728;1045
728;1046
728;1047
728;1048
728;1049
728;1050
728;1051
728;1052
728;1053
728;1054
728;1055
728;1056
728;1057
728;1058
728;1059
728;1060
728;1061
728;1062
728;1063
728;1064
728;1065
728;1066
728;1067
728;1068
728;1069
728;1070
728;1071
728;1072
728;1073
729;332
729;333
729;968
729;969
729;970
729;971
729;972
729;973
729;974
729;975
729;976
729;977
729;978
729;979
729;980
729;981
729;982
729;983
729;984
729;985
729;986
729;987
729;988
729;989
729;990
729;991
729;992
729;993
729;994
729;995
729;996
729;997
729;998
729;999
729;1000
729;1001
729;1002
729;1003
729;1004
729;1005
729;1006
729;1007
729;1008
729;1009
729;1010
729;1011
729;1012
729;1013
729;1014
729;1015
729;1016
729;1017
729;1018
729;1019
729;1020
729;1021
729;1022
729;1023
729;1024
729;1025
729;1026
729;1027
729;1028
729;1029
729;1030
729;1031
729;1032
729;1033
729;1034
729;1035
729;1036
729;1037
729;1038
729;1039
729;1040
729;1041
729;1042
729;1043
729;1044
729;1045
729;1046
729;1047
729;1048
729;1049
729;1050
729;1051
729;1052
729;1053
729;1054
729;1055
729;1056
729;1057
729;1058
729;1059
729;1060
729;1061
729;1062
729;1063
729;1064
729;1065
729;1066
729;1067
729;1068
729;1069
729;1070
729;1071
729;1072
729;1073
730;968
730;969
730;970
730;971
730;972
730;973
730;974
730;975
730;976
730;977
730;978
730;979
730;980
730;981
730;982
730;983
730;984
730;985
730;986
730;987
730;988
730;989
730;990
730;991
730;992
730;993
730;994
730;995
730;996
730;997
730;998
730;999
730;1000
730;1001
730;1002
730;1003
730;1004
730;1005
730;1006
730;1007
730;1008
730;1009
730;1010
730;1011
730;1012
730;1013
730;1014
730;1015
730;1016
730;1017
730;1018
730;1019
730;1020
730;1021
730;1022
730;1023
730;1024
730;1025
730;1026
730;1027
730;1028
730;1029
730;1030
730;1031
730;1032
730;1033
730;1034
730;1035
730;1036
730;1037
730;1038
730;1039
730;1040
730;1041
730;1042
730;1043
730;1044
730;1045
730;1046
730;1047
730;1048
730;1049
730;1050
730;1051
730;1052
730;1053
730;1054
730;1055
730;1056
730;1057
730;1058
730;1059
730;1060
730;1061
730;1062
730;1063
730;1064
730;1065
730;1066
730;1067
730;1068
730;1069
730;1070
730;1071
730;1072
730;1073
731;968
731;969
731;970
731;971
731;972
731;973
731;974
731;975
731;976
731;977
731;978
731;979
731;980
731;981
731;982
731;983
731;984
731;985
731;986
731;987
731;988
731;989
731;990
731;991
731;992
731;993
731;994
731;995
731;996
731;997
731;998
731;999
731;1000
731;1001
731;1002
731;1003
731;1004
731;1005
731;1006
731;1007
731;1008
731;1009
731;1010
731;1011
731;1012
731;1013
731;1014
731;1015
731;1016
731;1017
731;1018
731;1019
731;1020
731;1021
731;1022
731;1023
731;1024
731;1025
731;1026
731;1027
731;1028
731;1029
731;1030
731;1031
731;1032
731;1033
731;1034
731;1035
731;1036
731;1037
731;1038
731;1039
731;1040
731;1041
731;1042
731;1043
731;1044
731;1045
731;1046
731;1047
731;1048
731;1049
731;1050
731;1051
731;1052
731;1053
731;1054
731;1055
731;1056
731;1057
731;1058
731;1059
731;1060
731;1061
731;1062
731;1063
731;1064
731;1065
731;1066
731;1067
731;1068
731;1069
731;1070
731;1071
731;1072
731;1073
732;968
732;969
732;970
732;971
732;972
732;973
732;974
732;975
732;976
732;977
732;978
732;979
732;980
732;981
732;982
732;983
732;984
732;985
732;986
732;987
732;988
732;989
732;990
732;991
732;992
732;993
732;994
732;995
732;996
732;997
732;998
732;999
732;1000
732;1001
732;1002
732;1003
732;1004
732;1005
732;1006
732;1007
732;1008
732;1009
732;1010
732;1011
732;1012
732;1013
732;1014
732;1015
732;1016
732;1017
732;1018
732;1019
732;1020
732;1021
732;1022
732;1023
732;1024
732;1025
732;1026
732;1027
732;1028
732;1029
732;1030
732;1031
732;1032
732;1033
732;1034
732;1035
732;1036
732;1037
732;1038
732;1039
732;1040
732;1041
732;1042
732;1043
732;1044
732;1045
732;1046
732;1047
732;1048
732;1049
732;1050
732;1051
732;1052
732;1053
732;1054
732;1055
732;1056
732;1057
732;1058
732;1059
732;1060
732;1061
732;1062
732;1063
732;1064
732;1065
732;1066
732;1067
732;1068
732;1069
732;1070
732;1071
732;1072
732;1073
733;968
733;969
733;970
733;971
733;972
733;973
733;974
733;975
733;976
733;977
733;978
733;979
733;980
733;981
733;982
733;983
733;984
733;985
733;986
733;987
733;988
733;989
733;990
733;991
733;992
733;993
733;994
733;995
733;996
733;997
733;998
733;999
733;1000
733;1001
733;1002
733;1003
733;1004
733;1005
733;1006
733;1007
733;1008
733;1009
733;1010
733;1011
733;1012
733;1013
733;1014
733;1015
733;1016
733;1017
733;1018
733;1019
733;1020
733;1021
733;1022
733;1023
733;1024
733;1025
733;1026
733;1027
733;1028
733;1029
733;1030
733;1031
733;1032
733;1033
733;1034
733;1035
733;1036
733;1037
733;1038
733;1039
733;1040
733;1041
733;1042
733;1043
733;1044
733;1045
733;1046
733;1047
733;1048
733;1049
733;1050
733;1051
733;1052
733;1053
733;1054
733;1055
733;1056
733;1057
733;1058
733;1059
733;1060
733;1061
733;1062
733;1063
733;1064
733;1065
733;1066
733;1067
733;1068
733;1069
733;1070
733;1071
733;1072
733;1073
734;968
734;969
734;970
734;971
734;972
734;973
734;974
734;975
734;976
734;977
734;978
734;979
734;980
734;981
734;982
734;983
734;984
734;985
734;986
734;987
734;988
734;989
734;990
734;991
734;992
734;993
734;994
734;995
734;996
734;997
734;998
734;999
734;1000
734;1001
734;1002
734;1003
734;1004
734;1005
734;1006
734;1007
734;1008
734;1009
734;1010
734;1011
734;1012
734;1013
734;1014
734;1015
734;1016
734;1017
734;1018
734;1019
734;1020
734;1021
734;1022
734;1023
734;1024
734;1025
734;1026
734;1027
734;1028
734;1029
734;1030
734;1031
734;1032
734;1033
734;1034
734;1035
734;1036
734;1037
734;1038
734;1039
734;1040
734;1041
734;1042
734;1043
734;1044
734;1045
734;1046
734;1047
734;1048
734;1049
734;1050
734;1051
734;1052
734;1053
734;1054
734;1055
734;1056
734;1057
734;1058
734;1059
734;1060
734;1061
734;1062
734;1063
734;1064
734;1065
734;1066
734;1067
734;1068
734;1069
734;1070
734;1071
734;1072
734;1073
735;968
735;969
735;970
735;971
735;972
735;973
735;974
735;975
735;976
735;977
735;978
735;979
735;980
735;981
735;982
735;983
735;984
735;985
735;986
735;987
735;988
735;989
735;990
735;991
735;992
735;993
735;994
735;995
735;996
735;997
735;998
735;999
735;1000
735;1001
735;1002
735;1003
735;1004
735;1005
735;1006
735;1007
735;1008
735;1009
735;1010
735;1011
735;1012
735;1013
735;1014
735;1015
735;1016
735;1017
735;1018
735;1019
735;1020
735;1021
735;1022
735;1023
735;1024
735;1025
735;1026
735;1027
735;1028
735;1029
735;1030
735;1031
735;1032
735;1033
735;1034
735;1035
735;1036
735;1037
735;1038
735;1039
735;1040
735;1041
735;1042
735;1043
735;1044
735;1045
735;1046
735;1047
735;1048
735;1049
735;1050
735;1051
735;1052
735;1053
735;1054
735;1055
735;1056
735;1057
735;1058
735;1059
735;1060
735;1061
735;1062
735;1063
735;1064
735;1065
735;1066
735;1067
735;1068
735;1069
735;1070
735;1071
735;1072
735;1073
736;968
736;969
736;970
736;971
736;972
736;973
736;974
736;975
736;976
736;977
736;978
736;979
736;980
736;981
736;982
736;983
736;984
736;985
736;986
736;987
736;988
736;989
736;990
736;991
736;992
736;993
736;994
736;995
736;996
736;997
736;998
736;999
736;1000
736;1001
736;1002
736;1003
736;1004
736;1005
736;1006
736;1007
736;1008
736;1009
736;1010
736;1011
736;1012
736;1013
736;1014
736;1015
736;1016
736;1017
736;1018
736;1019
736;1020
736;1021
736;1022
736;1023
736;1024
736;1025
736;1026
736;1027
736;1028
736;1029
736;1030
736;1031
736;1032
736;1033
736;1034
736;1035
736;1036
736;1037
736;1038
736;1039
736;1040
736;1041
736;1042
736;1043
736;1044
736;1045
736;1046
736;1047
736;1048
736;1049
736;1050
736;1051
736;1052
736;1053
736;1054
736;1055
736;1056
736;1057
736;1058
736;1059
736;1060
736;1061
736;1062
736;1063
736;1064
736;1065
736;1066
736;1067
736;1068
736;1069
736;1070
736;1071
736;1072
736;1073
737;968
737;969
737;970
737;971
737;972
737;973
737;974
737;975
737;976
737;977
737;978
737;979
737;980
737;981
737;982
737;983
737;984
737;985
737;986
737;987
737;988
737;989
737;990
737;991
737;992
737;993
737;994
737;995
737;996
737;997
737;998
737;999
737;1000
737;1001
737;1002
737;1003
737;1004
737;1005
737;1006
737;1007
737;1008
737;1009
737;1010
737;1011
737;1012
737;1013
737;1014
737;1015
737;1016
737;1017
737;1018
737;1019
737;1020
737;1021
737;1022
737;1023
737;1024
737;1025
737;1026
737;1027
737;1028
737;1029
737;1030
737;1031
737;1032
737;1033
737;1034
737;1035
737;1036
737;1037
737;1038
737;1039
737;1040
737;1041
737;1042
737;1043
737;1044
737;1045
737;1046
737;1047
737;1048
737;1049
737;1050
737;1051
737;1052
737;1053
737;1054
737;1055
737;1056
737;1057
737;1058
737;1059
737;1060
737;1061
737;1062
737;1063
737;1064
737;1065
737;1066
737;1067
737;1068
737;1069
737;1070
737;1071
737;1072
737;1073
738;968
738;969
738;970
738;971
738;972
738;973
738;974
738;975
738;976
738;977
738;978
738;979
738;980
738;981
738;982
738;983
738;984
738;985
738;986
738;987
738;988
738;989
738;990
738;991
738;992
738;993
738;994
738;995
738;996
738;997
738;998
738;999
738;1000
738;1001
738;1002
738;1003
738;1004
738;1005
738;1006
738;1007
738;1008
738;1009
738;1010
738;1011
738;1012
738;1013
738;1014
738;1015
738;1016
738;1017
738;1018
738;1019
738;1020
738;1021
738;1022
738;1023
738;1024
738;1025
738;1026
738;1027
738;1028
738;1029
738;1030
738;1031
738;1032
738;1033
738;1034
738;1035
738;1036
738;1037
738;1038
738;1039
738;1040
738;1041
738;1042
738;1043
738;1044
738;1045
738;1046
738;1047
738;1048
738;1049
738;1050
738;1051
738;1052
738;1053
738;1054
738;1055
738;1056
738;1057
738;1058
738;1059
738;1060
738;1061
738;1062
738;1063
738;1064
738;1065
738;1066
738;1067
738;1068
738;1069
738;1070
738;1071
738;1072
738;1073
739;968
739;969
739;970
739;971
739;972
739;973
739;974
739;975
739;976
739;977
739;978
739;979
739;980
739;981
739;982
739;983
739;984
739;985
739;986
739;987
739;988
739;989
739;990
739;991
739;992
739;993
739;994
739;995
739;996
739;997
739;998
739;999
739;1000
739;1001
739;1002
739;1003
739;1004
739;1005
739;1006
739;1007
739;1008
739;1009
739;1010
739;1011
739;1012
739;1013
739;1014
739;1015
739;1016
739;1017
739;1018
739;1019
739;1020
739;1021
739;1022
739;1023
739;1024
739;1025
739;1026
739;1027
739;1028
739;1029
739;1030
739;1031
739;1032
739;1033
739;1034
739;1035
739;1036
739;1037
739;1038
739;1039
739;1040
739;1041
739;1042
739;1043
739;1044
739;1045
739;1046
739;1047
739;1048
739;1049
739;1050
739;1051
739;1052
739;1053
739;1054
739;1055
739;1056
739;1057
739;1058
739;1059
739;1060
739;1061
739;1062
739;1063
739;1064
739;1065
739;1066
739;1067
739;1068
739;1069
739;1070
739;1071
739;1072
739;1073
740;968
740;969
740;970
740;971
740;972
740;973
740;974
740;975
740;976
740;977
740;978
740;979
740;980
740;981
740;982
740;983
740;984
740;985
740;986
740;987
740;988
740;989
740;990
740;991
740;992
740;993
740;994
740;995
740;996
740;997
740;998
740;999
740;1000
740;1001
740;1002
740;1003
740;1004
740;1005
740;1006
740;1007
740;1008
740;1009
740;1010
740;1011
740;1012
740;1013
740;1014
740;1015
740;1016
740;1017
740;1018
740;1019
740;1020
740;1021
740;1022
740;1023
740;1024
740;1025
740;1026
740;1027
740;1028
740;1029
740;1030
740;1031
740;1032
740;1033
740;1034
740;1035
740;1036
740;1037
740;1038
740;1039
740;1040
740;1041
740;1042
740;1043
740;1044
740;1045
740;1046
740;1047
740;1048
740;1049
740;1050
740;1051
740;1052
740;1053
740;1054
740;1055
740;1056
740;1057
740;1058
740;1059
740;1060
740;1061
740;1062
740;1063
740;1064
740;1065
740;1066
740;1067
740;1068
740;1069
740;1070
740;1071
740;1072
740;1073
741;969
741;970
741;971
741;972
741;973
741;974
741;975
741;976
741;977
741;978
741;979
741;980
741;981
741;982
741;983
741;984
741;985
741;986
741;987
741;988
741;989
741;990
741;991
741;992
741;993
741;994
741;995
741;996
741;997
741;998
741;999
741;1000
741;1001
741;1002
741;1003
741;1004
741;1005
741;1006
741;1007
741;1008
741;1009
741;1010
741;1011
741;1012
741;1013
741;1014
741;1015
741;1016
741;1017
741;1018
741;1019
741;1020
741;1021
741;1022
741;1023
741;1024
741;1025
741;1026
741;1027
741;1028
741;1029
741;1030
741;1031
741;1032
741;1033
741;1034
741;1035
741;1036
741;1037
741;1038
741;1039
741;1040
741;1041
741;1042
741;1043
741;1044
741;1045
741;1046
741;1047
741;1048
741;1049
741;1050
741;1051
741;1052
741;1053
741;1054
741;1055
741;1056
741;1057
741;1058
741;1059
741;1060
741;1061
741;1062
741;1063
741;1064
741;1065
741;1066
741;1067
741;1068
741;1069
741;1070
741;1071
741;1072
741;1073
742;969
742;970
742;971
742;972
742;973
742;974
742;975
742;976
742;977
742;978
742;979
742;980
742;981
742;982
742;983
742;984
742;985
742;986
742;987
742;988
742;989
742;990
742;991
742;992
742;993
742;994
742;995
742;996
742;997
742;998
742;999
742;1000
742;1001
742;1002
742;1003
742;1004
742;1005
742;1006
742;1007
742;1008
742;1009
742;1010
742;1011
742;1012
742;1013
742;1014
742;1015
742;1016
742;1017
742;1018
742;1019
742;1020
742;1021
742;1022
742;1023
742;1024
742;1025
742;1026
742;1027
742;1028
742;1029
742;1030
742;1031
742;1032
742;1033
742;1034
742;1035
742;1036
742;1037
742;1038
742;1039
742;1040
742;1041
742;1042
742;1043
742;1044
742;1045
742;1046
742;1047
742;1048
742;1049
742;1050
742;1051
742;1052
742;1053
742;1054
742;1055
742;1056
742;1057
742;1058
742;1059
742;1060
742;1061
742;1062
742;1063
742;1064
742;1065
742;1066
742;1067
742;1068
742;1069
742;1070
742;1071
742;1072
742;1073
743;969
743;970
743;971
743;972
743;973
743;974
743;975
743;976
743;977
743;978
743;979
743;980
743;981
743;982
743;983
743;984
743;985
743;986
743;987
743;988
743;989
743;990
743;991
743;992
743;993
743;994
743;995
743;996
743;997
743;998
743;999
743;1000
743;1001
743;1002
743;1003
743;1004
743;1005
743;1006
743;1007
743;1008
743;1009
743;1010
743;1011
743;1012
743;1013
743;1014
743;1015
743;1016
743;1017
743;1018
743;1019
743;1020
743;1021
743;1022
743;1023
743;1024
743;1025
743;1026
743;1027
743;1028
743;1029
743;1030
743;1031
743;1032
743;1033
743;1034
743;1035
743;1036
743;1037
743;1038
743;1039
743;1040
743;1041
743;1042
743;1043
743;1044
743;1045
743;1046
743;1047
743;1048
743;1049
743;1050
743;1051
743;1052
743;1053
743;1054
743;1055
743;1056
743;1057
743;1058
743;1059
743;1060
743;1061
743;1062
743;1063
743;1064
743;1065
743;1066
743;1067
743;1068
743;1069
743;1070
743;1071
743;1072
743;1073
744;969
744;970
744;971
744;972
744;973
744;974
744;975
744;976
744;977
744;978
744;979
744;980
744;981
744;982
744;983
744;984
744;985
744;986
744;987
744;988
744;989
744;990
744;991
744;992
744;993
744;994
744;995
744;996
744;997
744;998
744;999
744;1000
744;1001
744;1002
744;1003
744;1004
744;1005
744;1006
744;1007
744;1008
744;1009
744;1010
744;1011
744;1012
744;1013
744;1014
744;1015
744;1016
744;1017
744;1018
744;1019
744;1020
744;1021
744;1022
744;1023
744;1024
744;1025
744;1026
744;1027
744;1028
744;1029
744;1030
744;1031
744;1032
744;1033
744;1034
744;1035
744;1036
744;1037
744;1038
744;1039
744;1040
744;1041
744;1042
744;1043
744;1044
744;1045
744;1046
744;1047
744;1048
744;1049
744;1050
744;1051
744;1052
744;1053
744;1054
744;1055
744;1056
744;1057
744;1058
744;1059
744;1060
744;1061
744;1062
744;1063
744;1064
744;1065
744;1066
744;1067
744;1068
744;1069
744;1070
744;1071
744;1072
744;1073
745;969
745;970
745;971
745;972
745;973
745;974
745;975
745;976
745;977
745;978
745;979
745;980
745;981
745;982
745;983
745;984
745;985
745;986
745;987
745;988
745;989
745;990
745;991
745;992
745;993
745;994
745;995
745;996
745;997
745;998
745;999
745;1000
745;1001
745;1002
745;1003
745;1004
745;1005
745;1006
745;1007
745;1008
745;1009
745;1010
745;1011
745;1012
745;1013
745;1014
745;1015
745;1016
745;1017
745;1018
745;1019
745;1020
745;1021
745;1022
745;1023
745;1024
745;1025
745;1026
745;1027
745;1028
745;1029
745;1030
745;1031
745;1032
745;1033
745;1034
745;1035
745;1036
745;1037
745;1038
745;1039
745;1040
745;1041
745;1042
745;1043
745;1044
745;1045
745;1046
745;1047
745;1048
745;1049
745;1050
745;1051
745;1052
745;1053
745;1054
745;1055
745;1056
745;1057
745;1058
745;1059
745;1060
745;1061
745;1062
745;1063
745;1064
745;1065
745;1066
745;1067
745;1068
745;1069
745;1070
745;1071
745;1072
745;1073
746;969
746;970
746;971
746;972
746;973
746;974
746;975
746;976
746;977
746;978
746;979
746;980
746;981
746;982
746;983
746;984
746;985
746;986
746;987
746;988
746;989
746;990
746;991
746;992
746;993
746;994
746;995
746;996
746;997
746;998
746;999
746;1000
746;1001
746;1002
746;1003
746;1004
746;1005
746;1006
746;1007
746;1008
746;1009
746;1010
746;1011
746;1012
746;1013
746;1014
746;1015
746;1016
746;1017
746;1018
746;1019
746;1020
746;1021
746;1022
746;1023
746;1024
746;1025
746;1026
746;1027
746;1028
746;1029
746;1030
746;1031
746;1032
746;1033
746;1034
746;1035
746;1036
746;1037
746;1038
746;1039
746;1040
746;1041
746;1042
746;1043
746;1044
746;1045
746;1046
746;1047
746;1048
746;1049
746;1050
746;1051
746;1052
746;1053
746;1054
746;1055
746;1056
746;1057
746;1058
746;1059
746;1060
746;1061
746;1062
746;1063
746;1064
746;1065
746;1066
746;1067
746;1068
746;1069
746;1070
746;1071
746;1072
746;1073
747;969
747;970
747;971
747;972
747;973
747;974
747;975
747;976
747;977
747;978
747;979
747;980
747;981
747;982
747;983
747;984
747;985
747;986
747;987
747;988
747;989
747;990
747;991
747;992
747;993
747;994
747;995
747;996
747;997
747;998
747;999
747;1000
747;1001
747;1002
747;1003
747;1004
747;1005
747;1006
747;1007
747;1008
747;1009
747;1010
747;1011
747;1012
747;1013
747;1014
747;1015
747;1016
747;1017
747;1018
747;1019
747;1020
747;1021
747;1022
747;1023
747;1024
747;1025
747;1026
747;1027
747;1028
747;1029
747;1030
747;1031
747;1032
747;1033
747;1034
747;1035
747;1036
747;1037
747;1038
747;1039
747;1040
747;1041
747;1042
747;1043
747;1044
747;1045
747;1046
747;1047
747;1048
747;1049
747;1050
747;1051
747;1052
747;1053
747;1054
747;1055
747;1056
747;1057
747;1058
747;1059
747;1060
747;1061
747;1062
747;1063
747;1064
747;1065
747;1066
747;1067
747;1068
747;1069
747;1070
747;1071
747;1072
747;1073
748;969
748;970
748;971
748;972
748;973
748;974
748;975
748;976
748;977
748;978
748;979
748;980
748;981
748;982
748;983
748;984
748;985
748;986
748;987
748;988
748;989
748;990
748;991
748;992
748;993
748;994
748;995
748;996
748;997
748;998
748;999
748;1000
748;1001
748;1002
748;1003
748;1004
748;1005
748;1006
748;1007
748;1008
748;1009
748;1010
748;1011
748;1012
748;1013
748;1014
748;1015
748;1016
748;1017
748;1018
748;1019
748;1020
748;1021
748;1022
748;1023
748;1024
748;1025
748;1026
748;1027
748;1028
748;1029
748;1030
748;1031
748;1032
748;1033
748;1034
748;1035
748;1036
748;1037
748;1038
748;1039
748;1040
748;1041
748;1042
748;1043
748;1044
748;1045
748;1046
748;1047
748;1048
748;1049
748;1050
748;1051
748;1052
748;1053
748;1054
748;1055
748;1056
748;1057
748;1058
748;1059
748;1060
748;1061
748;1062
748;1063
748;1064
748;1065
748;1066
748;1067
748;1068
748;1069
748;1070
748;1071
748;1072
748;1073
749;969
749;970
749;971
749;972
749;973
749;974
749;975
749;976
749;977
749;978
749;979
749;980
749;981
749;982
749;983
749;984
749;985
749;986
749;987
749;988
749;989
749;990
749;991
749;992
749;993
749;994
749;995
749;996
749;997
749;998
749;999
749;1000
749;1001
749;1002
749;1003
749;1004
749;1005
749;1006
749;1007
749;1008
749;1009
749;1010
749;1011
749;1012
749;1013
749;1014
749;1015
749;1016
749;1017
749;1018
749;1019
749;1020
749;1021
749;1022
749;1023
749;1024
749;1025
749;1026
749;1027
749;1028
749;1029
749;1030
749;1031
749;1032
749;1033
749;1034
749;1035
749;1036
749;1037
749;1038
749;1039
749;1040
749;1041
749;1042
749;1043
749;1044
749;1045
749;1046
749;1047
749;1048
749;1049
749;1050
749;1051
749;1052
749;1053
749;1054
749;1055
749;1056
749;1057
749;1058
749;1059
749;1060
749;1061
749;1062
749;1063
749;1064
749;1065
749;1066
749;1067
749;1068
749;1069
749;1070
749;1071
749;1072
749;1073
750;969
750;970
750;971
750;972
750;973
750;974
750;975
750;976
750;977
750;978
750;979
750;980
750;981
750;982
750;983
750;984
750;985
750;986
750;987
750;988
750;989
750;990
750;991
750;992
750;993
750;994
750;995
750;996
750;997
750;998
750;999
750;1000
750;1001
750;1002
750;1003
750;1004
750;1005
750;1006
750;1007
750;1008
750;1009
750;1010
750;1011
750;1012
750;1013
750;1014
750;1015
750;1016
750;1017
750;1018
750;1019
750;1020
750;1021
750;1022
750;1023
750;1024
750;1025
750;1026
750;1027
750;1028
750;1029
750;1030
750;1031
750;1032
750;1033
750;1034
750;1035
750;1036
750;1037
750;1038
750;1039
750;1040
750;1041
750;1042
750;1043
750;1044
750;1045
750;1046
750;1047
750;1048
750;1049
750;1050
750;1051
750;1052
750;1053
750;1054
750;1055
750;1056
750;1057
750;1058
750;1059
750;1060
750;1061
750;1062
750;1063
750;1064
750;1065
750;1066
750;1067
750;1068
750;1069
750;1070
750;1071
750;1072
750;1073
751;969
751;970
751;971
751;972
751;973
751;974
751;975
751;976
751;977
751;978
751;979
751;980
751;981
751;982
751;983
751;984
751;985
751;986
751;987
751;988
751;989
751;990
751;991
751;992
751;993
751;994
751;995
751;996
751;997
751;998
751;999
751;1000
751;1001
751;1002
751;1003
751;1004
751;1005
751;1006
751;1007
751;1008
751;1009
751;1010
751;1011
751;1012
751;1013
751;1014
751;1015
751;1016
751;1017
751;1018
751;1019
751;1020
751;1021
751;1022
751;1023
751;1024
751;1025
751;1026
751;1027
751;1028
751;1029
751;1030
751;1031
751;1032
751;1033
751;1034
751;1035
751;1036
751;1037
751;1038
751;1039
751;1040
751;1041
751;1042
751;1043
751;1044
751;1045
751;1046
751;1047
751;1048
751;1049
751;1050
751;1051
751;1052
751;1053
751;1054
751;1055
751;1056
751;1057
751;1058
751;1059
751;1060
751;1061
751;1062
751;1063
751;1064
751;1065
751;1066
751;1067
751;1068
751;1069
751;1070
751;1071
751;1072
751;1073
752;969
752;970
752;971
752;972
752;973
752;974
752;975
752;976
752;977
752;978
752;979
752;980
752;981
752;982
752;983
752;984
752;985
752;986
752;987
752;988
752;989
752;990
752;991
752;992
752;993
752;994
752;995
752;996
752;997
752;998
752;999
752;1000
752;1001
752;1002
752;1003
752;1004
752;1005
752;1006
752;1007
752;1008
752;1009
752;1010
752;1011
752;1012
752;1013
752;1014
752;1015
752;1016
752;1017
752;1018
752;1019
752;1020
752;1021
752;1022
752;1023
752;1024
752;1025
752;1026
752;1027
752;1028
752;1029
752;1030
752;1031
752;1032
752;1033
752;1034
752;1035
752;1036
752;1037
752;1038
752;1039
752;1040
752;1041
752;1042
752;1043
752;1044
752;1045
752;1046
752;1047
752;1048
752;1049
752;1050
752;1051
752;1052
752;1053
752;1054
752;1055
752;1056
752;1057
752;1058
752;1059
752;1060
752;1061
752;1062
752;1063
752;1064
752;1065
752;1066
752;1067
752;1068
752;1069
752;1070
752;1071
752;1072
752;1073
753;970
753;971
753;972
753;973
753;974
753;975
753;976
753;977
753;978
753;979
753;980
753;981
753;982
753;983
753;984
753;985
753;986
753;987
753;988
753;989
753;990
753;991
753;992
753;993
753;994
753;995
753;996
753;997
753;998
753;999
753;1000
753;1001
753;1002
753;1003
753;1004
753;1005
753;1006
753;1007
753;1008
753;1009
753;1010
753;1011
753;1012
753;1013
753;1014
753;1015
753;1016
753;1017
753;1018
753;1019
753;1020
753;1021
753;1022
753;1023
753;1024
753;1025
753;1026
753;1027
753;1028
753;1029
753;1030
753;1031
753;1032
753;1033
753;1034
753;1035
753;1036
753;1037
753;1038
753;1039
753;1040
753;1041
753;1042
753;1043
753;1044
753;1045
753;1046
753;1047
753;1048
753;1049
753;1050
753;1051
753;1052
753;1053
753;1054
753;1055
753;1056
753;1057
753;1058
753;1059
753;1060
753;1061
753;1062
753;1063
753;1064
753;1065
753;1066
753;1067
753;1068
753;1069
753;1070
753;1071
753;1072
753;1073
754;970
754;971
754;972
754;973
754;974
754;975
754;976
754;977
754;978
754;979
754;980
754;981
754;982
754;983
754;984
754;985
754;986
754;987
754;988
754;989
754;990
754;991
754;992
754;993
754;994
754;995
754;996
754;997
754;998
754;999
754;1000
754;1001
754;1002
754;1003
754;1004
754;1005
754;1006
754;1007
754;1008
754;1009
754;1010
754;1011
754;1012
754;1013
754;1014
754;1015
754;1016
754;1017
754;1018
754;1019
754;1020
754;1021
754;1022
754;1023
754;1024
754;1025
754;1026
754;1027
754;1028
754;1029
754;1030
754;1031
754;1032
754;1033
754;1034
754;1035
754;1036
754;1037
754;1038
754;1039
754;1040
754;1041
754;1042
754;1043
754;1044
754;1045
754;1046
754;1047
754;1048
754;1049
754;1050
754;1051
754;1052
754;1053
754;1054
754;1055
754;1056
754;1057
754;1058
754;1059
754;1060
754;1061
754;1062
754;1063
754;1064
754;1065
754;1066
754;1067
754;1068
754;1069
754;1070
754;1071
754;1072
754;1073
755;970
755;971
755;972
755;973
755;974
755;975
755;976
755;977
755;978
755;979
755;980
755;981
755;982
755;983
755;984
755;985
755;986
755;987
755;988
755;989
755;990
755;991
755;992
755;993
755;994
755;995
755;996
755;997
755;998
755;999
755;1000
755;1001
755;1002
755;1003
755;1004
755;1005
755;1006
755;1007
755;1008
755;1009
755;1010
755;1011
755;1012
755;1013
755;1014
755;1015
755;1016
755;1017
755;1018
755;1019
755;1020
755;1021
755;1022
755;1023
755;1024
755;1025
755;1026
755;1027
755;1028
755;1029
755;1030
755;1031
755;1032
755;1033
755;1034
755;1035
755;1036
755;1037
755;1038
755;1039
755;1040
755;1041
755;1042
755;1043
755;1044
755;1045
755;1046
755;1047
755;1048
755;1049
755;1050
755;1051
755;1052
755;1053
755;1054
755;1055
755;1056
755;1057
755;1058
755;1059
755;1060
755;1061
755;1062
755;1063
755;1064
755;1065
755;1066
755;1067
755;1068
755;1069
755;1070
755;1071
755;1072
755;1073
756;970
756;971
756;972
756;973
756;974
756;975
756;976
756;977
756;978
756;979
756;980
756;981
756;982
756;983
756;984
756;985
756;986
756;987
756;988
756;989
756;990
756;991
756;992
756;993
756;994
756;995
756;996
756;997
756;998
756;999
756;1000
756;1001
756;1002
756;1003
756;1004
756;1005
756;1006
756;1007
756;1008
756;1009
756;1010
756;1011
756;1012
756;1013
756;1014
756;1015
756;1016
756;1017
756;1018
756;1019
756;1020
756;1021
756;1022
756;1023
756;1024
756;1025
756;1026
756;1027
756;1028
756;1029
756;1030
756;1031
756;1032
756;1033
756;1034
756;1035
756;1036
756;1037
756;1038
756;1039
756;1040
756;1041
756;1042
756;1043
756;1044
756;1045
756;1046
756;1047
756;1048
756;1049
756;1050
756;1051
756;1052
756;1053
756;1054
756;1055
756;1056
756;1057
756;1058
756;1059
756;1060
756;1061
756;1062
756;1063
756;1064
756;1065
756;1066
756;1067
756;1068
756;1069
756;1070
756;1071
756;1072
756;1073
757;970
757;971
757;972
757;973
757;974
757;975
757;976
757;977
757;978
757;979
757;980
757;981
757;982
757;983
757;984
757;985
757;986
757;987
757;988
757;989
757;990
757;991
757;992
757;993
757;994
757;995
757;996
757;997
757;998
757;999
757;1000
757;1001
757;1002
757;1003
757;1004
757;1005
757;1006
757;1007
757;1008
757;1009
757;1010
757;1011
757;1012
757;1013
757;1014
757;1015
757;1016
757;1017
757;1018
757;1019
757;1020
757;1021
757;1022
757;1023
757;1024
757;1025
757;1026
757;1027
757;1028
757;1029
757;1030
757;1031
757;1032
757;1033
757;1034
757;1035
757;1036
757;1037
757;1038
757;1039
757;1040
757;1041
757;1042
757;1043
757;1044
757;1045
757;1046
757;1047
757;1048
757;1049
757;1050
757;1051
757;1052
757;1053
757;1054
757;1055
757;1056
757;1057
757;1058
757;1059
757;1060
757;1061
757;1062
757;1063
757;1064
757;1065
757;1066
757;1067
757;1068
757;1069
757;1070
757;1071
757;1072
757;1073
758;591
758;592
758;593
758;594
758;970
758;971
758;972
758;973
758;974
758;975
758;976
758;977
758;978
758;979
758;980
758;981
758;982
758;983
758;984
758;985
758;986
758;987
758;988
758;989
758;990
758;991
758;992
758;993
758;994
758;995
758;996
758;997
758;998
758;999
758;1000
758;1001
758;1002
758;1003
758;1004
758;1005
758;1006
758;1007
758;1008
758;1009
758;1010
758;1011
758;1012
758;1013
758;1014
758;1015
758;1016
758;1017
758;1018
758;1019
758;1020
758;1021
758;1022
758;1023
758;1024
758;1025
758;1026
758;1027
758;1028
758;1029
758;1030
758;1031
758;1032
758;1033
758;1034
758;1035
758;1036
758;1037
758;1038
758;1039
758;1040
758;1041
758;1042
758;1043
758;1044
758;1045
758;1046
758;1047
758;1048
758;1049
758;1050
758;1051
758;1052
758;1053
758;1054
758;1055
758;1056
758;1057
758;1058
758;1059
758;1060
758;1061
758;1062
758;1063
758;1064
758;1065
758;1066
758;1067
758;1068
758;1069
758;1070
758;1071
758;1072
758;1073
759;589
759;590
759;591
759;592
759;593
759;594
759;595
759;970
759;971
759;972
759;973
759;974
759;975
759;976
759;977
759;978
759;979
759;980
759;981
759;982
759;983
759;984
759;985
759;986
759;987
759;988
759;989
759;990
759;991
759;992
759;993
759;994
759;995
759;996
759;997
759;998
759;999
759;1000
759;1001
759;1002
759;1003
759;1004
759;1005
759;1006
759;1007
759;1008
759;1009
759;1010
759;1011
759;1012
759;1013
759;1014
759;1015
759;1016
759;1017
759;1018
759;1019
759;1020
759;1021
759;1022
759;1023
759;1024
759;1025
759;1026
759;1027
759;1028
759;1029
759;1030
759;1031
759;1032
759;1033
759;1034
759;1035
759;1036
759;1037
759;1038
759;1039
759;1040
759;1041
759;1042
759;1043
759;1044
759;1045
759;1046
759;1047
759;1048
759;1049
759;1050
759;1051
759;1052
759;1053
759;1054
759;1055
759;1056
759;1057
759;1058
759;1059
759;1060
759;1061
759;1062
759;1063
759;1064
759;1065
759;1066
759;1067
759;1068
759;1069
759;1070
759;1071
759;1072
760;585
760;586
760;587
760;588
760;589
760;590
760;591
760;592
760;593
760;594
760;595
760;970
760;971
760;972
760;973
760;974
760;975
760;976
760;977
760;978
760;979
760;980
760;981
760;982
760;983
760;984
760;985
760;986
760;987
760;988
760;989
760;990
760;991
760;992
760;993
760;994
760;995
760;996
760;997
760;998
760;999
760;1000
760;1001
760;1002
760;1003
760;1004
760;1005
760;1006
760;1007
760;1008
760;1009
760;1010
760;1011
760;1012
760;1013
760;1014
760;1015
760;1016
760;1017
760;1018
760;1019
760;1020
760;1021
760;1022
760;1023
760;1024
760;1025
760;1026
760;1027
760;1028
760;1029
760;1030
760;1031
760;1032
760;1033
760;1034
760;1035
760;1036
760;1037
760;1038
760;1039
760;1040
760;1041
760;1042
760;1043
760;1044
760;1045
760;1046
760;1047
760;1048
760;1049
760;1050
760;1051
760;1052
760;1053
760;1054
760;1055
760;1056
760;1057
760;1058
760;1059
760;1060
760;1061
760;1062
760;1063
760;1064
760;1065
760;1066
760;1067
760;1068
760;1069
760;1070
761;583
761;584
761;585
761;586
761;587
761;588
761;589
761;590
761;591
761;592
761;593
761;594
761;595
761;970
761;971
761;972
761;973
761;974
761;975
761;976
761;977
761;978
761;979
761;980
761;981
761;982
761;983
761;984
761;985
761;986
761;987
761;988
761;989
761;990
761;991
761;992
761;993
761;994
761;995
761;996
761;997
761;998
761;999
761;1000
761;1001
761;1002
761;1003
761;1004
761;1005
761;1006
761;1007
761;1008
761;1009
761;1010
761;1011
761;1012
761;1013
761;1014
761;1015
761;1016
761;1017
761;1018
761;1019
761;1020
761;1021
761;1022
761;1023
761;1024
761;1025
761;1026
761;1027
761;1028
761;1029
761;1030
761;1031
761;1032
761;1033
761;1034
761;1035
761;1036
761;1037
761;1038
761;1039
761;1040
761;1041
761;1042
761;1043
761;1044
761;1045
761;1046
761;1047
761;1048
761;1049
761;1050
761;1051
761;1052
761;1053
761;1054
761;1055
761;1056
761;1057
761;1058
761;1059
761;1060
761;1061
761;1062
761;1063
761;1064
761;1065
761;1066
761;1067
761;1068
762;579
762;580
762;581
762;582
762;583
762;584
762;585
762;586
762;587
762;588
762;589
762;590
762;591
762;592
762;593
762;594
762;595
762;596
762;970
762;971
762;972
762;973
762;974
762;975
762;976
762;977
762;978
762;979
762;980
762;981
762;982
762;983
762;984
762;985
762;986
762;987
762;988
762;989
762;990
762;991
762;992
762;993
762;994
762;995
762;996
762;997
762;998
762;999
762;1000
762;1001
762;1002
762;1003
762;1004
762;1005
762;1006
762;1007
762;1008
762;1009
762;1010
762;1011
762;1012
762;1013
762;1014
762;1015
762;1016
762;1017
762;1018
762;1019
762;1020
762;1021
762;1022
762;1023
762;1024
762;1025
762;1026
762;1027
762;1028
762;1029
762;1030
762;1031
762;1032
762;1033
762;1034
762;1035
762;1036
762;1037
762;1038
762;1039
762;1040
762;1041
762;1042
762;1043
762;1044
762;1045
762;1046
762;1047
762;1048
762;1049
762;1050
762;1051
762;1052
762;1053
762;1054
762;1055
762;1056
762;1057
762;1058
762;1059
762;1060
762;1061
762;1062
762;1063
762;1064
762;1065
762;1066
763;575
763;577
763;578
763;579
763;580
763;581
763;582
763;583
763;584
763;585
763;586
763;587
763;588
763;589
763;590
763;591
763;592
763;593
763;594
763;595
763;596
763;970
763;971
763;972
763;973
763;974
763;975
763;976
763;977
763;978
763;979
763;980
763;981
763;982
763;983
763;984
763;985
763;986
763;987
763;988
763;989
763;990
763;991
763;992
763;993
763;994
763;995
763;996
763;997
763;998
763;999
763;1000
763;1001
763;1002
763;1003
763;1004
763;1005
763;1006
763;1007
763;1008
763;1009
763;1010
763;1011
763;1012
763;1013
763;1014
763;1015
763;1016
763;1017
763;1018
763;1019
763;1020
763;1021
763;1022
763;1023
763;1024
763;1025
763;1026
763;1027
763;1028
763;1029
763;1030
763;1031
763;1032
763;1033
763;1034
763;1035
763;1036
763;1037
763;1038
763;1039
763;1040
763;1041
763;1042
763;1043
763;1044
763;1045
763;1046
763;1047
763;1048
763;1049
763;1050
763;1051
763;1052
763;1053
763;1054
763;1055
763;1056
763;1057
763;1058
763;1059
763;1060
763;1061
763;1062
763;1063
763;1064
763;1065
764;573
764;574
764;575
764;576
764;577
764;578
764;579
764;580
764;581
764;582
764;583
764;584
764;585
764;586
764;587
764;588
764;589
764;590
764;591
764;592
764;593
764;594
764;595
764;596
764;597
764;970
764;971
764;972
764;973
764;974
764;975
764;976
764;977
764;978
764;979
764;980
764;981
764;982
764;983
764;984
764;985
764;986
764;987
764;988
764;989
764;990
764;991
764;992
764;993
764;994
764;995
764;996
764;997
764;998
764;999
764;1000
764;1001
764;1002
764;1003
764;1004
764;1005
764;1006
764;1007
764;1008
764;1009
764;1010
764;1011
764;1012
764;1013
764;1014
764;1015
764;1016
764;1017
764;1018
764;1019
764;1020
764;1021
764;1022
764;1023
764;1024
764;1025
764;1026
764;1027
764;1028
764;1029
764;1030
764;1031
764;1032
764;1033
764;1034
764;1035
764;1036
764;1037
764;1038
764;1039
764;1040
764;1041
764;1042
764;1043
764;1044
764;1045
764;1046
764;1047
764;1048
764;1049
764;1050
764;1051
764;1052
764;1053
764;1054
764;1055
764;1056
764;1057
764;1058
764;1059
764;1060
764;1061
764;1062
764;1063
764;1064
765;569
765;571
765;572
765;573
765;574
765;575
765;576
765;577
765;578
765;579
765;580
765;581
765;582
765;583
765;584
765;585
765;586
765;587
765;588
765;589
765;590
765;591
765;592
765;593
765;594
765;595
765;596
765;597
765;971
765;972
765;973
765;974
765;975
765;976
765;977
765;978
765;979
765;980
765;981
765;982
765;983
765;984
765;985
765;986
765;987
765;988
765;989
765;990
765;991
765;992
765;993
765;994
765;995
765;996
765;997
765;998
765;999
765;1000
765;1001
765;1002
765;1003
765;1004
765;1005
765;1006
765;1007
765;1008
765;1009
765;1010
765;1011
765;1012
765;1013
765;1014
765;1015
765;1016
765;1017
765;1018
765;1019
765;1020
765;1021
765;1022
765;1023
765;1024
765;1025
765;1026
765;1027
765;1028
765;1029
765;1030
765;1031
765;1032
765;1033
765;1034
765;1035
765;1036
765;1037
765;1038
765;1039
765;1040
765;1041
765;1042
765;1043
765;1044
765;1045
765;1046
765;1047
765;1048
765;1049
765;1050
765;1051
765;1052
765;1053
765;1054
765;1055
765;1056
765;1057
765;1058
765;1059
765;1060
765;1061
765;1062
766;567
766;568
766;569
766;570
766;571
766;572
766;573
766;574
766;575
766;576
766;577
766;578
766;579
766;580
766;581
766;582
766;583
766;584
766;585
766;586
766;587
766;588
766;589
766;590
766;591
766;592
766;593
766;594
766;595
766;596
766;597
766;971
766;972
766;973
766;974
766;975
766;976
766;977
766;978
766;979
766;980
766;981
766;982
766;983
766;984
766;985
766;986
766;987
766;988
766;989
766;990
766;991
766;992
766;993
766;994
766;995
766;996
766;997
766;998
766;999
766;1000
766;1001
766;1002
766;1003
766;1004
766;1005
766;1006
766;1007
766;1008
766;1009
766;1010
766;1011
766;1012
766;1013
766;1014
766;1015
766;1016
766;1017
766;1018
766;1019
766;1020
766;1021
766;1022
766;1023
766;1024
766;1025
766;1026
766;1027
766;1028
766;1029
766;1030
766;1031
766;1032
766;1033
766;1034
766;1035
766;1036
766;1037
766;1038
766;1039
766;1040
766;1041
766;1042
766;1043
766;1044
766;1045
766;1046
766;1047
766;1048
766;1049
766;1050
766;1051
766;1052
766;1053
766;1054
766;1055
766;1056
766;1057
766;1058
766;1059
766;1060
767;563
767;565
767;566
767;567
767;568
767;569
767;570
767;571
767;572
767;573
767;574
767;575
767;576
767;577
767;578
767;579
767;580
767;581
767;582
767;583
767;584
767;585
767;586
767;587
767;588
767;589
767;590
767;591
767;592
767;593
767;594
767;595
767;596
767;597
767;598
767;971
767;972
767;973
767;974
767;975
767;976
767;977
767;978
767;979
767;980
767;981
767;982
767;983
767;984
767;985
767;986
767;987
767;988
767;989
767;990
767;991
767;992
767;993
767;994
767;995
767;996
767;997
767;998
767;999
767;1000
767;1001
767;1002
767;1003
767;1004
767;1005
767;1006
767;1007
767;1008
767;1009
767;1010
767;1011
767;1012
767;1013
767;1014
767;1015
767;1016
767;1017
767;1018
767;1019
767;1020
767;1021
767;1022
767;1023
767;1024
767;1025
767;1026
767;1027
767;1028
767;1029
767;1030
767;1031
767;1032
767;1033
767;1034
767;1035
767;1036
767;1037
767;1038
767;1039
767;1040
767;1041
767;1042
767;1043
767;1044
767;1045
767;1046
767;1047
767;1048
767;1049
767;1050
767;1051
767;1052
767;1053
767;1054
767;1055
767;1056
767;1057
767;1058
768;561
768;562
768;563
768;564
768;565
768;566
768;567
768;568
768;569
768;570
768;571
768;572
768;573
768;574
768;575
768;576
768;577
768;578
768;579
768;580
768;581
768;582
768;583
768;584
768;585
768;586
768;587
768;588
768;589
768;590
768;591
768;592
768;593
768;594
768;595
768;596
768;597
768;598
768;971
768;972
768;973
768;974
768;975
768;976
768;977
768;978
768;979
768;980
768;981
768;982
768;983
768;984
768;985
768;986
768;987
768;988
768;989
768;990
768;991
768;992
768;993
768;994
768;995
768;996
768;997
768;998
768;999
768;1000
768;1001
768;1002
768;1003
768;1004
768;1005
768;1006
768;1007
768;1008
768;1009
768;1010
768;1011
768;1012
768;1013
768;1014
768;1015
768;1016
768;1017
768;1018
768;1019
768;1020
768;1021
768;1022
768;1023
768;1024
768;1025
768;1026
768;1027
768;1028
768;1029
768;1030
768;1031
768;1032
768;1033
768;1034
768;1035
768;1036
768;1037
768;1038
768;1039
768;1040
768;1041
768;1042
768;1043
768;1044
768;1045
768;1046
768;1047
768;1048
768;1049
768;1050
768;1051
768;1052
768;1053
768;1054
768;1055
768;1056
769;557
769;558
769;559
769;560
769;561
769;562
769;563
769;564
769;565
769;566
769;567
769;568
769;569
769;570
769;571
769;572
769;573
769;574
769;575
769;576
769;577
769;578
769;579
769;580
769;581
769;582
769;583
769;584
769;585
769;586
769;587
769;588
769;589
769;590
769;591
769;592
769;593
769;594
769;595
769;596
769;597
769;598
769;599
769;971
769;972
769;973
769;974
769;975
769;976
769;977
769;978
769;979
769;980
769;981
769;982
769;983
769;984
769;985
769;986
769;987
769;988
769;989
769;990
769;991
769;992
769;993
769;994
769;995
769;996
769;997
769;998
769;999
769;1000
769;1001
769;1002
769;1003
769;1004
769;1005
769;1006
769;1007
769;1008
769;1009
769;1010
769;1011
769;1012
769;1013
769;1014
769;1015
769;1016
769;1017
769;1018
769;1019
769;1020
769;1021
769;1022
769;1023
769;1024
769;1025
769;1026
769;1027
769;1028
769;1029
769;1030
769;1031
769;1032
769;1033
769;1034
769;1035
769;1036
769;1037
769;1038
769;1039
769;1040
769;1041
769;1042
769;1043
769;1044
769;1045
769;1046
769;1047
769;1048
769;1049
769;1050
769;1051
769;1052
769;1053
769;1054
770;555
770;556
770;557
770;558
770;559
770;560
770;561
770;562
770;563
770;564
770;565
770;566
770;567
770;568
770;569
770;570
770;571
770;572
770;573
770;574
770;575
770;576
770;577
770;578
770;579
770;580
770;581
770;582
770;583
770;584
770;585
770;586
770;587
770;588
770;589
770;590
770;591
770;592
770;593
770;594
770;595
770;596
770;597
770;598
770;599
770;971
770;972
770;973
770;974
770;975
770;976
770;977
770;978
770;979
770;980
770;981
770;982
770;983
770;984
770;985
770;986
770;987
770;988
770;989
770;990
770;991
770;992
770;993
770;994
770;995
770;996
770;997
770;998
770;999
770;1000
770;1001
770;1002
770;1003
770;1004
770;1005
770;1006
770;1007
770;1008
770;1009
770;1010
770;1011
770;1012
770;1013
770;1014
770;1015
770;1016
770;1017
770;1018
770;1019
770;1020
770;1021
770;1022
770;1023
770;1024
770;1025
770;1026
770;1027
770;1028
770;1029
770;1030
770;1031
770;1032
770;1033
770;1034
770;1035
770;1036
770;1037
770;1038
770;1039
770;1040
770;1041
770;1042
770;1043
770;1044
770;1045
770;1046
770;1047
770;1048
770;1049
770;1050
770;1051
770;1052
770;1053
770;1054
771;551
771;552
771;553
771;554
771;555
771;556
771;557
771;558
771;559
771;560
771;561
771;562
771;563
771;564
771;565
771;566
771;567
771;568
771;569
771;570
771;571
771;572
771;573
771;574
771;575
771;576
771;577
771;578
771;579
771;580
771;581
771;582
771;583
771;584
771;585
771;586
771;587
771;588
771;589
771;590
771;591
771;592
771;593
771;594
771;595
771;596
771;597
771;598
771;599
771;971
771;972
771;973
771;974
771;975
771;976
771;977
771;978
771;979
771;980
771;981
771;982
771;983
771;984
771;985
771;986
771;987
771;988
771;989
771;990
771;991
771;992
771;993
771;994
771;995
771;996
771;997
771;998
771;999
771;1000
771;1001
771;1002
771;1003
771;1004
771;1005
771;1006
771;1007
771;1008
771;1009
771;1010
771;1011
771;1012
771;1013
771;1014
771;1015
771;1016
771;1017
771;1018
771;1019
771;1020
771;1021
771;1022
771;1023
771;1024
771;1025
771;1026
771;1027
771;1028
771;1029
771;1030
771;1031
771;1032
771;1033
771;1034
771;1035
771;1036
771;1037
771;1038
771;1039
771;1040
771;1041
771;1042
771;1043
771;1044
771;1045
771;1046
771;1047
771;1048
771;1049
771;1050
771;1051
771;1052
772;547
772;549
772;550
772;551
772;552
772;553
772;554
772;555
772;556
772;557
772;558
772;559
772;560
772;561
772;562
772;563
772;564
772;565
772;566
772;567
772;568
772;569
772;570
772;571
772;572
772;573
772;574
772;575
772;576
772;577
772;578
772;579
772;580
772;581
772;582
772;583
772;584
772;585
772;586
772;587
772;588
772;589
772;590
772;591
772;592
772;593
772;594
772;595
772;596
772;597
772;598
772;599
772;600
772;971
772;972
772;973
772;974
772;975
772;976
772;977
772;978
772;979
772;980
772;981
772;982
772;983
772;984
772;985
772;986
772;987
772;988
772;989
772;990
772;991
772;992
772;993
772;994
772;995
772;996
772;997
772;998
772;999
772;1000
772;1001
772;1002
772;1003
772;1004
772;1005
772;1006
772;1007
772;1008
772;1009
772;1010
772;1011
772;1012
772;1013
772;1014
772;1015
772;1016
772;1017
772;1018
772;1019
772;1020
772;1021
772;1022
772;1023
772;1024
772;1025
772;1026
772;1027
772;1028
772;1029
772;1030
772;1031
772;1032
772;1033
772;1034
772;1035
772;1036
772;1037
772;1038
772;1039
772;1040
772;1041
772;1042
772;1043
772;1044
772;1045
772;1046
772;1047
772;1048
772;1049
772;1050
773;545
773;546
773;547
773;548
773;549
773;550
773;551
773;552
773;553
773;554
773;555
773;556
773;557
773;558
773;559
773;560
773;561
773;562
773;563
773;564
773;565
773;566
773;567
773;568
773;569
773;570
773;571
773;572
773;573
773;574
773;575
773;576
773;577
773;578
773;579
773;580
773;581
773;582
773;583
773;584
773;585
773;586
773;587
773;588
773;589
773;590
773;591
773;592
773;593
773;594
773;595
773;596
773;597
773;598
773;599
773;600
773;601
773;971
773;972
773;973
773;974
773;975
773;976
773;977
773;978
773;979
773;980
773;981
773;982
773;983
773;984
773;985
773;986
773;987
773;988
773;989
773;990
773;991
773;992
773;993
773;994
773;995
773;996
773;997
773;998
773;999
773;1000
773;1001
773;1002
773;1003
773;1004
773;1005
773;1006
773;1007
773;1008
773;1009
773;1010
773;1011
773;1012
773;1013
773;1014
773;1015
773;1016
773;1017
773;1018
773;1019
773;1020
773;1021
773;1022
773;1023
773;1024
773;1025
773;1026
773;1027
773;1028
773;1029
773;1030
773;1031
773;1032
773;1033
773;1034
773;1035
773;1036
773;1037
773;1038
773;1039
773;1040
773;1041
773;1042
773;1043
773;1044
773;1045
773;1046
773;1047
773;1048
774;541
774;543
774;544
774;545
774;546
774;547
774;548
774;549
774;550
774;551
774;552
774;553
774;554
774;555
774;556
774;557
774;558
774;559
774;560
774;561
774;562
774;563
774;564
774;565
774;566
774;567
774;568
774;569
774;570
774;571
774;572
774;573
774;574
774;575
774;576
774;577
774;578
774;579
774;580
774;581
774;582
774;583
774;584
774;585
774;586
774;587
774;588
774;589
774;590
774;591
774;592
774;593
774;594
774;595
774;596
774;597
774;598
774;599
774;600
774;601
774;971
774;972
774;973
774;974
774;975
774;976
774;977
774;978
774;979
774;980
774;981
774;982
774;983
774;984
774;985
774;986
774;987
774;988
774;989
774;990
774;991
774;992
774;993
774;994
774;995
774;996
774;997
774;998
774;999
774;1000
774;1001
774;1002
774;1003
774;1004
774;1005
774;1006
774;1007
774;1008
774;1009
774;1010
774;1011
774;1012
774;1013
774;1014
774;1015
774;1016
774;1017
774;1018
774;1019
774;1020
774;1021
774;1022
774;1023
774;1024
774;1025
774;1026
774;1027
774;1028
774;1029
774;1030
774;1031
774;1032
774;1033
774;1034
774;1035
774;1036
774;1037
774;1038
774;1039
774;1040
774;1041
774;1042
774;1043
774;1044
774;1045
774;1046
775;539
775;540
775;541
775;542
775;543
775;544
775;545
775;546
775;547
775;548
775;549
775;550
775;551
775;552
775;553
775;554
775;555
775;556
775;557
775;558
775;559
775;560
775;561
775;562
775;563
775;564
775;565
775;566
775;567
775;568
775;569
775;570
775;571
775;572
775;573
775;574
775;575
775;576
775;577
775;578
775;579
775;580
775;581
775;582
775;583
775;584
775;585
775;586
775;587
775;588
775;589
775;590
775;591
775;592
775;593
775;594
775;595
775;596
775;597
775;598
775;599
775;600
775;601
775;971
775;972
775;973
775;974
775;975
775;976
775;977
775;978
775;979
775;980
775;981
775;982
775;983
775;984
775;985
775;986
775;987
775;988
775;989
775;990
775;991
775;992
775;993
775;994
775;995
775;996
775;997
775;998
775;999
775;1000
775;1001
775;1002
775;1003
775;1004
775;1005
775;1006
775;1007
775;1008
775;1009
775;1010
775;1011
775;1012
775;1013
775;1014
775;1015
775;1016
775;1017
775;1018
775;1019
775;1020
775;1021
775;1022
775;1023
775;1024
775;1025
775;1026
775;1027
775;1028
775;1029
775;1030
775;1031
775;1032
775;1033
775;1034
775;1035
775;1036
775;1037
775;1038
775;1039
775;1040
775;1041
775;1042
775;1043
775;1044
776;535
776;537
776;538
776;539
776;540
776;541
776;542
776;543
776;544
776;545
776;546
776;547
776;548
776;549
776;550
776;551
776;552
776;553
776;554
776;555
776;556
776;557
776;558
776;559
776;560
776;561
776;562
776;563
776;564
776;565
776;566
776;567
776;568
776;569
776;570
776;571
776;572
776;573
776;574
776;575
776;576
776;577
776;578
776;579
776;580
776;581
776;582
776;583
776;584
776;585
776;586
776;587
776;588
776;589
776;590
776;591
776;592
776;593
776;594
776;595
776;596
776;597
776;598
776;599
776;600
776;601
776;602
776;972
776;973
776;974
776;975
776;976
776;977
776;978
776;979
776;980
776;981
776;982
776;983
776;984
776;985
776;986
776;987
776;988
776;989
776;990
776;991
776;992
776;993
776;994
776;995
776;996
776;997
776;998
776;999
776;1000
776;1001
776;1002
776;1003
776;1004
776;1005
776;1006
776;1007
776;1008
776;1009
776;1010
776;1011
776;1012
776;1013
776;1014
776;1015
776;1016
776;1017
776;1018
776;1019
776;1020
776;1021
776;1022
776;1023
776;1024
776;1025
776;1026
776;1027
776;1028
776;1029
776;1030
776;1031
776;1032
776;1033
776;1034
776;1035
776;1036
776;1037
776;1038
776;1039
776;1040
776;1041
776;1042
777;533
777;534
777;535
777;536
777;537
777;538
777;539
777;540
777;541
777;542
777;543
777;544
777;545
777;546
777;547
777;548
777;549
777;550
777;551
777;552
777;553
777;554
777;555
777;556
777;557
777;558
777;559
777;560
777;561
777;562
777;563
777;564
777;565
777;566
777;567
777;568
777;569
777;570
777;571
777;572
777;573
777;574
777;575
777;576
777;577
777;578
777;579
777;580
777;581
777;582
777;583
777;584
777;585
777;586
777;587
777;588
777;589
777;590
777;591
777;592
777;593
777;594
777;595
777;596
777;597
777;598
777;599
777;600
777;601
777;602
777;972
777;973
777;974
777;975
777;976
777;977
777;978
777;979
777;980
777;981
777;982
777;983
777;984
777;985
777;986
777;987
777;988
777;989
777;990
777;991
777;992
777;993
777;994
777;995
777;996
777;997
777;998
777;999
777;1000
777;1001
777;1002
777;1003
777;1004
777;1005
777;1006
777;1007
777;1008
777;1009
777;1010
777;1011
777;1012
777;1013
777;1014
777;1015
777;1016
777;1017
777;1018
777;1019
777;1020
777;1021
777;1022
777;1023
777;1024
777;1025
777;1026
777;1027
777;1028
777;1029
777;1030
777;1031
777;1032
777;1033
777;1034
777;1035
777;1036
777;1037
777;1038
777;1039
777;1040
777;1041
777;1042
778;529
778;530
778;531
778;532
778;533
778;534
778;535
778;536
778;537
778;538
778;539
778;540
778;541
778;542
778;543
778;544
778;545
778;546
778;547
778;548
778;549
778;550
778;551
778;552
778;553
778;554
778;555
778;556
778;557
778;558
778;559
778;560
778;561
778;562
778;563
778;564
778;565
778;566
778;567
778;568
778;569
778;570
778;571
778;572
778;573
778;574
778;575
778;576
778;577
778;578
778;579
778;580
778;581
778;582
778;583
778;584
778;585
778;586
778;587
778;588
778;589
778;590
778;591
778;592
778;593
778;594
778;595
778;596
778;597
778;598
778;599
778;600
778;601
778;602
778;603
778;972
778;973
778;974
778;975
778;976
778;977
778;978
778;979
778;980
778;981
778;982
778;983
778;984
778;985
778;986
778;987
778;988
778;989
778;990
778;991
778;992
778;993
778;994
778;995
778;996
778;997
778;998
778;999
778;1000
778;1001
778;1002
778;1003
778;1004
778;1005
778;1006
778;1007
778;1008
778;1009
778;1010
778;1011
778;1012
778;1013
778;1014
778;1015
778;1016
778;1017
778;1018
778;1019
778;1020
778;1021
778;1022
778;1023
778;1024
778;1025
778;1026
778;1027
778;1028
778;1029
778;1030
778;1031
778;1032
778;1033
778;1034
778;1035
778;1036
778;1037
778;1038
778;1039
778;1040
779;527
779;528
779;529
779;530
779;531
779;532
779;533
779;534
779;535
779;536
779;537
779;538
779;539
779;540
779;541
779;542
779;543
779;544
779;545
779;546
779;547
779;548
779;549
779;550
779;551
779;552
779;553
779;554
779;555
779;556
779;557
779;558
779;559
779;560
779;561
779;562
779;563
779;564
779;565
779;566
779;567
779;568
779;569
779;570
779;571
779;572
779;573
779;574
779;575
779;576
779;577
779;578
779;579
779;580
779;581
779;582
779;583
779;584
779;585
779;586
779;587
779;588
779;589
779;590
779;591
779;592
779;593
779;594
779;595
779;596
779;597
779;598
779;599
779;600
779;601
779;602
779;603
779;972
779;973
779;974
779;975
779;976
779;977
779;978
779;979
779;980
779;981
779;982
779;983
779;984
779;985
779;986
779;987
779;988
779;989
779;990
779;991
779;992
779;993
779;994
779;995
779;996
779;997
779;998
779;999
779;1000
779;1001
779;1002
779;1003
779;1004
779;1005
779;1006
779;1007
779;1008
779;1009
779;1010
779;1011
779;1012
779;1013
779;1014
779;1015
779;1016
779;1017
779;1018
779;1019
779;1020
779;1021
779;1022
779;1023
779;1024
779;1025
779;1026
779;1027
779;1028
779;1029
779;1030
779;1031
779;1032
779;1033
779;1034
779;1035
779;1036
779;1037
779;1038
780;523
780;524
780;525
780;526
780;527
780;528
780;529
780;530
780;531
780;532
780;533
780;534
780;535
780;536
780;537
780;538
780;539
780;540
780;541
780;542
780;543
780;544
780;545
780;546
780;547
780;548
780;549
780;550
780;551
780;552
780;553
780;554
780;555
780;556
780;557
780;558
780;559
780;560
780;561
780;562
780;563
780;564
780;565
780;566
780;567
780;568
780;569
780;570
780;571
780;572
780;573
780;574
780;575
780;576
780;577
780;578
780;579
780;580
780;581
780;582
780;583
780;584
780;585
780;586
780;587
780;588
780;589
780;590
780;591
780;592
780;593
780;594
780;595
780;596
780;597
780;598
780;599
780;600
780;601
780;602
780;603
780;972
780;973
780;974
780;975
780;976
780;977
780;978
780;979
780;980
780;981
780;982
780;983
780;984
780;985
780;986
780;987
780;988
780;989
780;990
780;991
780;992
780;993
780;994
780;995
780;996
780;997
780;998
780;999
780;1000
780;1001
780;1002
780;1003
780;1004
780;1005
780;1006
780;1007
780;1008
780;1009
780;1010
780;1011
780;1012
780;1013
780;1014
780;1015
780;1016
780;1017
780;1018
780;1019
780;1020
780;1021
780;1022
780;1023
780;1024
780;1025
780;1026
780;1027
780;1028
780;1029
780;1030
780;1031
780;1032
780;1033
780;1034
780;1035
780;1036
781;519
781;521
781;522
781;523
781;524
781;525
781;526
781;527
781;528
781;529
781;530
781;531
781;532
781;533
781;534
781;535
781;536
781;537
781;538
781;539
781;540
781;541
781;542
781;543
781;544
781;545
781;546
781;547
781;548
781;549
781;550
781;551
781;552
781;553
781;554
781;555
781;556
781;557
781;558
781;559
781;560
781;561
781;562
781;563
781;564
781;565
781;566
781;567
781;568
781;569
781;570
781;571
781;572
781;573
781;574
781;575
781;576
781;577
781;578
781;579
781;580
781;581
781;582
781;583
781;584
781;585
781;586
781;587
781;588
781;589
781;590
781;591
781;592
781;593
781;594
781;595
781;596
781;597
781;598
781;599
781;600
781;601
781;602
781;603
781;604
781;972
781;973
781;974
781;975
781;976
781;977
781;978
781;979
781;980
781;981
781;982
781;983
781;984
781;985
781;986
781;987
781;988
781;989
781;990
781;991
781;992
781;993
781;994
781;995
781;996
781;997
781;998
781;999
781;1000
781;1001
781;1002
781;1003
781;1004
781;1005
781;1006
781;1007
781;1008
781;1009
781;1010
781;1011
781;1012
781;1013
781;1014
781;1015
781;1016
781;1017
781;1018
781;1019
781;1020
781;1021
781;1022
781;1023
781;1024
781;1025
781;1026
781;1027
781;1028
781;1029
781;1030
781;1031
781;1032
781;1033
781;1034
782;517
782;518
782;519
782;520
782;521
782;522
782;523
782;524
782;525
782;526
782;527
782;528
782;529
782;530
782;531
782;532
782;533
782;534
782;535
782;536
782;537
782;538
782;539
782;540
782;541
782;542
782;543
782;544
782;545
782;546
782;547
782;548
782;549
782;550
782;551
782;552
782;553
782;554
782;555
782;556
782;557
782;558
782;559
782;560
782;561
782;562
782;563
782;564
782;565
782;566
782;567
782;568
782;569
782;570
782;571
782;572
782;573
782;574
782;575
782;576
782;577
782;578
782;579
782;580
782;581
782;582
782;583
782;584
782;585
782;586
782;587
782;588
782;589
782;590
782;591
782;592
782;593
782;594
782;595
782;596
782;597
782;598
782;599
782;600
782;601
782;602
782;603
782;604
782;972
782;973
782;974
782;975
782;976
782;977
782;978
782;979
782;980
782;981
782;982
782;983
782;984
782;985
782;986
782;987
782;988
782;989
782;990
782;991
782;992
782;993
782;994
782;995
782;996
782;997
782;998
782;999
782;1000
782;1001
782;1002
782;1003
782;1004
782;1005
782;1006
782;1007
782;1008
782;1009
782;1010
782;1011
782;1012
782;1013
782;1014
782;1015
782;1016
782;1017
782;1018
782;1019
782;1020
782;1021
782;1022
782;1023
782;1024
782;1025
782;1026
782;1027
782;1028
782;1029
782;1030
782;1031
782;1032
783;513
783;515
783;516
783;517
783;518
783;519
783;520
783;521
783;522
783;523
783;524
783;525
783;526
783;527
783;528
783;529
783;530
783;531
783;532
783;533
783;534
783;535
783;536
783;537
783;538
783;539
783;540
783;541
783;542
783;543
783;544
783;545
783;546
783;547
783;548
783;549
783;550
783;551
783;552
783;553
783;554
783;555
783;556
783;557
783;558
783;559
783;560
783;561
783;562
783;563
783;564
783;565
783;566
783;567
783;568
783;569
783;570
783;571
783;572
783;573
783;574
783;575
783;576
783;577
783;578
783;579
783;580
783;581
783;582
783;583
783;584
783;585
783;586
783;587
783;588
783;589
783;590
783;591
783;592
783;593
783;594
783;595
783;596
783;597
783;598
783;599
783;600
783;601
783;602
783;603
783;604
783;605
783;972
783;973
783;974
783;975
783;976
783;977
783;978
783;979
783;980
783;981
783;982
783;983
783;984
783;985
783;986
783;987
783;988
783;989
783;990
783;991
783;992
783;993
783;994
783;995
783;996
783;997
783;998
783;999
783;1000
783;1001
783;1002
783;1003
783;1004
783;1005
783;1006
783;1007
783;1008
783;1009
783;1010
783;1011
783;1012
783;1013
783;1014
783;1015
783;1016
783;1017
783;1018
783;1019
783;1020
783;1021
783;1022
783;1023
783;1024
783;1025
783;1026
783;1027
783;1028
783;1029
783;1030
783;1031
784;511
784;512
784;513
784;514
784;515
784;516
784;517
784;518
784;519
784;520
784;521
784;522
784;523
784;524
784;525
784;526
784;527
784;528
784;529
784;530
784;531
784;532
784;533
784;534
784;535
784;536
784;537
784;538
784;539
784;540
784;541
784;542
784;543
784;544
784;545
784;546
784;547
784;548
784;549
784;550
784;551
784;552
784;553
784;554
784;555
784;556
784;557
784;558
784;559
784;560
784;561
784;562
784;563
784;564
784;565
784;566
784;567
784;568
784;569
784;570
784;571
784;572
784;573
784;574
784;575
784;576
784;577
784;578
784;579
784;580
784;581
784;582
784;583
784;584
784;585
784;586
784;587
784;588
784;589
784;590
784;591
784;592
784;593
784;594
784;595
784;596
784;597
784;598
784;599
784;600
784;601
784;602
784;603
784;604
784;605
784;972
784;973
784;974
784;975
784;976
784;977
784;978
784;979
784;980
784;981
784;982
784;983
784;984
784;985
784;986
784;987
784;988
784;989
784;990
784;991
784;992
784;993
784;994
784;995
784;996
784;997
784;998
784;999
784;1000
784;1001
784;1002
784;1003
784;1004
784;1005
784;1006
784;1007
784;1008
784;1009
784;1010
784;1011
784;1012
784;1013
784;1014
784;1015
784;1016
784;1017
784;1018
784;1019
784;1020
784;1021
784;1022
784;1023
784;1024
784;1025
784;1026
784;1027
784;1028
784;1029
784;1030
785;507
785;509
785;510
785;511
785;512
785;513
785;514
785;515
785;516
785;517
785;518
785;519
785;520
785;521
785;522
785;523
785;524
785;525
785;526
785;527
785;528
785;529
785;530
785;531
785;532
785;533
785;534
785;535
785;536
785;537
785;538
785;539
785;540
785;541
785;542
785;543
785;544
785;545
785;546
785;547
785;548
785;549
785;550
785;551
785;552
785;553
785;554
785;555
785;556
785;557
785;558
785;559
785;560
785;561
785;562
785;563
785;564
785;565
785;566
785;567
785;568
785;569
785;570
785;571
785;572
785;573
785;574
785;575
785;576
785;577
785;578
785;579
785;580
785;581
785;582
785;583
785;584
785;585
785;586
785;587
785;588
785;589
785;590
785;591
785;592
785;593
785;594
785;595
785;596
785;597
785;598
785;599
785;600
785;601
785;602
785;603
785;604
785;605
785;972
785;973
785;974
785;975
785;976
785;977
785;978
785;979
785;980
785;981
785;982
785;983
785;984
785;985
785;986
785;987
785;988
785;989
785;990
785;991
785;992
785;993
785;994
785;995
785;996
785;997
785;998
785;999
785;1000
785;1001
785;1002
785;1003
785;1004
785;1005
785;1006
785;1007
785;1008
785;1009
785;1010
785;1011
785;1012
785;1013
785;1014
785;1015
785;1016
785;1017
785;1018
785;1019
785;1020
785;1021
785;1022
785;1023
785;1024
785;1025
785;1026
785;1027
785;1028
786;505
786;506
786;507
786;508
786;509
786;510
786;511
786;512
786;513
786;514
786;515
786;516
786;517
786;518
786;519
786;520
786;521
786;522
786;523
786;524
786;525
786;526
786;527
786;528
786;529
786;530
786;531
786;532
786;533
786;534
786;535
786;536
786;537
786;538
786;539
786;540
786;541
786;542
786;543
786;544
786;545
786;546
786;547
786;548
786;549
786;550
786;551
786;552
786;553
786;554
786;555
786;556
786;557
786;558
786;559
786;560
786;561
786;562
786;563
786;564
786;565
786;566
786;567
786;568
786;569
786;570
786;571
786;572
786;573
786;574
786;575
786;576
786;577
786;578
786;579
786;580
786;581
786;582
786;583
786;584
786;585
786;586
786;587
786;588
786;589
786;590
786;591
786;592
786;593
786;594
786;595
786;596
786;597
786;598
786;599
786;600
786;601
786;602
786;603
786;604
786;605
786;606
786;972
786;973
786;974
786;975
786;976
786;977
786;978
786;979
786;980
786;981
786;982
786;983
786;984
786;985
786;986
786;987
786;988
786;989
786;990
786;991
786;992
786;993
786;994
786;995
786;996
786;997
786;998
786;999
786;1000
786;1001
786;1002
786;1003
786;1004
786;1005
786;1006
786;1007
786;1008
786;1009
786;1010
786;1011
786;1012
786;1013
786;1014
786;1015
786;1016
786;1017
786;1018
786;1019
786;1020
786;1021
786;1022
786;1023
786;1024
786;1025
786;1026
787;501
787;502
787;503
787;504
787;505
787;506
787;507
787;508
787;509
787;510
787;511
787;512
787;513
787;514
787;515
787;516
787;517
787;518
787;519
787;520
787;521
787;522
787;523
787;524
787;525
787;526
787;527
787;528
787;529
787;530
787;531
787;532
787;533
787;534
787;535
787;536
787;537
787;538
787;539
787;540
787;541
787;542
787;543
787;544
787;545
787;546
787;547
787;548
787;549
787;550
787;551
787;552
787;553
787;554
787;555
787;556
787;557
787;558
787;559
787;560
787;561
787;562
787;563
787;564
787;565
787;566
787;567
787;568
787;569
787;570
787;571
787;572
787;573
787;574
787;575
787;576
787;577
787;578
787;579
787;580
787;581
787;582
787;583
787;584
787;585
787;586
787;587
787;588
787;589
787;590
787;591
787;592
787;593
787;594
787;595
787;596
787;597
787;598
787;599
787;600
787;601
787;602
787;603
787;604
787;605
787;606
787;607
787;972
787;973
787;974
787;975
787;976
787;977
787;978
787;979
787;980
787;981
787;982
787;983
787;984
787;985
787;986
787;987
787;988
787;989
787;990
787;991
787;992
787;993
787;994
787;995
787;996
787;997
787;998
787;999
787;1000
787;1001
787;1002
787;1003
787;1004
787;1005
787;1006
787;1007
787;1008
787;1009
787;1010
787;1011
787;1012
787;1013
787;1014
787;1015
787;1016
787;1017
787;1018
787;1019
787;1020
787;1021
787;1022
787;1023
787;1024
788;499
788;500
788;501
788;502
788;503
788;504
788;505
788;506
788;507
788;508
788;509
788;510
788;511
788;512
788;513
788;514
788;515
788;516
788;517
788;518
788;519
788;520
788;521
788;522
788;523
788;524
788;525
788;526
788;527
788;528
788;529
788;530
788;531
788;532
788;533
788;534
788;535
788;536
788;537
788;538
788;539
788;540
788;541
788;542
788;543
788;544
788;545
788;546
788;547
788;548
788;549
788;550
788;551
788;552
788;553
788;554
788;555
788;556
788;557
788;558
788;559
788;560
788;561
788;562
788;563
788;564
788;565
788;566
788;567
788;568
788;569
788;570
788;571
788;572
788;573
788;574
788;575
788;576
788;577
788;578
788;579
788;580
788;581
788;582
788;583
788;584
788;585
788;586
788;587
788;588
788;589
788;590
788;591
788;592
788;593
788;594
788;595
788;596
788;597
788;598
788;599
788;600
788;601
788;602
788;603
788;604
788;605
788;606
788;607
788;973
788;974
788;975
788;976
788;977
788;978
788;979
788;980
788;981
788;982
788;983
788;984
788;985
788;986
788;987
788;988
788;989
788;990
788;991
788;992
788;993
788;994
788;995
788;996
788;997
788;998
788;999
788;1000
788;1001
788;1002
788;1003
788;1004
788;1005
788;1006
788;1007
788;1008
788;1009
788;1010
788;1011
788;1012
788;1013
788;1014
788;1015
788;1016
788;1017
788;1018
788;1019
788;1020
788;1021
788;1022
789;495
789;496
789;497
789;498
789;499
789;500
789;501
789;502
789;503
789;504
789;505
789;506
789;507
789;508
789;509
789;510
789;511
789;512
789;513
789;514
789;515
789;516
789;517
789;518
789;519
789;520
789;521
789;522
789;523
789;524
789;525
789;526
789;527
789;528
789;529
789;530
789;531
789;532
789;533
789;534
789;535
789;536
789;537
789;538
789;539
789;540
789;541
789;542
789;543
789;544
789;545
789;546
789;547
789;548
789;549
789;550
789;551
789;552
789;553
789;554
789;555
789;556
789;557
789;558
789;559
789;560
789;561
789;562
789;563
789;564
789;565
789;566
789;567
789;568
789;569
789;570
789;571
789;572
789;573
789;574
789;575
789;576
789;577
789;578
789;579
789;580
789;581
789;582
789;583
789;584
789;585
789;586
789;587
789;588
789;589
789;590
789;591
789;592
789;593
789;594
789;595
789;596
789;597
789;598
789;599
789;600
789;601
789;602
789;603
789;604
789;605
789;606
789;607
789;973
789;974
789;975
789;976
789;977
789;978
789;979
789;980
789;981
789;982
789;983
789;984
789;985
789;986
789;987
789;988
789;989
789;990
789;991
789;992
789;993
789;994
789;995
789;996
789;997
789;998
789;999
789;1000
789;1001
789;1002
789;1003
789;1004
789;1005
789;1006
789;1007
789;1008
789;1009
789;1010
789;1011
789;1012
789;1013
789;1014
789;1015
789;1016
789;1017
789;1018
789;1019
789;1020
790;491
790;493
790;494
790;495
790;496
790;497
790;498
790;499
790;500
790;501
790;502
790;503
790;504
790;505
790;506
790;507
790;508
790;509
790;510
790;511
790;512
790;513
790;514
790;515
790;516
790;517
790;518
790;519
790;520
790;521
790;522
790;523
790;524
790;525
790;526
790;527
790;528
790;529
790;530
790;531
790;532
790;533
790;534
790;535
790;536
790;537
790;538
790;539
790;540
790;541
790;542
790;543
790;544
790;545
790;546
790;547
790;548
790;549
790;550
790;551
790;552
790;553
790;554
790;555
790;556
790;557
790;558
790;559
790;560
790;561
790;562
790;563
790;564
790;565
790;566
790;567
790;568
790;569
790;570
790;571
790;572
790;573
790;574
790;575
790;576
790;577
790;578
790;579
790;580
790;581
790;582
790;583
790;584
790;585
790;586
790;587
790;588
790;589
790;590
790;591
790;592
790;593
790;594
790;595
790;596
790;597
790;598
790;599
790;600
790;601
790;602
790;603
790;604
790;605
790;606
790;607
790;608
790;973
790;974
790;975
790;976
790;977
790;978
790;979
790;980
790;981
790;982
790;983
790;984
790;985
790;986
790;987
790;988
790;989
790;990
790;991
790;992
790;993
790;994
790;995
790;996
790;997
790;998
790;999
790;1000
790;1001
790;1002
790;1003
790;1004
790;1005
790;1006
790;1007
790;1008
790;1009
790;1010
790;1011
790;1012
790;1013
790;1014
790;1015
790;1016
790;1017
790;1018
790;1019
790;1020
791;489
791;490
791;491
791;492
791;493
791;494
791;495
791;496
791;497
791;498
791;499
791;500
791;501
791;502
791;503
791;504
791;505
791;506
791;507
791;508
791;509
791;510
791;511
791;512
791;513
791;514
791;515
791;516
791;517
791;518
791;519
791;520
791;521
791;522
791;523
791;524
791;525
791;526
791;527
791;528
791;529
791;530
791;531
791;532
791;533
791;534
791;535
791;536
791;537
791;538
791;539
791;540
791;541
791;542
791;543
791;544
791;545
791;546
791;547
791;548
791;549
791;550
791;551
791;552
791;553
791;554
791;555
791;556
791;557
791;558
791;559
791;560
791;561
791;562
791;563
791;564
791;565
791;566
791;567
791;568
791;569
791;570
791;571
791;572
791;573
791;574
791;575
791;576
791;577
791;578
791;579
791;580
791;581
791;582
791;583
791;584
791;585
791;586
791;587
791;588
791;589
791;590
791;591
791;592
791;593
791;594
791;595
791;596
791;597
791;598
791;599
791;600
791;601
791;602
791;603
791;604
791;605
791;606
791;607
791;608
791;973
791;974
791;975
791;976
791;977
791;978
791;979
791;980
791;981
791;982
791;983
791;984
791;985
791;986
791;987
791;988
791;989
791;990
791;991
791;992
791;993
791;994
791;995
791;996
791;997
791;998
791;999
791;1000
791;1001
791;1002
791;1003
791;1004
791;1005
791;1006
791;1007
791;1008
791;1009
791;1010
791;1011
791;1012
791;1013
791;1014
791;1015
791;1016
791;1017
791;1018
792;485
792;487
792;488
792;489
792;490
792;491
792;492
792;493
792;494
792;495
792;496
792;497
792;498
792;499
792;500
792;501
792;502
792;503
792;504
792;505
792;506
792;507
792;508
792;509
792;510
792;511
792;512
792;513
792;514
792;515
792;516
792;517
792;518
792;519
792;520
792;521
792;522
792;523
792;524
792;525
792;526
792;527
792;528
792;529
792;530
792;531
792;532
792;533
792;534
792;535
792;536
792;537
792;538
792;539
792;540
792;541
792;542
792;543
792;544
792;545
792;546
792;547
792;548
792;549
792;550
792;551
792;552
792;553
792;554
792;555
792;556
792;557
792;558
792;559
792;560
792;561
792;562
792;563
792;564
792;565
792;566
792;567
792;568
792;569
792;570
792;571
792;572
792;573
792;574
792;575
792;576
792;577
792;578
792;579
792;580
792;581
792;582
792;583
792;584
792;585
792;586
792;587
792;588
792;589
792;590
792;591
792;592
792;593
792;594
792;595
792;596
792;597
792;598
792;599
792;600
792;601
792;602
792;603
792;604
792;605
792;606
792;607
792;608
792;609
792;973
792;974
792;975
792;976
792;977
792;978
792;979
792;980
792;981
792;982
792;983
792;984
792;985
792;986
792;987
792;988
792;989
792;990
792;991
792;992
792;993
792;994
792;995
792;996
792;997
792;998
792;999
792;1000
792;1001
792;1002
792;1003
792;1004
792;1005
792;1006
792;1007
792;1008
792;1009
792;1010
792;1011
792;1012
792;1013
792;1014
792;1015
792;1016
793;483
793;484
793;485
793;486
793;487
793;488
793;489
793;490
793;491
793;492
793;493
793;494
793;495
793;496
793;497
793;498
793;499
793;500
793;501
793;502
793;503
793;504
793;505
793;506
793;507
793;508
793;509
793;510
793;511
793;512
793;513
793;514
793;515
793;516
793;517
793;518
793;519
793;520
793;521
793;522
793;523
793;524
793;525
793;526
793;527
793;528
793;529
793;530
793;531
793;532
793;533
793;534
793;535
793;536
793;537
793;538
793;539
793;540
793;541
793;542
793;543
793;544
793;545
793;546
793;547
793;548
793;549
793;550
793;551
793;552
793;553
793;554
793;555
793;556
793;557
793;558
793;559
793;560
793;561
793;562
793;563
793;564
793;565
793;566
793;567
793;568
793;569
793;570
793;571
793;572
793;573
793;574
793;575
793;576
793;577
793;578
793;579
793;580
793;581
793;582
793;583
793;584
793;585
793;586
793;587
793;588
793;589
793;590
793;591
793;592
793;593
793;594
793;595
793;596
793;597
793;598
793;599
793;600
793;601
793;602
793;603
793;604
793;605
793;606
793;607
793;608
793;609
793;973
793;974
793;975
793;976
793;977
793;978
793;979
793;980
793;981
793;982
793;983
793;984
793;985
793;986
793;987
793;988
793;989
793;990
793;991
793;992
793;993
793;994
793;995
793;996
793;997
793;998
793;999
793;1000
793;1001
793;1002
793;1003
793;1004
793;1005
793;1006
793;1007
793;1008
793;1009
793;1010
793;1011
793;1012
793;1013
793;1014
794;479
794;481
794;482
794;483
794;484
794;485
794;486
794;487
794;488
794;489
794;490
794;491
794;492
794;493
794;494
794;495
794;496
794;497
794;498
794;499
794;500
794;501
794;502
794;503
794;504
794;505
794;506
794;507
794;508
794;509
794;510
794;511
794;512
794;513
794;514
794;515
794;516
794;517
794;518
794;519
794;520
794;521
794;522
794;523
794;524
794;525
794;526
794;527
794;528
794;529
794;530
794;531
794;532
794;533
794;534
794;535
794;536
794;537
794;538
794;539
794;540
794;541
794;542
794;543
794;544
794;545
794;546
794;547
794;548
794;549
794;550
794;551
794;552
794;553
794;554
794;555
794;556
794;557
794;558
794;559
794;560
794;561
794;562
794;563
794;564
794;565
794;566
794;567
794;568
794;569
794;570
794;571
794;572
794;573
794;574
794;575
794;576
794;577
794;578
794;579
794;580
794;581
794;582
794;583
794;584
794;585
794;586
794;587
794;588
794;589
794;590
794;591
794;592
794;593
794;594
794;595
794;596
794;597
794;598
794;599
794;600
794;601
794;602
794;603
794;604
794;605
794;606
794;607
794;608
794;609
794;973
794;974
794;975
794;976
794;977
794;978
794;979
794;980
794;981
794;982
794;983
794;984
794;985
794;986
794;987
794;988
794;989
794;990
794;991
794;992
794;993
794;994
794;995
794;996
794;997
794;998
794;999
794;1000
794;1001
794;1002
794;1003
794;1004
794;1005
794;1006
794;1007
794;1008
794;1009
794;1010
794;1011
794;1012
795;477
795;478
795;479
795;480
795;481
795;482
795;483
795;484
795;485
795;486
795;487
795;488
795;489
795;490
795;491
795;492
795;493
795;494
795;495
795;496
795;497
795;498
795;499
795;500
795;501
795;502
795;503
795;504
795;505
795;506
795;507
795;508
795;509
795;510
795;511
795;512
795;513
795;514
795;515
795;516
795;517
795;518
795;519
795;520
795;521
795;522
795;523
795;524
795;525
795;526
795;527
795;528
795;529
795;530
795;531
795;532
795;533
795;534
795;535
795;536
795;537
795;538
795;539
795;540
795;541
795;542
795;543
795;544
795;545
795;546
795;547
795;548
795;549
795;550
795;551
795;552
795;553
795;554
795;555
795;556
795;557
795;558
795;559
795;560
795;561
795;562
795;563
795;564
795;565
795;566
795;567
795;568
795;569
795;570
795;571
795;572
795;573
795;574
795;575
795;576
795;577
795;578
795;579
795;580
795;581
795;582
795;583
795;584
795;585
795;586
795;587
795;588
795;589
795;590
795;591
795;592
795;593
795;594
795;595
795;596
795;597
795;598
795;599
795;600
795;601
795;602
795;603
795;604
795;605
795;606
795;607
795;608
795;609
795;610
795;973
795;974
795;975
795;976
795;977
795;978
795;979
795;980
795;981
795;982
795;983
795;984
795;985
795;986
795;987
795;988
795;989
795;990
795;991
795;992
795;993
795;994
795;995
795;996
795;997
795;998
795;999
795;1000
795;1001
795;1002
795;1003
795;1004
795;1005
795;1006
795;1007
795;1008
795;1009
795;1010
796;473
796;474
796;475
796;476
796;477
796;478
796;479
796;480
796;481
796;482
796;483
796;484
796;485
796;486
796;487
796;488
796;489
796;490
796;491
796;492
796;493
796;494
796;495
796;496
796;497
796;498
796;499
796;500
796;501
796;502
796;503
796;504
796;505
796;506
796;507
796;508
796;509
796;510
796;511
796;512
796;513
796;514
796;515
796;516
796;517
796;518
796;519
796;520
796;521
796;522
796;523
796;524
796;525
796;526
796;527
796;528
796;529
796;530
796;531
796;532
796;533
796;534
796;535
796;536
796;537
796;538
796;539
796;540
796;541
796;542
796;543
796;544
796;545
796;546
796;547
796;548
796;549
796;550
796;551
796;552
796;553
796;554
796;555
796;556
796;557
796;558
796;559
796;560
796;561
796;562
796;563
796;564
796;565
796;566
796;567
796;568
796;569
796;570
796;571
796;572
796;573
796;574
796;575
796;576
796;577
796;578
796;579
796;580
796;581
796;582
796;583
796;584
796;585
796;586
796;587
796;588
796;589
796;590
796;591
796;592
796;593
796;594
796;595
796;596
796;597
796;598
796;599
796;600
796;601
796;602
796;603
796;604
796;605
796;606
796;607
796;608
796;609
796;610
796;973
796;974
796;975
796;976
796;977
796;978
796;979
796;980
796;981
796;982
796;983
796;984
796;985
796;986
796;987
796;988
796;989
796;990
796;991
796;992
796;993
796;994
796;995
796;996
796;997
796;998
796;999
796;1000
796;1001
796;1002
796;1003
796;1004
796;1005
796;1006
796;1007
796;1008
797;474
797;475
797;476
797;477
797;478
797;479
797;480
797;481
797;482
797;483
797;484
797;485
797;486
797;487
797;488
797;489
797;490
797;491
797;492
797;493
797;494
797;495
797;496
797;497
797;498
797;499
797;500
797;501
797;502
797;503
797;504
797;505
797;506
797;507
797;508
797;509
797;510
797;511
797;512
797;513
797;514
797;515
797;516
797;517
797;518
797;519
797;520
797;521
797;522
797;523
797;524
797;525
797;526
797;527
797;528
797;529
797;530
797;531
797;532
797;533
797;534
797;535
797;536
797;537
797;538
797;539
797;540
797;541
797;542
797;543
797;544
797;545
797;546
797;547
797;548
797;549
797;550
797;551
797;552
797;553
797;554
797;555
797;556
797;557
797;558
797;559
797;560
797;561
797;562
797;563
797;564
797;565
797;566
797;567
797;568
797;569
797;570
797;571
797;572
797;573
797;574
797;575
797;576
797;577
797;578
797;579
797;580
797;581
797;582
797;583
797;584
797;585
797;586
797;587
797;588
797;589
797;590
797;591
797;592
797;593
797;594
797;595
797;596
797;597
797;598
797;599
797;600
797;601
797;602
797;603
797;604
797;605
797;606
797;607
797;608
797;609
797;610
797;611
797;973
797;974
797;975
797;976
797;977
797;978
797;979
797;980
797;981
797;982
797;983
797;984
797;985
797;986
797;987
797;988
797;989
797;990
797;991
797;992
797;993
797;994
797;995
797;996
797;997
797;998
797;999
797;1000
797;1001
797;1002
797;1003
797;1004
797;1005
797;1006
797;1007
797;1008
798;474
798;475
798;476
798;477
798;478
798;479
798;480
798;481
798;482
798;483
798;484
798;485
798;486
798;487
798;488
798;489
798;490
798;491
798;492
798;493
798;494
798;495
798;496
798;497
798;498
798;499
798;500
798;501
798;502
798;503
798;504
798;505
798;506
798;507
798;508
798;509
798;510
798;511
798;512
798;513
798;514
798;515
798;516
798;517
798;518
798;519
798;520
798;521
798;522
798;523
798;524
798;525
798;526
798;527
798;528
798;529
798;530
798;531
798;532
798;533
798;534
798;535
798;536
798;537
798;538
798;539
798;540
798;541
798;542
798;543
798;544
798;545
798;546
798;547
798;548
798;549
798;550
798;551
798;552
798;553
798;554
798;555
798;556
798;557
798;558
798;559
798;560
798;561
798;562
798;563
798;564
798;565
798;566
798;567
798;568
798;569
798;570
798;571
798;572
798;573
798;574
798;575
798;576
798;577
798;578
798;579
798;580
798;581
798;582
798;583
798;584
798;585
798;586
798;587
798;588
798;589
798;590
798;591
798;592
798;593
798;594
798;595
798;596
798;597
798;598
798;599
798;600
798;601
798;602
798;603
798;604
798;605
798;606
798;607
798;608
798;609
798;610
798;611
798;973
798;974
798;975
798;976
798;977
798;978
798;979
798;980
798;981
798;982
798;983
798;984
798;985
798;986
798;987
798;988
798;989
798;990
798;991
798;992
798;993
798;994
798;995
798;996
798;997
798;998
798;999
798;1000
798;1001
798;1002
798;1003
798;1004
798;1005
798;1006
799;475
799;476
799;477
799;478
799;479
799;480
799;481
799;482
799;483
799;484
799;485
799;486
799;487
799;488
799;489
799;490
799;491
799;492
799;493
799;494
799;495
799;496
799;497
799;498
799;499
799;500
799;501
799;502
799;503
799;504
799;505
799;506
799;507
799;508
799;509
799;510
799;511
799;512
799;513
799;514
799;515
799;516
799;517
799;518
799;519
799;520
799;521
799;522
799;523
799;524
799;525
799;526
799;527
799;528
799;529
799;530
799;531
799;532
799;533
799;534
799;535
799;536
799;537
799;538
799;539
799;540
799;541
799;542
799;543
799;544
799;545
799;546
799;547
799;548
799;549
799;550
799;551
799;552
799;553
799;554
799;555
799;556
799;557
799;558
799;559
799;560
799;561
799;562
799;563
799;564
799;565
799;566
799;567
799;568
799;569
799;570
799;571
799;572
799;573
799;574
799;575
799;576
799;577
799;578
799;579
799;580
799;581
799;582
799;583
799;584
799;585
799;586
799;587
799;588
799;589
799;590
799;591
799;592
799;593
799;594
799;595
799;596
799;597
799;598
799;599
799;600
799;601
799;602
799;603
799;604
799;605
799;606
799;607
799;608
799;609
799;610
799;611
799;973
799;974
799;975
799;976
799;977
799;978
799;979
799;980
799;981
799;982
799;983
799;984
799;985
799;986
799;987
799;988
799;989
799;990
799;991
799;992
799;993
799;994
799;995
799;996
799;997
799;998
799;999
799;1000
799;1001
799;1002
799;1003
799;1004
800;475
800;476
800;477
800;478
800;479
800;480
800;481
800;482
800;483
800;484
800;485
800;486
800;487
800;488
800;489
800;490
800;491
800;492
800;493
800;494
800;495
800;496
800;497
800;498
800;499
800;500
800;501
800;502
800;503
800;504
800;505
800;506
800;507
800;508
800;509
800;510
800;511
800;512
800;513
800;514
800;515
800;516
800;517
800;518
800;519
800;520
800;521
800;522
800;523
800;524
800;525
800;526
800;527
800;528
800;529
800;530
800;531
800;532
800;533
800;534
800;535
800;536
800;537
800;538
800;539
800;540
800;541
800;542
800;543
800;544
800;545
800;546
800;547
800;548
800;549
800;550
800;551
800;552
800;553
800;554
800;555
800;556
800;557
800;558
800;559
800;560
800;561
800;562
800;563
800;564
800;565
800;566
800;567
800;568
800;569
800;570
800;571
800;572
800;573
800;574
800;575
800;576
800;577
800;578
800;579
800;580
800;581
800;582
800;583
800;584
800;585
800;586
800;587
800;588
800;589
800;590
800;591
800;592
800;593
800;594
800;595
800;596
800;597
800;598
800;599
800;600
800;601
800;602
800;603
800;604
800;605
800;606
800;607
800;608
800;609
800;610
800;611
800;612
800;974
800;975
800;976
800;977
800;978
800;979
800;980
800;981
800;982
800;983
800;984
800;985
800;986
800;987
800;988
800;989
800;990
800;991
800;992
800;993
800;994
800;995
800;996
800;997
800;998
800;999
800;1000
800;1001
800;1002
801;476
801;477
801;478
801;479
801;480
801;481
801;482
801;483
801;484
801;485
801;486
801;487
801;488
801;489
801;490
801;491
801;492
801;493
801;494
801;495
801;496
801;497
801;498
801;499
801;500
801;501
801;502
801;503
801;504
801;505
801;506
801;507
801;508
801;509
801;510
801;511
801;512
801;513
801;514
801;515
801;516
801;517
801;518
801;519
801;520
801;521
801;522
801;523
801;524
801;525
801;526
801;527
801;528
801;529
801;530
801;531
801;532
801;533
801;534
801;535
801;536
801;537
801;538
801;539
801;540
801;541
801;542
801;543
801;544
801;545
801;546
801;547
801;548
801;549
801;550
801;551
801;552
801;553
801;554
801;555
801;556
801;557
801;558
801;559
801;560
801;561
801;562
801;563
801;564
801;565
801;566
801;567
801;568
801;569
801;570
801;571
801;572
801;573
801;574
801;575
801;576
801;577
801;578
801;579
801;580
801;581
801;582
801;583
801;584
801;585
801;586
801;587
801;588
801;589
801;590
801;591
801;592
801;593
801;594
801;595
801;596
801;597
801;598
801;599
801;600
801;601
801;602
801;603
801;604
801;605
801;606
801;607
801;608
801;609
801;610
801;611
801;612
801;613
801;974
801;975
801;976
801;977
801;978
801;979
801;980
801;981
801;982
801;983
801;984
801;985
801;986
801;987
801;988
801;989
801;990
801;991
801;992
801;993
801;994
801;995
801;996
801;997
801;998
801;999
801;1000
802;476
802;477
802;478
802;479
802;480
802;481
802;482
802;483
802;484
802;485
802;486
802;487
802;488
802;489
802;490
802;491
802;492
802;493
802;494
802;495
802;496
802;497
802;498
802;499
802;500
802;501
802;502
802;503
802;504
802;505
802;506
802;507
802;508
802;509
802;510
802;511
802;512
802;513
802;514
802;515
802;516
802;517
802;518
802;519
802;520
802;521
802;522
802;523
802;524
802;525
802;526
802;527
802;528
802;529
802;530
802;531
802;532
802;533
802;534
802;535
802;536
802;537
802;538
802;539
802;540
802;541
802;542
802;543
802;544
802;545
802;546
802;547
802;548
802;549
802;550
802;551
802;552
802;553
802;554
802;555
802;556
802;557
802;558
802;559
802;560
802;561
802;562
802;563
802;564
802;565
802;566
802;567
802;568
802;569
802;570
802;571
802;572
802;573
802;574
802;575
802;576
802;577
802;578
802;579
802;580
802;581
802;582
802;583
802;584
802;585
802;586
802;587
802;588
802;589
802;590
802;591
802;592
802;593
802;594
802;595
802;596
802;597
802;598
802;599
802;600
802;601
802;602
802;603
802;604
802;605
802;606
802;607
802;608
802;609
802;610
802;611
802;612
802;613
802;743
802;745
802;974
802;975
802;976
802;977
802;978
802;979
802;980
802;981
802;982
802;983
802;984
802;985
802;986
802;987
802;988
802;989
802;990
802;991
802;992
802;993
802;994
802;995
802;996
802;997
802;998
803;476
803;477
803;478
803;479
803;480
803;481
803;482
803;483
803;484
803;485
803;486
803;487
803;488
803;489
803;490
803;491
803;492
803;493
803;494
803;495
803;496
803;497
803;498
803;499
803;500
803;501
803;502
803;503
803;504
803;505
803;506
803;507
803;508
803;509
803;510
803;511
803;512
803;513
803;514
803;515
803;516
803;517
803;518
803;519
803;520
803;521
803;522
803;523
803;524
803;525
803;526
803;527
803;528
803;529
803;530
803;531
803;532
803;533
803;534
803;535
803;536
803;537
803;538
803;539
803;540
803;541
803;542
803;543
803;544
803;545
803;546
803;547
803;548
803;549
803;550
803;551
803;552
803;553
803;554
803;555
803;556
803;557
803;558
803;559
803;560
803;561
803;562
803;563
803;564
803;565
803;566
803;567
803;568
803;569
803;570
803;571
803;572
803;573
803;574
803;575
803;576
803;577
803;578
803;579
803;580
803;581
803;582
803;583
803;584
803;585
803;586
803;587
803;588
803;589
803;590
803;591
803;592
803;593
803;594
803;595
803;596
803;597
803;598
803;599
803;600
803;601
803;602
803;603
803;604
803;605
803;606
803;607
803;608
803;609
803;610
803;611
803;612
803;613
803;719
803;721
803;723
803;725
803;727
803;729
803;730
803;731
803;732
803;733
803;734
803;735
803;736
803;737
803;738
803;739
803;740
803;741
803;742
803;743
803;744
803;745
803;974
803;975
803;976
803;977
803;978
803;979
803;980
803;981
803;982
803;983
803;984
803;985
803;986
803;987
803;988
803;989
803;990
803;991
803;992
803;993
803;994
803;995
803;996
803;997
804;477
804;478
804;479
804;480
804;481
804;482
804;483
804;484
804;485
804;486
804;487
804;488
804;489
804;490
804;491
804;492
804;493
804;494
804;495
804;496
804;497
804;498
804;499
804;500
804;501
804;502
804;503
804;504
804;505
804;506
804;507
804;508
804;509
804;510
804;511
804;512
804;513
804;514
804;515
804;516
804;517
804;518
804;519
804;520
804;521
804;522
804;523
804;524
804;525
804;526
804;527
804;528
804;529
804;530
804;531
804;532
804;533
804;534
804;535
804;536
804;537
804;538
804;539
804;540
804;541
804;542
804;543
804;544
804;545
804;546
804;547
804;548
804;549
804;550
804;551
804;552
804;553
804;554
804;555
804;556
804;557
804;558
804;559
804;560
804;561
804;562
804;563
804;564
804;565
804;566
804;567
804;568
804;569
804;570
804;571
804;572
804;573
804;574
804;575
804;576
804;577
804;578
804;579
804;580
804;581
804;582
804;583
804;584
804;585
804;586
804;587
804;588
804;589
804;590
804;591
804;592
804;593
804;594
804;595
804;596
804;597
804;598
804;599
804;600
804;601
804;602
804;603
804;604
804;605
804;606
804;607
804;608
804;609
804;610
804;611
804;612
804;613
804;614
804;695
804;697
804;699
804;701
804;703
804;705
804;706
804;707
804;708
804;709
804;710
804;711
804;712
804;713
804;714
804;715
804;716
804;717
804;718
804;719
804;720
804;721
804;722
804;723
804;724
804;725
804;726
804;727
804;728
804;729
804;730
804;731
804;732
804;733
804;734
804;735
804;736
804;737
804;738
804;739
804;740
804;741
804;742
804;743
804;744
804;745
804;974
804;975
804;976
804;977
804;978
804;979
804;980
804;981
804;982
804;983
804;984
804;985
804;986
804;987
804;988
804;989
804;990
804;991
804;992
804;993
804;994
804;995
804;996
805;477
805;478
805;479
805;480
805;481
805;482
805;483
805;484
805;485
805;486
805;487
805;488
805;489
805;490
805;491
805;492
805;493
805;494
805;495
805;496
805;497
805;498
805;499
805;500
805;501
805;502
805;503
805;504
805;505
805;506
805;507
805;508
805;509
805;510
805;511
805;512
805;513
805;514
805;515
805;516
805;517
805;518
805;519
805;520
805;521
805;522
805;523
805;524
805;525
805;526
805;527
805;528
805;529
805;530
805;531
805;532
805;533
805;534
805;535
805;536
805;537
805;538
805;539
805;540
805;541
805;542
805;543
805;544
805;545
805;546
805;547
805;548
805;549
805;550
805;551
805;552
805;553
805;554
805;555
805;556
805;557
805;558
805;559
805;560
805;561
805;562
805;563
805;564
805;565
805;566
805;567
805;568
805;569
805;570
805;571
805;572
805;573
805;574
805;575
805;576
805;577
805;578
805;579
805;580
805;581
805;582
805;583
805;584
805;585
805;586
805;587
805;588
805;589
805;590
805;591
805;592
805;593
805;594
805;595
805;596
805;597
805;598
805;599
805;600
805;601
805;602
805;603
805;604
805;605
805;606
805;607
805;608
805;609
805;610
805;611
805;612
805;613
805;614
805;669
805;671
805;673
805;675
805;677
805;679
805;681
805;682
805;683
805;684
805;685
805;686
805;687
805;688
805;689
805;690
805;691
805;692
805;693
805;694
805;695
805;696
805;697
805;698
805;699
805;700
805;701
805;702
805;703
805;704
805;705
805;706
805;707
805;708
805;709
805;710
805;711
805;712
805;713
805;714
805;715
805;716
805;717
805;718
805;719
805;720
805;721
805;722
805;723
805;724
805;725
805;726
805;727
805;728
805;729
805;730
805;731
805;732
805;733
805;734
805;735
805;736
805;737
805;738
805;739
805;740
805;741
805;742
805;743
805;744
805;745
805;974
805;975
805;976
805;977
805;978
805;979
805;980
805;981
805;982
805;983
805;984
805;985
805;986
805;987
805;988
805;989
805;990
805;991
805;992
805;993
805;994
806;478
806;479
806;480
806;481
806;482
806;483
806;484
806;485
806;486
806;487
806;488
806;489
806;490
806;491
806;492
806;493
806;494
806;495
806;496
806;497
806;498
806;499
806;500
806;501
806;502
806;503
806;504
806;505
806;506
806;507
806;508
806;509
806;510
806;511
806;512
806;513
806;514
806;515
806;516
806;517
806;518
806;519
806;520
806;521
806;522
806;523
806;524
806;525
806;526
806;527
806;528
806;529
806;530
806;531
806;532
806;533
806;534
806;535
806;536
806;537
806;538
806;539
806;540
806;541
806;542
806;543
806;544
806;545
806;546
806;547
806;548
806;549
806;550
806;551
806;552
806;553
806;554
806;555
806;556
806;557
806;558
806;559
806;560
806;561
806;562
806;563
806;564
806;565
806;566
806;567
806;568
806;569
806;570
806;571
806;572
806;573
806;574
806;575
806;576
806;577
806;578
806;579
806;580
806;581
806;582
806;583
806;584
806;585
806;586
806;587
806;588
806;589
806;590
806;591
806;592
806;593
806;594
806;595
806;596
806;597
806;598
806;599
806;600
806;601
806;602
806;603
806;604
806;605
806;606
806;607
806;608
806;609
806;610
806;611
806;612
806;613
806;614
806;615
806;645
806;647
806;649
806;651
806;653
806;655
806;657
806;658
806;659
806;660
806;661
806;662
806;663
806;664
806;665
806;666
806;667
806;668
806;669
806;670
806;671
806;672
806;673
806;674
806;675
806;676
806;677
806;678
806;679
806;680
806;681
806;682
806;683
806;684
806;685
806;686
806;687
806;688
806;689
806;690
806;691
806;692
806;693
806;694
806;695
806;696
806;697
806;698
806;699
806;700
806;701
806;702
806;703
806;704
806;705
806;706
806;707
806;708
806;709
806;710
806;711
806;712
806;713
806;714
806;715
806;716
806;717
806;718
806;719
806;720
806;721
806;722
806;723
806;724
806;725
806;726
806;727
806;728
806;729
806;730
806;731
806;732
806;733
806;734
806;735
806;736
806;737
806;738
806;739
806;740
806;741
806;742
806;743
806;744
806;745
806;974
806;975
806;976
806;977
806;978
806;979
806;980
806;981
806;982
806;983
806;984
806;985
806;986
806;987
806;988
806;989
806;990
806;991
806;992
807;478
807;479
807;480
807;481
807;482
807;483
807;484
807;485
807;486
807;487
807;488
807;489
807;490
807;491
807;492
807;493
807;494
807;495
807;496
807;497
807;498
807;499
807;500
807;501
807;502
807;503
807;504
807;505
807;506
807;507
807;508
807;509
807;510
807;511
807;512
807;513
807;514
807;515
807;516
807;517
807;518
807;519
807;520
807;521
807;522
807;523
807;524
807;525
807;526
807;527
807;528
807;529
807;530
807;531
807;532
807;533
807;534
807;535
807;536
807;537
807;538
807;539
807;540
807;541
807;542
807;543
807;544
807;545
807;546
807;547
807;548
807;549
807;550
807;551
807;552
807;553
807;554
807;555
807;556
807;557
807;558
807;559
807;560
807;561
807;562
807;563
807;564
807;565
807;566
807;567
807;568
807;569
807;570
807;571
807;572
807;573
807;574
807;575
807;576
807;577
807;578
807;579
807;580
807;581
807;582
807;583
807;584
807;585
807;586
807;587
807;588
807;589
807;590
807;591
807;592
807;593
807;594
807;595
807;596
807;597
807;598
807;599
807;600
807;601
807;602
807;603
807;604
807;605
807;606
807;607
807;608
807;609
807;610
807;611
807;612
807;613
807;614
807;615
807;641
807;642
807;643
807;644
807;645
807;646
807;647
807;648
807;649
807;650
807;651
807;652
807;653
807;654
807;655
807;656
807;657
807;658
807;659
807;660
807;661
807;662
807;663
807;664
807;665
807;666
807;667
807;668
807;669
807;670
807;671
807;672
807;673
807;674
807;675
807;676
807;677
807;678
807;679
807;680
807;681
807;682
807;683
807;684
807;685
807;686
807;687
807;688
807;689
807;690
807;691
807;692
807;693
807;694
807;695
807;696
807;697
807;698
807;699
807;700
807;701
807;702
807;703
807;704
807;705
807;706
807;707
807;708
807;709
807;710
807;711
807;712
807;713
807;714
807;715
807;716
807;717
807;718
807;719
807;720
807;721
807;722
807;723
807;724
807;725
807;726
807;727
807;728
807;729
807;730
807;731
807;732
807;733
807;734
807;735
807;736
807;737
807;738
807;739
807;740
807;741
807;742
807;743
807;744
807;745
807;974
807;975
807;976
807;977
807;978
807;979
807;980
807;981
807;982
807;983
807;984
807;985
807;986
807;987
807;988
807;989
807;990
808;478
808;479
808;480
808;481
808;482
808;483
808;484
808;485
808;486
808;487
808;488
808;489
808;490
808;491
808;492
808;493
808;494
808;495
808;496
808;497
808;498
808;499
808;500
808;501
808;502
808;503
808;504
808;505
808;506
808;507
808;508
808;509
808;510
808;511
808;512
808;513
808;514
808;515
808;516
808;517
808;518
808;519
808;520
808;521
808;522
808;523
808;524
808;525
808;526
808;527
808;528
808;529
808;530
808;531
808;532
808;533
808;534
808;535
808;536
808;537
808;538
808;539
808;540
808;541
808;542
808;543
808;544
808;545
808;546
808;547
808;548
808;549
808;550
808;551
808;552
808;553
808;554
808;555
808;556
808;557
808;558
808;559
808;560
808;561
808;562
808;563
808;564
808;565
808;566
808;567
808;568
808;569
808;570
808;571
808;572
808;573
808;574
808;575
808;576
808;577
808;578
808;579
808;580
808;581
808;582
808;583
808;584
808;585
808;586
808;587
808;588
808;589
808;590
808;591
808;592
808;593
808;594
808;595
808;596
808;597
808;598
808;599
808;600
808;601
808;602
808;603
808;604
808;605
808;606
808;607
808;608
808;609
808;610
808;611
808;612
808;613
808;614
808;615
808;641
808;642
808;643
808;644
808;645
808;646
808;647
808;648
808;649
808;650
808;651
808;652
808;653
808;654
808;655
808;656
808;657
808;658
808;659
808;660
808;661
808;662
808;663
808;664
808;665
808;666
808;667
808;668
808;669
808;670
808;671
808;672
808;673
808;674
808;675
808;676
808;677
808;678
808;679
808;680
808;681
808;682
808;683
808;684
808;685
808;686
808;687
808;688
808;689
808;690
808;691
808;692
808;693
808;694
808;695
808;696
808;697
808;698
808;699
808;700
808;701
808;702
808;703
808;704
808;705
808;706
808;707
808;708
808;709
808;710
808;711
808;712
808;713
808;714
808;715
808;716
808;717
808;718
808;719
808;720
808;721
808;722
808;723
808;724
808;725
808;726
808;727
808;728
808;729
808;730
808;731
808;732
808;733
808;734
808;735
808;736
808;737
808;738
808;739
808;740
808;741
808;742
808;743
808;744
808;745
808;974
808;975
808;976
808;977
808;978
808;979
808;980
808;981
808;982
808;983
808;984
808;985
808;986
808;987
808;988
809;479
809;480
809;481
809;482
809;483
809;484
809;485
809;486
809;487
809;488
809;489
809;490
809;491
809;492
809;493
809;494
809;495
809;496
809;497
809;498
809;499
809;500
809;501
809;502
809;503
809;504
809;505
809;506
809;507
809;508
809;509
809;510
809;511
809;512
809;513
809;514
809;515
809;516
809;517
809;518
809;519
809;520
809;521
809;522
809;523
809;524
809;525
809;526
809;527
809;528
809;529
809;530
809;531
809;532
809;533
809;534
809;535
809;536
809;537
809;538
809;539
809;540
809;541
809;542
809;543
809;544
809;545
809;546
809;547
809;548
809;549
809;550
809;551
809;552
809;553
809;554
809;555
809;556
809;557
809;558
809;559
809;560
809;561
809;562
809;563
809;564
809;565
809;566
809;567
809;568
809;569
809;570
809;571
809;572
809;573
809;574
809;575
809;576
809;577
809;578
809;579
809;580
809;581
809;582
809;583
809;584
809;585
809;586
809;587
809;588
809;589
809;590
809;591
809;592
809;593
809;594
809;595
809;596
809;597
809;598
809;599
809;600
809;601
809;602
809;603
809;604
809;605
809;606
809;607
809;608
809;609
809;610
809;611
809;612
809;613
809;614
809;615
809;616
809;641
809;642
809;643
809;644
809;645
809;646
809;647
809;648
809;649
809;650
809;651
809;652
809;653
809;654
809;655
809;656
809;657
809;658
809;659
809;660
809;661
809;662
809;663
809;664
809;665
809;666
809;667
809;668
809;669
809;670
809;671
809;672
809;673
809;674
809;675
809;676
809;677
809;678
809;679
809;680
809;681
809;682
809;683
809;684
809;685
809;686
809;687
809;688
809;689
809;690
809;691
809;692
809;693
809;694
809;695
809;696
809;697
809;698
809;699
809;700
809;701
809;702
809;703
809;704
809;705
809;706
809;707
809;708
809;709
809;710
809;711
809;712
809;713
809;714
809;715
809;716
809;717
809;718
809;719
809;720
809;721
809;722
809;723
809;724
809;725
809;726
809;727
809;728
809;729
809;730
809;731
809;732
809;733
809;734
809;735
809;736
809;737
809;738
809;739
809;740
809;741
809;742
809;743
809;744
809;745
809;974
809;975
809;976
809;977
809;978
809;979
809;980
809;981
809;982
809;983
809;984
809;985
809;986
810;479
810;480
810;481
810;482
810;483
810;484
810;485
810;486
810;487
810;488
810;489
810;490
810;491
810;492
810;493
810;494
810;495
810;496
810;497
810;498
810;499
810;500
810;501
810;502
810;503
810;504
810;505
810;506
810;507
810;508
810;509
810;510
810;511
810;512
810;513
810;514
810;515
810;516
810;517
810;518
810;519
810;520
810;521
810;522
810;523
810;524
810;525
810;526
810;527
810;528
810;529
810;530
810;531
810;532
810;533
810;534
810;535
810;536
810;537
810;538
810;539
810;540
810;541
810;542
810;543
810;544
810;545
810;546
810;547
810;548
810;549
810;550
810;551
810;552
810;553
810;554
810;555
810;556
810;557
810;558
810;559
810;560
810;561
810;562
810;563
810;564
810;565
810;566
810;567
810;568
810;569
810;570
810;571
810;572
810;573
810;574
810;575
810;576
810;577
810;578
810;579
810;580
810;581
810;582
810;583
810;584
810;585
810;586
810;587
810;588
810;589
810;590
810;591
810;592
810;593
810;594
810;595
810;596
810;597
810;598
810;599
810;600
810;601
810;602
810;603
810;604
810;605
810;606
810;607
810;608
810;609
810;610
810;611
810;612
810;613
810;614
810;615
810;616
810;641
810;642
810;643
810;644
810;645
810;646
810;647
810;648
810;649
810;650
810;651
810;652
810;653
810;654
810;655
810;656
810;657
810;658
810;659
810;660
810;661
810;662
810;663
810;664
810;665
810;666
810;667
810;668
810;669
810;670
810;671
810;672
810;673
810;674
810;675
810;676
810;677
810;678
810;679
810;680
810;681
810;682
810;683
810;684
810;685
810;686
810;687
810;688
810;689
810;690
810;691
810;692
810;693
810;694
810;695
810;696
810;697
810;698
810;699
810;700
810;701
810;702
810;703
810;704
810;705
810;706
810;707
810;708
810;709
810;710
810;711
810;712
810;713
810;714
810;715
810;716
810;717
810;718
810;719
810;720
810;721
810;722
810;723
810;724
810;725
810;726
810;727
810;728
810;729
810;730
810;731
810;732
810;733
810;734
810;735
810;736
810;737
810;738
810;739
810;740
810;741
810;742
810;743
810;744
810;745
810;974
810;975
810;976
810;977
810;978
810;979
810;980
810;981
810;982
810;983
810;984
810;985
810;986
811;480
811;481
811;482
811;483
811;484
811;485
811;486
811;487
811;488
811;489
811;490
811;491
811;492
811;493
811;494
811;495
811;496
811;497
811;498
811;499
811;500
811;501
811;502
811;503
811;504
811;505
811;506
811;507
811;508
811;509
811;510
811;511
811;512
811;513
811;514
811;515
811;516
811;517
811;518
811;519
811;520
811;521
811;522
811;523
811;524
811;525
811;526
811;527
811;528
811;529
811;530
811;531
811;532
811;533
811;534
811;535
811;536
811;537
811;538
811;539
811;540
811;541
811;542
811;543
811;544
811;545
811;546
811;547
811;548
811;549
811;550
811;551
811;552
811;553
811;554
811;555
811;556
811;557
811;558
811;559
811;560
811;561
811;562
811;563
811;564
811;565
811;566
811;567
811;568
811;569
811;570
811;571
811;572
811;573
811;574
811;575
811;576
811;577
811;578
811;579
811;580
811;581
811;582
811;583
811;584
811;585
811;586
811;587
811;588
811;589
811;590
811;591
811;592
811;593
811;594
811;595
811;596
811;597
811;598
811;599
811;600
811;601
811;602
811;603
811;604
811;605
811;606
811;607
811;608
811;609
811;610
811;611
811;612
811;613
811;614
811;615
811;616
811;617
811;641
811;642
811;643
811;644
811;645
811;646
811;647
811;648
811;649
811;650
811;651
811;652
811;653
811;654
811;655
811;656
811;657
811;658
811;659
811;660
811;661
811;662
811;663
811;664
811;665
811;666
811;667
811;668
811;669
811;670
811;671
811;672
811;673
811;674
811;675
811;676
811;677
811;678
811;679
811;680
811;681
811;682
811;683
811;684
811;685
811;686
811;687
811;688
811;689
811;690
811;691
811;692
811;693
811;694
811;695
811;696
811;697
811;698
811;699
811;700
811;701
811;702
811;703
811;704
811;705
811;706
811;707
811;708
811;709
811;710
811;711
811;712
811;713
811;714
811;715
811;716
811;717
811;718
811;719
811;720
811;721
811;722
811;723
811;724
811;725
811;726
811;727
811;728
811;729
811;730
811;731
811;732
811;733
811;734
811;735
811;736
811;737
811;738
811;739
811;740
811;741
811;742
811;743
811;744
811;745
811;974
811;975
811;976
811;977
811;978
811;979
811;980
811;981
811;982
811;983
811;984
812;480
812;481
812;482
812;483
812;484
812;485
812;486
812;487
812;488
812;489
812;490
812;491
812;492
812;493
812;494
812;495
812;496
812;497
812;498
812;499
812;500
812;501
812;502
812;503
812;504
812;505
812;506
812;507
812;508
812;509
812;510
812;511
812;512
812;513
812;514
812;515
812;516
812;517
812;518
812;519
812;520
812;521
812;522
812;523
812;524
812;525
812;526
812;527
812;528
812;529
812;530
812;531
812;532
812;533
812;534
812;535
812;536
812;537
812;538
812;539
812;540
812;541
812;542
812;543
812;544
812;545
812;546
812;547
812;548
812;549
812;550
812;551
812;552
812;553
812;554
812;555
812;556
812;557
812;558
812;559
812;560
812;561
812;562
812;563
812;564
812;565
812;566
812;567
812;568
812;569
812;570
812;571
812;572
812;573
812;574
812;575
812;576
812;577
812;578
812;579
812;580
812;581
812;582
812;583
812;584
812;585
812;586
812;587
812;588
812;589
812;590
812;591
812;592
812;593
812;594
812;595
812;596
812;597
812;598
812;599
812;600
812;601
812;602
812;603
812;604
812;605
812;606
812;607
812;608
812;609
812;610
812;611
812;612
812;613
812;614
812;615
812;616
812;617
812;641
812;642
812;643
812;644
812;645
812;646
812;647
812;648
812;649
812;650
812;651
812;652
812;653
812;654
812;655
812;656
812;657
812;658
812;659
812;660
812;661
812;662
812;663
812;664
812;665
812;666
812;667
812;668
812;669
812;670
812;671
812;672
812;673
812;674
812;675
812;676
812;677
812;678
812;679
812;680
812;681
812;682
812;683
812;684
812;685
812;686
812;687
812;688
812;689
812;690
812;691
812;692
812;693
812;694
812;695
812;696
812;697
812;698
812;699
812;700
812;701
812;702
812;703
812;704
812;705
812;706
812;707
812;708
812;709
812;710
812;711
812;712
812;713
812;714
812;715
812;716
812;717
812;718
812;719
812;720
812;721
812;722
812;723
812;724
812;725
812;726
812;727
812;728
812;729
812;730
812;731
812;732
812;733
812;734
812;735
812;736
812;737
812;738
812;739
812;740
812;741
812;742
812;743
812;744
812;745
812;975
812;976
812;977
812;978
812;979
812;980
812;981
812;982
813;481
813;482
813;483
813;484
813;485
813;486
813;487
813;488
813;489
813;490
813;491
813;492
813;493
813;494
813;495
813;496
813;497
813;498
813;499
813;500
813;501
813;502
813;503
813;504
813;505
813;506
813;507
813;508
813;509
813;510
813;511
813;512
813;513
813;514
813;515
813;516
813;517
813;518
813;519
813;520
813;521
813;522
813;523
813;524
813;525
813;526
813;527
813;528
813;529
813;530
813;531
813;532
813;533
813;534
813;535
813;536
813;537
813;538
813;539
813;540
813;541
813;542
813;543
813;544
813;545
813;546
813;547
813;548
813;549
813;550
813;551
813;552
813;553
813;554
813;555
813;556
813;557
813;558
813;559
813;560
813;561
813;562
813;563
813;564
813;565
813;566
813;567
813;568
813;569
813;570
813;571
813;572
813;573
813;574
813;575
813;576
813;577
813;578
813;579
813;580
813;581
813;582
813;583
813;584
813;585
813;586
813;587
813;588
813;589
813;590
813;591
813;592
813;593
813;594
813;595
813;596
813;597
813;598
813;599
813;600
813;601
813;602
813;603
813;604
813;605
813;606
813;607
813;608
813;609
813;610
813;611
813;612
813;613
813;614
813;615
813;616
813;617
813;641
813;642
813;643
813;644
813;645
813;646
813;647
813;648
813;649
813;650
813;651
813;652
813;653
813;654
813;655
813;656
813;657
813;658
813;659
813;660
813;661
813;662
813;663
813;664
813;665
813;666
813;667
813;668
813;669
813;670
813;671
813;672
813;673
813;674
813;675
813;676
813;677
813;678
813;679
813;680
813;681
813;682
813;683
813;684
813;685
813;686
813;687
813;688
813;689
813;690
813;691
813;692
813;693
813;694
813;695
813;696
813;697
813;698
813;699
813;700
813;701
813;702
813;703
813;704
813;705
813;706
813;707
813;708
813;709
813;710
813;711
813;712
813;713
813;714
813;715
813;716
813;717
813;718
813;719
813;720
813;721
813;722
813;723
813;724
813;725
813;726
813;727
813;728
813;729
813;730
813;731
813;732
813;733
813;734
813;735
813;736
813;737
813;738
813;739
813;740
813;741
813;742
813;743
813;744
813;745
813;975
813;976
813;977
813;978
813;979
813;980
814;481
814;482
814;483
814;484
814;485
814;486
814;487
814;488
814;489
814;490
814;491
814;492
814;493
814;494
814;495
814;496
814;497
814;498
814;499
814;500
814;501
814;502
814;503
814;504
814;505
814;506
814;507
814;508
814;509
814;510
814;511
814;512
814;513
814;514
814;515
814;516
814;517
814;518
814;519
814;520
814;521
814;522
814;523
814;524
814;525
814;526
814;527
814;528
814;529
814;530
814;531
814;532
814;533
814;534
814;535
814;536
814;537
814;538
814;539
814;540
814;541
814;542
814;543
814;544
814;545
814;546
814;547
814;548
814;549
814;550
814;551
814;552
814;553
814;554
814;555
814;556
814;557
814;558
814;559
814;560
814;561
814;562
814;563
814;564
814;565
814;566
814;567
814;568
814;569
814;570
814;571
814;572
814;573
814;574
814;575
814;576
814;577
814;578
814;579
814;580
814;581
814;582
814;583
814;584
814;585
814;586
814;587
814;588
814;589
814;590
814;591
814;592
814;593
814;594
814;595
814;596
814;597
814;598
814;599
814;600
814;601
814;602
814;603
814;604
814;605
814;606
814;607
814;608
814;609
814;610
814;611
814;612
814;613
814;614
814;615
814;616
814;617
814;618
814;642
814;643
814;644
814;645
814;646
814;647
814;648
814;649
814;650
814;651
814;652
814;653
814;654
814;655
814;656
814;657
814;658
814;659
814;660
814;661
814;662
814;663
814;664
814;665
814;666
814;667
814;668
814;669
814;670
814;671
814;672
814;673
814;674
814;675
814;676
814;677
814;678
814;679
814;680
814;681
814;682
814;683
814;684
814;685
814;686
814;687
814;688
814;689
814;690
814;691
814;692
814;693
814;694
814;695
814;696
814;697
814;698
814;699
814;700
814;701
814;702
814;703
814;704
814;705
814;706
814;707
814;708
814;709
814;710
814;711
814;712
814;713
814;714
814;715
814;716
814;717
814;718
814;719
814;720
814;721
814;722
814;723
814;724
814;725
814;726
814;727
814;728
814;729
814;730
814;731
814;732
814;733
814;734
814;735
814;736
814;737
814;738
814;739
814;740
814;741
814;742
814;743
814;744
814;745
814;975
814;976
814;977
814;978
815;482
815;483
815;484
815;485
815;486
815;487
815;488
815;489
815;490
815;491
815;492
815;493
815;494
815;495
815;496
815;497
815;498
815;499
815;500
815;501
815;502
815;503
815;504
815;505
815;506
815;507
815;508
815;509
815;510
815;511
815;512
815;513
815;514
815;515
815;516
815;517
815;518
815;519
815;520
815;521
815;522
815;523
815;524
815;525
815;526
815;527
815;528
815;529
815;530
815;531
815;532
815;533
815;534
815;535
815;536
815;537
815;538
815;539
815;540
815;541
815;542
815;543
815;544
815;545
815;546
815;547
815;548
815;549
815;550
815;551
815;552
815;553
815;554
815;555
815;556
815;557
815;558
815;559
815;560
815;561
815;562
815;563
815;564
815;565
815;566
815;567
815;568
815;569
815;570
815;571
815;572
815;573
815;574
815;575
815;576
815;577
815;578
815;579
815;580
815;581
815;582
815;583
815;584
815;585
815;586
815;587
815;588
815;589
815;590
815;591
815;592
815;593
815;594
815;595
815;596
815;597
815;598
815;599
815;600
815;601
815;602
815;603
815;604
815;605
815;606
815;607
815;608
815;609
815;610
815;611
815;612
815;613
815;614
815;615
815;616
815;617
815;618
815;619
815;642
815;643
815;644
815;645
815;646
815;647
815;648
815;649
815;650
815;651
815;652
815;653
815;654
815;655
815;656
815;657
815;658
815;659
815;660
815;661
815;662
815;663
815;664
815;665
815;666
815;667
815;668
815;669
815;670
815;671
815;672
815;673
815;674
815;675
815;676
815;677
815;678
815;679
815;680
815;681
815;682
815;683
815;684
815;685
815;686
815;687
815;688
815;689
815;690
815;691
815;692
815;693
815;694
815;695
815;696
815;697
815;698
815;699
815;700
815;701
815;702
815;703
815;704
815;705
815;706
815;707
815;708
815;709
815;710
815;711
815;712
815;713
815;714
815;715
815;716
815;717
815;718
815;719
815;720
815;721
815;722
815;723
815;724
815;725
815;726
815;727
815;728
815;729
815;730
815;731
815;732
815;733
815;734
815;735
815;736
815;737
815;738
815;739
815;740
815;741
815;742
815;743
815;744
815;745
815;975
815;976
816;482
816;483
816;484
816;485
816;486
816;487
816;488
816;489
816;490
816;491
816;492
816;493
816;494
816;495
816;496
816;497
816;498
816;499
816;500
816;501
816;502
816;503
816;504
816;505
816;506
816;507
816;508
816;509
816;510
816;511
816;512
816;513
816;514
816;515
816;516
816;517
816;518
816;519
816;520
816;521
816;522
816;523
816;524
816;525
816;526
816;527
816;528
816;529
816;530
816;531
816;532
816;533
816;534
816;535
816;536
816;537
816;538
816;539
816;540
816;541
816;542
816;543
816;544
816;545
816;546
816;547
816;548
816;549
816;550
816;551
816;552
816;553
816;554
816;555
816;556
816;557
816;558
816;559
816;560
816;561
816;562
816;563
816;564
816;565
816;566
816;567
816;568
816;569
816;570
816;571
816;572
816;573
816;574
816;575
816;576
816;577
816;578
816;579
816;580
816;581
816;582
816;583
816;584
816;585
816;586
816;587
816;588
816;589
816;590
816;591
816;592
816;593
816;594
816;595
816;596
816;597
816;598
816;599
816;600
816;601
816;602
816;603
816;604
816;605
816;606
816;607
816;608
816;609
816;610
816;611
816;612
816;613
816;614
816;615
816;616
816;617
816;618
816;619
816;642
816;643
816;644
816;645
816;646
816;647
816;648
816;649
816;650
816;651
816;652
816;653
816;654
816;655
816;656
816;657
816;658
816;659
816;660
816;661
816;662
816;663
816;664
816;665
816;666
816;667
816;668
816;669
816;670
816;671
816;672
816;673
816;674
816;675
816;676
816;677
816;678
816;679
816;680
816;681
816;682
816;683
816;684
816;685
816;686
816;687
816;688
816;689
816;690
816;691
816;692
816;693
816;694
816;695
816;696
816;697
816;698
816;699
816;700
816;701
816;702
816;703
816;704
816;705
816;706
816;707
816;708
816;709
816;710
816;711
816;712
816;713
816;714
816;715
816;716
816;717
816;718
816;719
816;720
816;721
816;722
816;723
816;724
816;725
816;726
816;727
816;728
816;729
816;730
816;731
816;732
816;733
816;734
816;735
816;736
816;737
816;738
816;739
816;740
816;741
816;742
816;743
816;744
816;745
816;975
817;482
817;483
817;484
817;485
817;486
817;487
817;488
817;489
817;490
817;491
817;492
817;493
817;494
817;495
817;496
817;497
817;498
817;499
817;500
817;501
817;502
817;503
817;504
817;505
817;506
817;507
817;508
817;509
817;510
817;511
817;512
817;513
817;514
817;515
817;516
817;517
817;518
817;519
817;520
817;521
817;522
817;523
817;524
817;525
817;526
817;527
817;528
817;529
817;530
817;531
817;532
817;533
817;534
817;535
817;536
817;537
817;538
817;539
817;540
817;541
817;542
817;543
817;544
817;545
817;546
817;547
817;548
817;549
817;550
817;551
817;552
817;553
817;554
817;555
817;556
817;557
817;558
817;559
817;560
817;561
817;562
817;563
817;564
817;565
817;566
817;567
817;568
817;569
817;570
817;571
817;572
817;573
817;574
817;575
817;576
817;577
817;578
817;579
817;580
817;581
817;582
817;583
817;584
817;585
817;586
817;587
817;588
817;589
817;590
817;591
817;592
817;593
817;594
817;595
817;596
817;597
817;598
817;599
817;600
817;601
817;602
817;603
817;604
817;605
817;606
817;607
817;608
817;609
817;610
817;611
817;612
817;613
817;614
817;615
817;616
817;617
817;618
817;619
817;642
817;643
817;644
817;645
817;646
817;647
817;648
817;649
817;650
817;651
817;652
817;653
817;654
817;655
817;656
817;657
817;658
817;659
817;660
817;661
817;662
817;663
817;664
817;665
817;666
817;667
817;668
817;669
817;670
817;671
817;672
817;673
817;674
817;675
817;676
817;677
817;678
817;679
817;680
817;681
817;682
817;683
817;684
817;685
817;686
817;687
817;688
817;689
817;690
817;691
817;692
817;693
817;694
817;695
817;696
817;697
817;698
817;699
817;700
817;701
817;702
817;703
817;704
817;705
817;706
817;707
817;708
817;709
817;710
817;711
817;712
817;713
817;714
817;715
817;716
817;717
817;718
817;719
817;720
817;721
817;722
817;723
817;724
817;725
817;726
817;727
817;728
817;729
817;730
817;731
817;732
817;733
817;734
817;735
817;736
817;737
817;738
817;739
817;740
817;741
817;742
817;743
817;744
817;745
818;483
818;484
818;485
818;486
818;487
818;488
818;489
818;490
818;491
818;492
818;493
818;494
818;495
818;496
818;497
818;498
818;499
818;500
818;501
818;502
818;503
818;504
818;505
818;506
818;507
818;508
818;509
818;510
818;511
818;512
818;513
818;514
818;515
818;516
818;517
818;518
818;519
818;520
818;521
818;522
818;523
818;524
818;525
818;526
818;527
818;528
818;529
818;530
818;531
818;532
818;533
818;534
818;535
818;536
818;537
818;538
818;539
818;540
818;541
818;542
818;543
818;544
818;545
818;546
818;547
818;548
818;549
818;550
818;551
818;552
818;553
818;554
818;555
818;556
818;557
818;558
818;559
818;560
818;561
818;562
818;563
818;564
818;565
818;566
818;567
818;568
818;569
818;570
818;571
818;572
818;573
818;574
818;575
818;576
818;577
818;578
818;579
818;580
818;581
818;582
818;583
818;584
818;585
818;586
818;587
818;588
818;589
818;590
818;591
818;592
818;593
818;594
818;595
818;596
818;597
818;598
818;599
818;600
818;601
818;602
818;603
818;604
818;605
818;606
818;607
818;608
818;609
818;610
818;611
818;612
818;613
818;614
818;615
818;616
818;617
818;618
818;619
818;620
818;642
818;643
818;644
818;645
818;646
818;647
818;648
818;649
818;650
818;651
818;652
818;653
818;654
818;655
818;656
818;657
818;658
818;659
818;660
818;661
818;662
818;663
818;664
818;665
818;666
818;667
818;668
818;669
818;670
818;671
818;672
818;673
818;674
818;675
818;676
818;677
818;678
818;679
818;680
818;681
818;682
818;683
818;684
818;685
818;686
818;687
818;688
818;689
818;690
818;691
818;692
818;693
818;694
818;695
818;696
818;697
818;698
818;699
818;700
818;701
818;702
818;703
818;704
818;705
818;706
818;707
818;708
818;709
818;710
818;711
818;712
818;713
818;714
818;715
818;716
818;717
818;718
818;719
818;720
818;721
818;722
818;723
818;724
818;725
818;726
818;727
818;728
818;729
818;730
818;731
818;732
818;733
818;734
818;735
818;736
818;737
818;738
818;739
818;740
818;741
818;742
818;743
818;744
818;745
819;483
819;484
819;485
819;486
819;487
819;488
819;489
819;490
819;491
819;492
819;493
819;494
819;495
819;496
819;497
819;498
819;499
819;500
819;501
819;502
819;503
819;504
819;505
819;506
819;507
819;508
819;509
819;510
819;511
819;512
819;513
819;514
819;515
819;516
819;517
819;518
819;519
819;520
819;521
819;522
819;523
819;524
819;525
819;526
819;527
819;528
819;529
819;530
819;531
819;532
819;533
819;534
819;535
819;536
819;537
819;538
819;539
819;540
819;541
819;542
819;543
819;544
819;545
819;546
819;547
819;548
819;549
819;550
819;551
819;552
819;553
819;554
819;555
819;556
819;557
819;558
819;559
819;560
819;561
819;562
819;563
819;564
819;565
819;566
819;567
819;568
819;569
819;570
819;571
819;572
819;573
819;574
819;575
819;576
819;577
819;578
819;579
819;580
819;581
819;582
819;583
819;584
819;585
819;586
819;587
819;588
819;589
819;590
819;591
819;592
819;593
819;594
819;595
819;596
819;597
819;598
819;599
819;600
819;601
819;602
819;603
819;604
819;605
819;606
819;607
819;608
819;609
819;610
819;611
819;612
819;613
819;614
819;615
819;616
819;617
819;618
819;619
819;620
819;642
819;643
819;644
819;645
819;646
819;647
819;648
819;649
819;650
819;651
819;652
819;653
819;654
819;655
819;656
819;657
819;658
819;659
819;660
819;661
819;662
819;663
819;664
819;665
819;666
819;667
819;668
819;669
819;670
819;671
819;672
819;673
819;674
819;675
819;676
819;677
819;678
819;679
819;680
819;681
819;682
819;683
819;684
819;685
819;686
819;687
819;688
819;689
819;690
819;691
819;692
819;693
819;694
819;695
819;696
819;697
819;698
819;699
819;700
819;701
819;702
819;703
819;704
819;705
819;706
819;707
819;708
819;709
819;710
819;711
819;712
819;713
819;714
819;715
819;716
819;717
819;718
819;719
819;720
819;721
819;722
819;723
819;724
819;725
819;726
819;727
819;728
819;729
819;730
819;731
819;732
819;733
819;734
819;735
819;736
819;737
819;738
819;739
819;740
819;741
819;742
819;743
819;744
819;745
820;484
820;485
820;486
820;487
820;488
820;489
820;490
820;491
820;492
820;493
820;494
820;495
820;496
820;497
820;498
820;499
820;500
820;501
820;502
820;503
820;504
820;505
820;506
820;507
820;508
820;509
820;510
820;511
820;512
820;513
820;514
820;515
820;516
820;517
820;518
820;519
820;520
820;521
820;522
820;523
820;524
820;525
820;526
820;527
820;528
820;529
820;530
820;531
820;532
820;533
820;534
820;535
820;536
820;537
820;538
820;539
820;540
820;541
820;542
820;543
820;544
820;545
820;546
820;547
820;548
820;549
820;550
820;551
820;552
820;553
820;554
820;555
820;556
820;557
820;558
820;559
820;560
820;561
820;562
820;563
820;564
820;565
820;566
820;567
820;568
820;569
820;570
820;571
820;572
820;573
820;574
820;575
820;576
820;577
820;578
820;579
820;580
820;581
820;582
820;583
820;584
820;585
820;586
820;587
820;588
820;589
820;590
820;591
820;592
820;593
820;594
820;595
820;596
820;597
820;598
820;599
820;600
820;601
820;602
820;603
820;604
820;605
820;606
820;607
820;608
820;609
820;610
820;611
820;612
820;613
820;614
820;615
820;616
820;617
820;618
820;619
820;620
820;621
820;642
820;643
820;644
820;645
820;646
820;647
820;648
820;649
820;650
820;651
820;652
820;653
820;654
820;655
820;656
820;657
820;658
820;659
820;660
820;661
820;662
820;663
820;664
820;665
820;666
820;667
820;668
820;669
820;670
820;671
820;672
820;673
820;674
820;675
820;676
820;677
820;678
820;679
820;680
820;681
820;682
820;683
820;684
820;685
820;686
820;687
820;688
820;689
820;690
820;691
820;692
820;693
820;694
820;695
820;696
820;697
820;698
820;699
820;700
820;701
820;702
820;703
820;704
820;705
820;706
820;707
820;708
820;709
820;710
820;711
820;712
820;713
820;714
820;715
820;716
820;717
820;718
820;719
820;720
820;721
820;722
820;723
820;724
820;725
820;726
820;727
820;728
820;729
820;730
820;731
820;732
820;733
820;734
820;735
820;736
820;737
820;738
820;739
820;740
820;741
820;742
820;743
820;744
820;745
821;484
821;485
821;486
821;487
821;488
821;489
821;490
821;491
821;492
821;493
821;494
821;495
821;496
821;497
821;498
821;499
821;500
821;501
821;502
821;503
821;504
821;505
821;506
821;507
821;508
821;509
821;510
821;511
821;512
821;513
821;514
821;515
821;516
821;517
821;518
821;519
821;520
821;521
821;522
821;523
821;524
821;525
821;526
821;527
821;528
821;529
821;530
821;531
821;532
821;533
821;534
821;535
821;536
821;537
821;538
821;539
821;540
821;541
821;542
821;543
821;544
821;545
821;546
821;547
821;548
821;549
821;550
821;551
821;552
821;553
821;554
821;555
821;556
821;557
821;558
821;559
821;560
821;561
821;562
821;563
821;564
821;565
821;566
821;567
821;568
821;569
821;570
821;571
821;572
821;573
821;574
821;575
821;576
821;577
821;578
821;579
821;580
821;581
821;582
821;583
821;584
821;585
821;586
821;587
821;588
821;589
821;590
821;591
821;592
821;593
821;594
821;595
821;596
821;597
821;598
821;599
821;600
821;601
821;602
821;603
821;604
821;605
821;606
821;607
821;608
821;609
821;610
821;611
821;612
821;613
821;614
821;615
821;616
821;617
821;618
821;619
821;620
821;621
821;642
821;643
821;644
821;645
821;646
821;647
821;648
821;649
821;650
821;651
821;652
821;653
821;654
821;655
821;656
821;657
821;658
821;659
821;660
821;661
821;662
821;663
821;664
821;665
821;666
821;667
821;668
821;669
821;670
821;671
821;672
821;673
821;674
821;675
821;676
821;677
821;678
821;679
821;680
821;681
821;682
821;683
821;684
821;685
821;686
821;687
821;688
821;689
821;690
821;691
821;692
821;693
821;694
821;695
821;696
821;697
821;698
821;699
821;700
821;701
821;702
821;703
821;704
821;705
821;706
821;707
821;708
821;709
821;710
821;711
821;712
821;713
821;714
821;715
821;716
821;717
821;718
821;719
821;720
821;721
821;722
821;723
821;724
821;725
821;726
821;727
821;728
821;729
821;730
821;731
821;732
821;733
821;734
821;735
821;736
821;737
821;738
821;739
821;740
821;741
821;742
821;743
821;744
821;745
821;746
822;484
822;485
822;486
822;487
822;488
822;489
822;490
822;491
822;492
822;493
822;494
822;495
822;496
822;497
822;498
822;499
822;500
822;501
822;502
822;503
822;504
822;505
822;506
822;507
822;508
822;509
822;510
822;511
822;512
822;513
822;514
822;515
822;516
822;517
822;518
822;519
822;520
822;521
822;522
822;523
822;524
822;525
822;526
822;527
822;528
822;529
822;530
822;531
822;532
822;533
822;534
822;535
822;536
822;537
822;538
822;539
822;540
822;541
822;542
822;543
822;544
822;545
822;546
822;547
822;548
822;549
822;550
822;551
822;552
822;553
822;554
822;555
822;556
822;557
822;558
822;559
822;560
822;561
822;562
822;563
822;564
822;565
822;566
822;567
822;568
822;569
822;570
822;571
822;572
822;573
822;574
822;575
822;576
822;577
822;578
822;579
822;580
822;581
822;582
822;583
822;584
822;585
822;586
822;587
822;588
822;589
822;590
822;591
822;592
822;593
822;594
822;595
822;596
822;597
822;598
822;599
822;600
822;601
822;602
822;603
822;604
822;605
822;606
822;607
822;608
822;609
822;610
822;611
822;612
822;613
822;614
822;615
822;616
822;617
822;618
822;619
822;620
822;621
822;642
822;643
822;644
822;645
822;646
822;647
822;648
822;649
822;650
822;651
822;652
822;653
822;654
822;655
822;656
822;657
822;658
822;659
822;660
822;661
822;662
822;663
822;664
822;665
822;666
822;667
822;668
822;669
822;670
822;671
822;672
822;673
822;674
822;675
822;676
822;677
822;678
822;679
822;680
822;681
822;682
822;683
822;684
822;685
822;686
822;687
822;688
822;689
822;690
822;691
822;692
822;693
822;694
822;695
822;696
822;697
822;698
822;699
822;700
822;701
822;702
822;703
822;704
822;705
822;706
822;707
822;708
822;709
822;710
822;711
822;712
822;713
822;714
822;715
822;716
822;717
822;718
822;719
822;720
822;721
822;722
822;723
822;724
822;725
822;726
822;727
822;728
822;729
822;730
822;731
822;732
822;733
822;734
822;735
822;736
822;737
822;738
822;739
822;740
822;741
822;742
822;743
822;744
822;745
822;746
823;485
823;486
823;487
823;488
823;489
823;490
823;491
823;492
823;493
823;494
823;495
823;496
823;497
823;498
823;499
823;500
823;501
823;502
823;503
823;504
823;505
823;506
823;507
823;508
823;509
823;510
823;511
823;512
823;513
823;514
823;515
823;516
823;517
823;518
823;519
823;520
823;521
823;522
823;523
823;524
823;525
823;526
823;527
823;528
823;529
823;530
823;531
823;532
823;533
823;534
823;535
823;536
823;537
823;538
823;539
823;540
823;541
823;542
823;543
823;544
823;545
823;546
823;547
823;548
823;549
823;550
823;551
823;552
823;553
823;554
823;555
823;556
823;557
823;558
823;559
823;560
823;561
823;562
823;563
823;564
823;565
823;566
823;567
823;568
823;569
823;570
823;571
823;572
823;573
823;574
823;575
823;576
823;577
823;578
823;579
823;580
823;581
823;582
823;583
823;584
823;585
823;586
823;587
823;588
823;589
823;590
823;591
823;592
823;593
823;594
823;595
823;596
823;597
823;598
823;599
823;600
823;601
823;602
823;603
823;604
823;605
823;606
823;607
823;608
823;609
823;610
823;611
823;612
823;613
823;614
823;615
823;616
823;617
823;618
823;619
823;620
823;621
823;622
823;642
823;643
823;644
823;645
823;646
823;647
823;648
823;649
823;650
823;651
823;652
823;653
823;654
823;655
823;656
823;657
823;658
823;659
823;660
823;661
823;662
823;663
823;664
823;665
823;666
823;667
823;668
823;669
823;670
823;671
823;672
823;673
823;674
823;675
823;676
823;677
823;678
823;679
823;680
823;681
823;682
823;683
823;684
823;685
823;686
823;687
823;688
823;689
823;690
823;691
823;692
823;693
823;694
823;695
823;696
823;697
823;698
823;699
823;700
823;701
823;702
823;703
823;704
823;705
823;706
823;707
823;708
823;709
823;710
823;711
823;712
823;713
823;714
823;715
823;716
823;717
823;718
823;719
823;720
823;721
823;722
823;723
823;724
823;725
823;726
823;727
823;728
823;729
823;730
823;731
823;732
823;733
823;734
823;735
823;736
823;737
823;738
823;739
823;740
823;741
823;742
823;743
823;744
823;745
823;746
824;485
824;486
824;487
824;488
824;489
824;490
824;491
824;492
824;493
824;494
824;495
824;496
824;497
824;498
824;499
824;500
824;501
824;502
824;503
824;504
824;505
824;506
824;507
824;508
824;509
824;510
824;511
824;512
824;513
824;514
824;515
824;516
824;517
824;518
824;519
824;520
824;521
824;522
824;523
824;524
824;525
824;526
824;527
824;528
824;529
824;530
824;531
824;532
824;533
824;534
824;535
824;536
824;537
824;538
824;539
824;540
824;541
824;542
824;543
824;544
824;545
824;546
824;547
824;548
824;549
824;550
824;551
824;552
824;553
824;554
824;555
824;556
824;557
824;558
824;559
824;560
824;561
824;562
824;563
824;564
824;565
824;566
824;567
824;568
824;569
824;570
824;571
824;572
824;573
824;574
824;575
824;576
824;577
824;578
824;579
824;580
824;581
824;582
824;583
824;584
824;585
824;586
824;587
824;588
824;589
824;590
824;591
824;592
824;593
824;594
824;595
824;596
824;597
824;598
824;599
824;600
824;601
824;602
824;603
824;604
824;605
824;606
824;607
824;608
824;609
824;610
824;611
824;612
824;613
824;614
824;615
824;616
824;617
824;618
824;619
824;620
824;621
824;622
824;642
824;643
824;644
824;645
824;646
824;647
824;648
824;649
824;650
824;651
824;652
824;653
824;654
824;655
824;656
824;657
824;658
824;659
824;660
824;661
824;662
824;663
824;664
824;665
824;666
824;667
824;668
824;669
824;670
824;671
824;672
824;673
824;674
824;675
824;676
824;677
824;678
824;679
824;680
824;681
824;682
824;683
824;684
824;685
824;686
824;687
824;688
824;689
824;690
824;691
824;692
824;693
824;694
824;695
824;696
824;697
824;698
824;699
824;700
824;701
824;702
824;703
824;704
824;705
824;706
824;707
824;708
824;709
824;710
824;711
824;712
824;713
824;714
824;715
824;716
824;717
824;718
824;719
824;720
824;721
824;722
824;723
824;724
824;725
824;726
824;727
824;728
824;729
824;730
824;731
824;732
824;733
824;734
824;735
824;736
824;737
824;738
824;739
824;740
824;741
824;742
824;743
824;744
824;745
824;746
825;486
825;487
825;488
825;489
825;490
825;491
825;492
825;493
825;494
825;495
825;496
825;497
825;498
825;499
825;500
825;501
825;502
825;503
825;504
825;505
825;506
825;507
825;508
825;509
825;510
825;511
825;512
825;513
825;514
825;515
825;516
825;517
825;518
825;519
825;520
825;521
825;522
825;523
825;524
825;525
825;526
825;527
825;528
825;529
825;530
825;531
825;532
825;533
825;534
825;535
825;536
825;537
825;538
825;539
825;540
825;541
825;542
825;543
825;544
825;545
825;546
825;547
825;548
825;549
825;550
825;551
825;552
825;553
825;554
825;555
825;556
825;557
825;558
825;559
825;560
825;561
825;562
825;563
825;564
825;565
825;566
825;567
825;568
825;569
825;570
825;571
825;572
825;573
825;574
825;575
825;576
825;577
825;578
825;579
825;580
825;581
825;582
825;583
825;584
825;585
825;586
825;587
825;588
825;589
825;590
825;591
825;592
825;593
825;594
825;595
825;596
825;597
825;598
825;599
825;600
825;601
825;602
825;603
825;604
825;605
825;606
825;607
825;608
825;609
825;610
825;611
825;612
825;613
825;614
825;615
825;616
825;617
825;618
825;619
825;620
825;621
825;622
825;623
825;642
825;643
825;644
825;645
825;646
825;647
825;648
825;649
825;650
825;651
825;652
825;653
825;654
825;655
825;656
825;657
825;658
825;659
825;660
825;661
825;662
825;663
825;664
825;665
825;666
825;667
825;668
825;669
825;670
825;671
825;672
825;673
825;674
825;675
825;676
825;677
825;678
825;679
825;680
825;681
825;682
825;683
825;684
825;685
825;686
825;687
825;688
825;689
825;690
825;691
825;692
825;693
825;694
825;695
825;696
825;697
825;698
825;699
825;700
825;701
825;702
825;703
825;704
825;705
825;706
825;707
825;708
825;709
825;710
825;711
825;712
825;713
825;714
825;715
825;716
825;717
825;718
825;719
825;720
825;721
825;722
825;723
825;724
825;725
825;726
825;727
825;728
825;729
825;730
825;731
825;732
825;733
825;734
825;735
825;736
825;737
825;738
825;739
825;740
825;741
825;742
825;743
825;744
825;745
825;746
826;486
826;487
826;488
826;489
826;490
826;491
826;492
826;493
826;494
826;495
826;496
826;497
826;498
826;499
826;500
826;501
826;502
826;503
826;504
826;505
826;506
826;507
826;508
826;509
826;510
826;511
826;512
826;513
826;514
826;515
826;516
826;517
826;518
826;519
826;520
826;521
826;522
826;523
826;524
826;525
826;526
826;527
826;528
826;529
826;530
826;531
826;532
826;533
826;534
826;535
826;536
826;537
826;538
826;539
826;540
826;541
826;542
826;543
826;544
826;545
826;546
826;547
826;548
826;549
826;550
826;551
826;552
826;553
826;554
826;555
826;556
826;557
826;558
826;559
826;560
826;561
826;562
826;563
826;564
826;565
826;566
826;567
826;568
826;569
826;570
826;571
826;572
826;573
826;574
826;575
826;576
826;577
826;578
826;579
826;580
826;581
826;582
826;583
826;584
826;585
826;586
826;587
826;588
826;589
826;590
826;591
826;592
826;593
826;594
826;595
826;596
826;597
826;598
826;599
826;600
826;601
826;602
826;603
826;604
826;605
826;606
826;607
826;608
826;609
826;610
826;611
826;612
826;613
826;614
826;615
826;616
826;617
826;618
826;619
826;620
826;621
826;622
826;623
826;642
826;643
826;644
826;645
826;646
826;647
826;648
826;649
826;650
826;651
826;652
826;653
826;654
826;655
826;656
826;657
826;658
826;659
826;660
826;661
826;662
826;663
826;664
826;665
826;666
826;667
826;668
826;669
826;670
826;671
826;672
826;673
826;674
826;675
826;676
826;677
826;678
826;679
826;680
826;681
826;682
826;683
826;684
826;685
826;686
826;687
826;688
826;689
826;690
826;691
826;692
826;693
826;694
826;695
826;696
826;697
826;698
826;699
826;700
826;701
826;702
826;703
826;704
826;705
826;706
826;707
826;708
826;709
826;710
826;711
826;712
826;713
826;714
826;715
826;716
826;717
826;718
826;719
826;720
826;721
826;722
826;723
826;724
826;725
826;726
826;727
826;728
826;729
826;730
826;731
826;732
826;733
826;734
826;735
826;736
826;737
826;738
826;739
826;740
826;741
826;742
826;743
826;744
826;745
826;746
827;487
827;488
827;489
827;490
827;491
827;492
827;493
827;494
827;495
827;496
827;497
827;498
827;499
827;500
827;501
827;502
827;503
827;504
827;505
827;506
827;507
827;508
827;509
827;510
827;511
827;512
827;513
827;514
827;515
827;516
827;517
827;518
827;519
827;520
827;521
827;522
827;523
827;524
827;525
827;526
827;527
827;528
827;529
827;530
827;531
827;532
827;533
827;534
827;535
827;536
827;537
827;538
827;539
827;540
827;541
827;542
827;543
827;544
827;545
827;546
827;547
827;548
827;549
827;550
827;551
827;552
827;553
827;554
827;555
827;556
827;557
827;558
827;559
827;560
827;561
827;562
827;563
827;564
827;565
827;566
827;567
827;568
827;569
827;570
827;571
827;572
827;573
827;574
827;575
827;576
827;577
827;578
827;579
827;580
827;581
827;582
827;583
827;584
827;585
827;586
827;587
827;588
827;589
827;590
827;591
827;592
827;593
827;594
827;595
827;596
827;597
827;598
827;599
827;600
827;601
827;602
827;603
827;604
827;605
827;606
827;607
827;608
827;609
827;610
827;611
827;612
827;613
827;614
827;615
827;616
827;617
827;618
827;619
827;620
827;621
827;622
827;623
827;642
827;643
827;644
827;645
827;646
827;647
827;648
827;649
827;650
827;651
827;652
827;653
827;654
827;655
827;656
827;657
827;658
827;659
827;660
827;661
827;662
827;663
827;664
827;665
827;666
827;667
827;668
827;669
827;670
827;671
827;672
827;673
827;674
827;675
827;676
827;677
827;678
827;679
827;680
827;681
827;682
827;683
827;684
827;685
827;686
827;687
827;688
827;689
827;690
827;691
827;692
827;693
827;694
827;695
827;696
827;697
827;698
827;699
827;700
827;701
827;702
827;703
827;704
827;705
827;706
827;707
827;708
827;709
827;710
827;711
827;712
827;713
827;714
827;715
827;716
827;717
827;718
827;719
827;720
827;721
827;722
827;723
827;724
827;725
827;726
827;727
827;728
827;729
827;730
827;731
827;732
827;733
827;734
827;735
827;736
827;737
827;738
827;739
827;740
827;741
827;742
827;743
827;744
827;745
827;746
828;487
828;488
828;489
828;490
828;491
828;492
828;493
828;494
828;495
828;496
828;497
828;498
828;499
828;500
828;501
828;502
828;503
828;504
828;505
828;506
828;507
828;508
828;509
828;510
828;511
828;512
828;513
828;514
828;515
828;516
828;517
828;518
828;519
828;520
828;521
828;522
828;523
828;524
828;525
828;526
828;527
828;528
828;529
828;530
828;531
828;532
828;533
828;534
828;535
828;536
828;537
828;538
828;539
828;540
828;541
828;542
828;543
828;544
828;545
828;546
828;547
828;548
828;549
828;550
828;551
828;552
828;553
828;554
828;555
828;556
828;557
828;558
828;559
828;560
828;561
828;562
828;563
828;564
828;565
828;566
828;567
828;568
828;569
828;570
828;571
828;572
828;573
828;574
828;575
828;576
828;577
828;578
828;579
828;580
828;581
828;582
828;583
828;584
828;585
828;586
828;587
828;588
828;589
828;590
828;591
828;592
828;593
828;594
828;595
828;596
828;597
828;598
828;599
828;600
828;601
828;602
828;603
828;604
828;605
828;606
828;607
828;608
828;609
828;610
828;611
828;612
828;613
828;614
828;615
828;616
828;617
828;618
828;619
828;620
828;621
828;622
828;623
828;624
828;642
828;643
828;644
828;645
828;646
828;647
828;648
828;649
828;650
828;651
828;652
828;653
828;654
828;655
828;656
828;657
828;658
828;659
828;660
828;661
828;662
828;663
828;664
828;665
828;666
828;667
828;668
828;669
828;670
828;671
828;672
828;673
828;674
828;675
828;676
828;677
828;678
828;679
828;680
828;681
828;682
828;683
828;684
828;685
828;686
828;687
828;688
828;689
828;690
828;691
828;692
828;693
828;694
828;695
828;696
828;697
828;698
828;699
828;700
828;701
828;702
828;703
828;704
828;705
828;706
828;707
828;708
828;709
828;710
828;711
828;712
828;713
828;714
828;715
828;716
828;717
828;718
828;719
828;720
828;721
828;722
828;723
828;724
828;725
828;726
828;727
828;728
828;729
828;730
828;731
828;732
828;733
828;734
828;735
828;736
828;737
828;738
828;739
828;740
828;741
828;742
828;743
828;744
828;745
828;746
829;488
829;489
829;490
829;491
829;492
829;493
829;494
829;495
829;496
829;497
829;498
829;499
829;500
829;501
829;502
829;503
829;504
829;505
829;506
829;507
829;508
829;509
829;510
829;511
829;512
829;513
829;514
829;515
829;516
829;517
829;518
829;519
829;520
829;521
829;522
829;523
829;524
829;525
829;526
829;527
829;528
829;529
829;530
829;531
829;532
829;533
829;534
829;535
829;536
829;537
829;538
829;539
829;540
829;541
829;542
829;543
829;544
829;545
829;546
829;547
829;548
829;549
829;550
829;551
829;552
829;553
829;554
829;555
829;556
829;557
829;558
829;559
829;560
829;561
829;562
829;563
829;564
829;565
829;566
829;567
829;568
829;569
829;570
829;571
829;572
829;573
829;574
829;575
829;576
829;577
829;578
829;579
829;580
829;581
829;582
829;583
829;584
829;585
829;586
829;587
829;588
829;589
829;590
829;591
829;592
829;593
829;594
829;595
829;596
829;597
829;598
829;599
829;600
829;601
829;602
829;603
829;604
829;605
829;606
829;607
829;608
829;609
829;610
829;611
829;612
829;613
829;614
829;615
829;616
829;617
829;618
829;619
829;620
829;621
829;622
829;623
829;624
829;625
829;642
829;643
829;644
829;645
829;646
829;647
829;648
829;649
829;650
829;651
829;652
829;653
829;654
829;655
829;656
829;657
829;658
829;659
829;660
829;661
829;662
829;663
829;664
829;665
829;666
829;667
829;668
829;669
829;670
829;671
829;672
829;673
829;674
829;675
829;676
829;677
829;678
829;679
829;680
829;681
829;682
829;683
829;684
829;685
829;686
829;687
829;688
829;689
829;690
829;691
829;692
829;693
829;694
829;695
829;696
829;697
829;698
829;699
829;700
829;701
829;702
829;703
829;704
829;705
829;706
829;707
829;708
829;709
829;710
829;711
829;712
829;713
829;714
829;715
829;716
829;717
829;718
829;719
829;720
829;721
829;722
829;723
829;724
829;725
829;726
829;727
829;728
829;729
829;730
829;731
829;732
829;733
829;734
829;735
829;736
829;737
829;738
829;739
829;740
829;741
829;742
829;743
829;744
829;745
829;746
830;488
830;489
830;490
830;491
830;492
830;493
830;494
830;495
830;496
830;497
830;498
830;499
830;500
830;501
830;502
830;503
830;504
830;505
830;506
830;507
830;508
830;509
830;510
830;511
830;512
830;513
830;514
830;515
830;516
830;517
830;518
830;519
830;520
830;521
830;522
830;523
830;524
830;525
830;526
830;527
830;528
830;529
830;530
830;531
830;532
830;533
830;534
830;535
830;536
830;537
830;538
830;539
830;540
830;541
830;542
830;543
830;544
830;545
830;546
830;547
830;548
830;549
830;550
830;551
830;552
830;553
830;554
830;555
830;556
830;557
830;558
830;559
830;560
830;561
830;562
830;563
830;564
830;565
830;566
830;567
830;568
830;569
830;570
830;571
830;572
830;573
830;574
830;575
830;576
830;577
830;578
830;579
830;580
830;581
830;582
830;583
830;584
830;585
830;586
830;587
830;588
830;589
830;590
830;591
830;592
830;593
830;594
830;595
830;596
830;597
830;598
830;599
830;600
830;601
830;602
830;603
830;604
830;605
830;606
830;607
830;608
830;609
830;610
830;611
830;612
830;613
830;614
830;615
830;616
830;617
830;618
830;619
830;620
830;621
830;622
830;623
830;624
830;625
830;642
830;643
830;644
830;645
830;646
830;647
830;648
830;649
830;650
830;651
830;652
830;653
830;654
830;655
830;656
830;657
830;658
830;659
830;660
830;661
830;662
830;663
830;664
830;665
830;666
830;667
830;668
830;669
830;670
830;671
830;672
830;673
830;674
830;675
830;676
830;677
830;678
830;679
830;680
830;681
830;682
830;683
830;684
830;685
830;686
830;687
830;688
830;689
830;690
830;691
830;692
830;693
830;694
830;695
830;696
830;697
830;698
830;699
830;700
830;701
830;702
830;703
830;704
830;705
830;706
830;707
830;708
830;709
830;710
830;711
830;712
830;713
830;714
830;715
830;716
830;717
830;718
830;719
830;720
830;721
830;722
830;723
830;724
830;725
830;726
830;727
830;728
830;729
830;730
830;731
830;732
830;733
830;734
830;735
830;736
830;737
830;738
830;739
830;740
830;741
830;742
830;743
830;744
830;745
830;746
831;488
831;489
831;490
831;491
831;492
831;493
831;494
831;495
831;496
831;497
831;498
831;499
831;500
831;501
831;502
831;503
831;504
831;505
831;506
831;507
831;508
831;509
831;510
831;511
831;512
831;513
831;514
831;515
831;516
831;517
831;518
831;519
831;520
831;521
831;522
831;523
831;524
831;525
831;526
831;527
831;528
831;529
831;530
831;531
831;532
831;533
831;534
831;535
831;536
831;537
831;538
831;539
831;540
831;541
831;542
831;543
831;544
831;545
831;546
831;547
831;548
831;549
831;550
831;551
831;552
831;553
831;554
831;555
831;556
831;557
831;558
831;559
831;560
831;561
831;562
831;563
831;564
831;565
831;566
831;567
831;568
831;569
831;570
831;571
831;572
831;573
831;574
831;575
831;576
831;577
831;578
831;579
831;580
831;581
831;582
831;583
831;584
831;585
831;586
831;587
831;588
831;589
831;590
831;591
831;592
831;593
831;594
831;595
831;596
831;597
831;598
831;599
831;600
831;601
831;602
831;603
831;604
831;605
831;606
831;607
831;608
831;609
831;610
831;611
831;612
831;613
831;614
831;615
831;616
831;617
831;618
831;619
831;620
831;621
831;622
831;623
831;624
831;625
831;642
831;643
831;644
831;645
831;646
831;647
831;648
831;649
831;650
831;651
831;652
831;653
831;654
831;655
831;656
831;657
831;658
831;659
831;660
831;661
831;662
831;663
831;664
831;665
831;666
831;667
831;668
831;669
831;670
831;671
831;672
831;673
831;674
831;675
831;676
831;677
831;678
831;679
831;680
831;681
831;682
831;683
831;684
831;685
831;686
831;687
831;688
831;689
831;690
831;691
831;692
831;693
831;694
831;695
831;696
831;697
831;698
831;699
831;700
831;701
831;702
831;703
831;704
831;705
831;706
831;707
831;708
831;709
831;710
831;711
831;712
831;713
831;714
831;715
831;716
831;717
831;718
831;719
831;720
831;721
831;722
831;723
831;724
831;725
831;726
831;727
831;728
831;729
831;730
831;731
831;732
831;733
831;734
831;735
831;736
831;737
831;738
831;739
831;740
831;741
831;742
831;743
831;744
831;745
831;746
832;489
832;490
832;491
832;492
832;493
832;494
832;495
832;496
832;497
832;498
832;499
832;500
832;501
832;502
832;503
832;504
832;505
832;506
832;507
832;508
832;509
832;510
832;511
832;512
832;513
832;514
832;515
832;516
832;517
832;518
832;519
832;520
832;521
832;522
832;523
832;524
832;525
832;526
832;527
832;528
832;529
832;530
832;531
832;532
832;533
832;534
832;535
832;536
832;537
832;538
832;539
832;540
832;541
832;542
832;543
832;544
832;545
832;546
832;547
832;548
832;549
832;550
832;551
832;552
832;553
832;554
832;555
832;556
832;557
832;558
832;559
832;560
832;561
832;562
832;563
832;564
832;565
832;566
832;567
832;568
832;569
832;570
832;571
832;572
832;573
832;574
832;575
832;576
832;577
832;578
832;579
832;580
832;581
832;582
832;583
832;584
832;585
832;586
832;587
832;588
832;589
832;590
832;591
832;592
832;593
832;594
832;595
832;596
832;597
832;598
832;599
832;600
832;601
832;602
832;603
832;604
832;605
832;606
832;607
832;608
832;609
832;610
832;611
832;612
832;613
832;614
832;615
832;616
832;617
832;618
832;619
832;620
832;621
832;622
832;623
832;624
832;625
832;626
832;643
832;644
832;645
832;646
832;647
832;648
832;649
832;650
832;651
832;652
832;653
832;654
832;655
832;656
832;657
832;658
832;659
832;660
832;661
832;662
832;663
832;664
832;665
832;666
832;667
832;668
832;669
832;670
832;671
832;672
832;673
832;674
832;675
832;676
832;677
832;678
832;679
832;680
832;681
832;682
832;683
832;684
832;685
832;686
832;687
832;688
832;689
832;690
832;691
832;692
832;693
832;694
832;695
832;696
832;697
832;698
832;699
832;700
832;701
832;702
832;703
832;704
832;705
832;706
832;707
832;708
832;709
832;710
832;711
832;712
832;713
832;714
832;715
832;716
832;717
832;718
832;719
832;720
832;721
832;722
832;723
832;724
832;725
832;726
832;727
832;728
832;729
832;730
832;731
832;732
832;733
832;734
832;735
832;736
832;737
832;738
832;739
832;740
832;741
832;742
832;743
832;744
832;745
832;746
833;489
833;490
833;491
833;492
833;493
833;494
833;495
833;496
833;497
833;498
833;499
833;500
833;501
833;502
833;503
833;504
833;505
833;506
833;507
833;508
833;509
833;510
833;511
833;512
833;513
833;514
833;515
833;516
833;517
833;518
833;519
833;520
833;521
833;522
833;523
833;524
833;525
833;526
833;527
833;528
833;529
833;530
833;531
833;532
833;533
833;534
833;535
833;536
833;537
833;538
833;539
833;540
833;541
833;542
833;543
833;544
833;545
833;546
833;547
833;548
833;549
833;550
833;551
833;552
833;553
833;554
833;555
833;556
833;557
833;558
833;559
833;560
833;561
833;562
833;563
833;564
833;565
833;566
833;567
833;568
833;569
833;570
833;571
833;572
833;573
833;574
833;575
833;576
833;577
833;578
833;579
833;580
833;581
833;582
833;583
833;584
833;585
833;586
833;587
833;588
833;589
833;590
833;591
833;592
833;593
833;594
833;595
833;596
833;597
833;598
833;599
833;600
833;601
833;602
833;603
833;604
833;605
833;606
833;607
833;608
833;609
833;610
833;611
833;612
833;613
833;614
833;615
833;616
833;617
833;618
833;619
833;620
833;621
833;622
833;623
833;624
833;625
833;626
833;643
833;644
833;645
833;646
833;647
833;648
833;649
833;650
833;651
833;652
833;653
833;654
833;655
833;656
833;657
833;658
833;659
833;660
833;661
833;662
833;663
833;664
833;665
833;666
833;667
833;668
833;669
833;670
833;671
833;672
833;673
833;674
833;675
833;676
833;677
833;678
833;679
833;680
833;681
833;682
833;683
833;684
833;685
833;686
833;687
833;688
833;689
833;690
833;691
833;692
833;693
833;694
833;695
833;696
833;697
833;698
833;699
833;700
833;701
833;702
833;703
833;704
833;705
833;706
833;707
833;708
833;709
833;710
833;711
833;712
833;713
833;714
833;715
833;716
833;717
833;718
833;719
833;720
833;721
833;722
833;723
833;724
833;725
833;726
833;727
833;728
833;729
833;730
833;731
833;732
833;733
833;734
833;735
833;736
833;737
833;738
833;739
833;740
833;741
833;742
833;743
833;744
833;745
833;746
834;490
834;491
834;492
834;493
834;494
834;495
834;496
834;497
834;498
834;499
834;500
834;501
834;502
834;503
834;504
834;505
834;506
834;507
834;508
834;509
834;510
834;511
834;512
834;513
834;514
834;515
834;516
834;517
834;518
834;519
834;520
834;521
834;522
834;523
834;524
834;525
834;526
834;527
834;528
834;529
834;530
834;531
834;532
834;533
834;534
834;535
834;536
834;537
834;538
834;539
834;540
834;541
834;542
834;543
834;544
834;545
834;546
834;547
834;548
834;549
834;550
834;551
834;552
834;553
834;554
834;555
834;556
834;557
834;558
834;559
834;560
834;561
834;562
834;563
834;564
834;565
834;566
834;567
834;568
834;569
834;570
834;571
834;572
834;573
834;574
834;575
834;576
834;577
834;578
834;579
834;580
834;581
834;582
834;583
834;584
834;585
834;586
834;587
834;588
834;589
834;590
834;591
834;592
834;593
834;594
834;595
834;596
834;597
834;598
834;599
834;600
834;601
834;602
834;603
834;604
834;605
834;606
834;607
834;608
834;609
834;610
834;611
834;612
834;613
834;614
834;615
834;616
834;617
834;618
834;619
834;620
834;621
834;622
834;623
834;624
834;625
834;626
834;627
834;643
834;644
834;645
834;646
834;647
834;648
834;649
834;650
834;651
834;652
834;653
834;654
834;655
834;656
834;657
834;658
834;659
834;660
834;661
834;662
834;663
834;664
834;665
834;666
834;667
834;668
834;669
834;670
834;671
834;672
834;673
834;674
834;675
834;676
834;677
834;678
834;679
834;680
834;681
834;682
834;683
834;684
834;685
834;686
834;687
834;688
834;689
834;690
834;691
834;692
834;693
834;694
834;695
834;696
834;697
834;698
834;699
834;700
834;701
834;702
834;703
834;704
834;705
834;706
834;707
834;708
834;709
834;710
834;711
834;712
834;713
834;714
834;715
834;716
834;717
834;718
834;719
834;720
834;721
834;722
834;723
834;724
834;725
834;726
834;727
834;728
834;729
834;730
834;731
834;732
834;733
834;734
834;735
834;736
834;737
834;738
834;739
834;740
834;741
834;742
834;743
834;744
834;745
834;746
835;490
835;491
835;492
835;493
835;494
835;495
835;496
835;497
835;498
835;499
835;500
835;501
835;502
835;503
835;504
835;505
835;506
835;507
835;508
835;509
835;510
835;511
835;512
835;513
835;514
835;515
835;516
835;517
835;518
835;519
835;520
835;521
835;522
835;523
835;524
835;525
835;526
835;527
835;528
835;529
835;530
835;531
835;532
835;533
835;534
835;535
835;536
835;537
835;538
835;539
835;540
835;541
835;542
835;543
835;544
835;545
835;546
835;547
835;548
835;549
835;550
835;551
835;552
835;553
835;554
835;555
835;556
835;557
835;558
835;559
835;560
835;561
835;562
835;563
835;564
835;565
835;566
835;567
835;568
835;569
835;570
835;571
835;572
835;573
835;574
835;575
835;576
835;577
835;578
835;579
835;580
835;581
835;582
835;583
835;584
835;585
835;586
835;587
835;588
835;589
835;590
835;591
835;592
835;593
835;594
835;595
835;596
835;597
835;598
835;599
835;600
835;601
835;602
835;603
835;604
835;605
835;606
835;607
835;608
835;609
835;610
835;611
835;612
835;613
835;614
835;615
835;616
835;617
835;618
835;619
835;620
835;621
835;622
835;623
835;624
835;625
835;626
835;627
835;643
835;644
835;645
835;646
835;647
835;648
835;649
835;650
835;651
835;652
835;653
835;654
835;655
835;656
835;657
835;658
835;659
835;660
835;661
835;662
835;663
835;664
835;665
835;666
835;667
835;668
835;669
835;670
835;671
835;672
835;673
835;674
835;675
835;676
835;677
835;678
835;679
835;680
835;681
835;682
835;683
835;684
835;685
835;686
835;687
835;688
835;689
835;690
835;691
835;692
835;693
835;694
835;695
835;696
835;697
835;698
835;699
835;700
835;701
835;702
835;703
835;704
835;705
835;706
835;707
835;708
835;709
835;710
835;711
835;712
835;713
835;714
835;715
835;716
835;717
835;718
835;719
835;720
835;721
835;722
835;723
835;724
835;725
835;726
835;727
835;728
835;729
835;730
835;731
835;732
835;733
835;734
835;735
835;736
835;737
835;738
835;739
835;740
835;741
835;742
835;743
835;744
835;745
835;746
836;490
836;491
836;492
836;493
836;494
836;495
836;496
836;497
836;498
836;499
836;500
836;501
836;502
836;503
836;504
836;505
836;506
836;507
836;508
836;509
836;510
836;511
836;512
836;513
836;514
836;515
836;516
836;517
836;518
836;519
836;520
836;521
836;522
836;523
836;524
836;525
836;526
836;527
836;528
836;529
836;530
836;531
836;532
836;533
836;534
836;535
836;536
836;537
836;538
836;539
836;540
836;541
836;542
836;543
836;544
836;545
836;546
836;547
836;548
836;549
836;550
836;551
836;552
836;553
836;554
836;555
836;556
836;557
836;558
836;559
836;560
836;561
836;562
836;563
836;564
836;565
836;566
836;567
836;568
836;569
836;570
836;571
836;572
836;573
836;574
836;575
836;576
836;577
836;578
836;579
836;580
836;581
836;582
836;583
836;584
836;585
836;586
836;587
836;588
836;589
836;590
836;591
836;592
836;593
836;594
836;595
836;596
836;597
836;598
836;599
836;600
836;601
836;602
836;603
836;604
836;605
836;606
836;607
836;608
836;609
836;610
836;611
836;612
836;613
836;614
836;615
836;616
836;617
836;618
836;619
836;620
836;621
836;622
836;623
836;624
836;625
836;626
836;627
836;643
836;644
836;645
836;646
836;647
836;648
836;649
836;650
836;651
836;652
836;653
836;654
836;655
836;656
836;657
836;658
836;659
836;660
836;661
836;662
836;663
836;664
836;665
836;666
836;667
836;668
836;669
836;670
836;671
836;672
836;673
836;674
836;675
836;676
836;677
836;678
836;679
836;680
836;681
836;682
836;683
836;684
836;685
836;686
836;687
836;688
836;689
836;690
836;691
836;692
836;693
836;694
836;695
836;696
836;697
836;698
836;699
836;700
836;701
836;702
836;703
836;704
836;705
836;706
836;707
836;708
836;709
836;710
836;711
836;712
836;713
836;714
836;715
836;716
836;717
836;718
836;719
836;720
836;721
836;722
836;723
836;724
836;725
836;726
836;727
836;728
836;729
836;730
836;731
836;732
836;733
836;734
836;735
836;736
836;737
836;738
836;739
836;740
836;741
836;742
836;743
836;744
836;745
836;746
837;491
837;492
837;493
837;494
837;495
837;496
837;497
837;498
837;499
837;500
837;501
837;502
837;503
837;504
837;505
837;506
837;507
837;508
837;509
837;510
837;511
837;512
837;513
837;514
837;515
837;516
837;517
837;518
837;519
837;520
837;521
837;522
837;523
837;524
837;525
837;526
837;527
837;528
837;529
837;530
837;531
837;532
837;533
837;534
837;535
837;536
837;537
837;538
837;539
837;540
837;541
837;542
837;543
837;544
837;545
837;546
837;547
837;548
837;549
837;550
837;551
837;552
837;553
837;554
837;555
837;556
837;557
837;558
837;559
837;560
837;561
837;562
837;563
837;564
837;565
837;566
837;567
837;568
837;569
837;570
837;571
837;572
837;573
837;574
837;575
837;576
837;577
837;578
837;579
837;580
837;581
837;582
837;583
837;584
837;585
837;586
837;587
837;588
837;589
837;590
837;591
837;592
837;593
837;594
837;595
837;596
837;597
837;598
837;599
837;600
837;601
837;602
837;603
837;604
837;605
837;606
837;607
837;608
837;609
837;610
837;611
837;612
837;613
837;614
837;615
837;616
837;617
837;618
837;619
837;620
837;621
837;622
837;623
837;624
837;625
837;626
837;627
837;628
837;643
837;644
837;645
837;646
837;647
837;648
837;649
837;650
837;651
837;652
837;653
837;654
837;655
837;656
837;657
837;658
837;659
837;660
837;661
837;662
837;663
837;664
837;665
837;666
837;667
837;668
837;669
837;670
837;671
837;672
837;673
837;674
837;675
837;676
837;677
837;678
837;679
837;680
837;681
837;682
837;683
837;684
837;685
837;686
837;687
837;688
837;689
837;690
837;691
837;692
837;693
837;694
837;695
837;696
837;697
837;698
837;699
837;700
837;701
837;702
837;703
837;704
837;705
837;706
837;707
837;708
837;709
837;710
837;711
837;712
837;713
837;714
837;715
837;716
837;717
837;718
837;719
837;720
837;721
837;722
837;723
837;724
837;725
837;726
837;727
837;728
837;729
837;730
837;731
837;732
837;733
837;734
837;735
837;736
837;737
837;738
837;739
837;740
837;741
837;742
837;743
837;744
837;745
837;746
838;492
838;493
838;494
838;495
838;496
838;497
838;498
838;499
838;500
838;501
838;502
838;503
838;504
838;505
838;506
838;507
838;508
838;509
838;510
838;511
838;512
838;513
838;514
838;515
838;516
838;517
838;518
838;519
838;520
838;521
838;522
838;523
838;524
838;525
838;526
838;527
838;528
838;529
838;530
838;531
838;532
838;533
838;534
838;535
838;536
838;537
838;538
838;539
838;540
838;541
838;542
838;543
838;544
838;545
838;546
838;547
838;548
838;549
838;550
838;551
838;552
838;553
838;554
838;555
838;556
838;557
838;558
838;559
838;560
838;561
838;562
838;563
838;564
838;565
838;566
838;567
838;568
838;569
838;570
838;571
838;572
838;573
838;574
838;575
838;576
838;577
838;578
838;579
838;580
838;581
838;582
838;583
838;584
838;585
838;586
838;587
838;588
838;589
838;590
838;591
838;592
838;593
838;594
838;595
838;596
838;597
838;598
838;599
838;600
838;601
838;602
838;603
838;604
838;605
838;606
838;607
838;608
838;609
838;610
838;611
838;612
838;613
838;614
838;615
838;616
838;617
838;618
838;619
838;620
838;621
838;622
838;623
838;624
838;625
838;626
838;627
838;628
838;643
838;644
838;645
838;646
838;647
838;648
838;649
838;650
838;651
838;652
838;653
838;654
838;655
838;656
838;657
838;658
838;659
838;660
838;661
838;662
838;663
838;664
838;665
838;666
838;667
838;668
838;669
838;670
838;671
838;672
838;673
838;674
838;675
838;676
838;677
838;678
838;679
838;680
838;681
838;682
838;683
838;684
838;685
838;686
838;687
838;688
838;689
838;690
838;691
838;692
838;693
838;694
838;695
838;696
838;697
838;698
838;699
838;700
838;701
838;702
838;703
838;704
838;705
838;706
838;707
838;708
838;709
838;710
838;711
838;712
838;713
838;714
838;715
838;716
838;717
838;718
838;719
838;720
838;721
838;722
838;723
838;724
838;725
838;726
838;727
838;728
838;729
838;730
838;731
838;732
838;733
838;734
838;735
838;736
838;737
838;738
838;739
838;740
838;741
838;742
838;743
838;744
838;745
838;746
838;747
839;492
839;493
839;494
839;495
839;496
839;497
839;498
839;499
839;500
839;501
839;502
839;503
839;504
839;505
839;506
839;507
839;508
839;509
839;510
839;511
839;512
839;513
839;514
839;515
839;516
839;517
839;518
839;519
839;520
839;521
839;522
839;523
839;524
839;525
839;526
839;527
839;528
839;529
839;530
839;531
839;532
839;533
839;534
839;535
839;536
839;537
839;538
839;539
839;540
839;541
839;542
839;543
839;544
839;545
839;546
839;547
839;548
839;549
839;550
839;551
839;552
839;553
839;554
839;555
839;556
839;557
839;558
839;559
839;560
839;561
839;562
839;563
839;564
839;565
839;566
839;567
839;568
839;569
839;570
839;571
839;572
839;573
839;574
839;575
839;576
839;577
839;578
839;579
839;580
839;581
839;582
839;583
839;584
839;585
839;586
839;587
839;588
839;589
839;590
839;591
839;592
839;593
839;594
839;595
839;596
839;597
839;598
839;599
839;600
839;601
839;602
839;603
839;604
839;605
839;606
839;607
839;608
839;609
839;610
839;611
839;612
839;613
839;614
839;615
839;616
839;617
839;618
839;619
839;620
839;621
839;622
839;623
839;624
839;625
839;626
839;627
839;628
839;629
839;643
839;644
839;645
839;646
839;647
839;648
839;649
839;650
839;651
839;652
839;653
839;654
839;655
839;656
839;657
839;658
839;659
839;660
839;661
839;662
839;663
839;664
839;665
839;666
839;667
839;668
839;669
839;670
839;671
839;672
839;673
839;674
839;675
839;676
839;677
839;678
839;679
839;680
839;681
839;682
839;683
839;684
839;685
839;686
839;687
839;688
839;689
839;690
839;691
839;692
839;693
839;694
839;695
839;696
839;697
839;698
839;699
839;700
839;701
839;702
839;703
839;704
839;705
839;706
839;707
839;708
839;709
839;710
839;711
839;712
839;713
839;714
839;715
839;716
839;717
839;718
839;719
839;720
839;721
839;722
839;723
839;724
839;725
839;726
839;727
839;728
839;729
839;730
839;731
839;732
839;733
839;734
839;735
839;736
839;737
839;738
839;739
839;740
839;741
839;742
839;743
839;744
839;745
839;746
839;747
840;492
840;493
840;494
840;495
840;496
840;497
840;498
840;499
840;500
840;501
840;502
840;503
840;504
840;505
840;506
840;507
840;508
840;509
840;510
840;511
840;512
840;513
840;514
840;515
840;516
840;517
840;518
840;519
840;520
840;521
840;522
840;523
840;524
840;525
840;526
840;527
840;528
840;529
840;530
840;531
840;532
840;533
840;534
840;535
840;536
840;537
840;538
840;539
840;540
840;541
840;542
840;543
840;544
840;545
840;546
840;547
840;548
840;549
840;550
840;551
840;552
840;553
840;554
840;555
840;556
840;557
840;558
840;559
840;560
840;561
840;562
840;563
840;564
840;565
840;566
840;567
840;568
840;569
840;570
840;571
840;572
840;573
840;574
840;575
840;576
840;577
840;578
840;579
840;580
840;581
840;582
840;583
840;584
840;585
840;586
840;587
840;588
840;589
840;590
840;591
840;592
840;593
840;594
840;595
840;596
840;597
840;598
840;599
840;600
840;601
840;602
840;603
840;604
840;605
840;606
840;607
840;608
840;609
840;610
840;611
840;612
840;613
840;614
840;615
840;616
840;617
840;618
840;619
840;620
840;621
840;622
840;623
840;624
840;625
840;626
840;627
840;628
840;629
840;643
840;644
840;645
840;646
840;647
840;648
840;649
840;650
840;651
840;652
840;653
840;654
840;655
840;656
840;657
840;658
840;659
840;660
840;661
840;662
840;663
840;664
840;665
840;666
840;667
840;668
840;669
840;670
840;671
840;672
840;673
840;674
840;675
840;676
840;677
840;678
840;679
840;680
840;681
840;682
840;683
840;684
840;685
840;686
840;687
840;688
840;689
840;690
840;691
840;692
840;693
840;694
840;695
840;696
840;697
840;698
840;699
840;700
840;701
840;702
840;703
840;704
840;705
840;706
840;707
840;708
840;709
840;710
840;711
840;712
840;713
840;714
840;715
840;716
840;717
840;718
840;719
840;720
840;721
840;722
840;723
840;724
840;725
840;726
840;727
840;728
840;729
840;730
840;731
840;732
840;733
840;734
840;735
840;736
840;737
840;738
840;739
840;740
840;741
840;742
840;743
840;744
840;745
840;746
840;747
841;493
841;494
841;495
841;496
841;497
841;498
841;499
841;500
841;501
841;502
841;503
841;504
841;505
841;506
841;507
841;508
841;509
841;510
841;511
841;512
841;513
841;514
841;515
841;516
841;517
841;518
841;519
841;520
841;521
841;522
841;523
841;524
841;525
841;526
841;527
841;528
841;529
841;530
841;531
841;532
841;533
841;534
841;535
841;536
841;537
841;538
841;539
841;540
841;541
841;542
841;543
841;544
841;545
841;546
841;547
841;548
841;549
841;550
841;551
841;552
841;553
841;554
841;555
841;556
841;557
841;558
841;559
841;560
841;561
841;562
841;563
841;564
841;565
841;566
841;567
841;568
841;569
841;570
841;571
841;572
841;573
841;574
841;575
841;576
841;577
841;578
841;579
841;580
841;581
841;582
841;583
841;584
841;585
841;586
841;587
841;588
841;589
841;590
841;591
841;592
841;593
841;594
841;595
841;596
841;597
841;598
841;599
841;600
841;601
841;602
841;603
841;604
841;605
841;606
841;607
841;608
841;609
841;610
841;611
841;612
841;613
841;614
841;615
841;616
841;617
841;618
841;619
841;620
841;621
841;622
841;623
841;624
841;625
841;626
841;627
841;628
841;629
841;643
841;644
841;645
841;646
841;647
841;648
841;649
841;650
841;651
841;652
841;653
841;654
841;655
841;656
841;657
841;658
841;659
841;660
841;661
841;662
841;663
841;664
841;665
841;666
841;667
841;668
841;669
841;670
841;671
841;672
841;673
841;674
841;675
841;676
841;677
841;678
841;679
841;680
841;681
841;682
841;683
841;684
841;685
841;686
841;687
841;688
841;689
841;690
841;691
841;692
841;693
841;694
841;695
841;696
841;697
841;698
841;699
841;700
841;701
841;702
841;703
841;704
841;705
841;706
841;707
841;708
841;709
841;710
841;711
841;712
841;713
841;714
841;715
841;716
841;717
841;718
841;719
841;720
841;721
841;722
841;723
841;724
841;725
841;726
841;727
841;728
841;729
841;730
841;731
841;732
841;733
841;734
841;735
841;736
841;737
841;738
841;739
841;740
841;741
841;742
841;743
841;744
841;745
841;746
841;747
842;493
842;494
842;495
842;496
842;497
842;498
842;499
842;500
842;501
842;502
842;503
842;504
842;505
842;506
842;507
842;508
842;509
842;510
842;511
842;512
842;513
842;514
842;515
842;516
842;517
842;518
842;519
842;520
842;521
842;522
842;523
842;524
842;525
842;526
842;527
842;528
842;529
842;530
842;531
842;532
842;533
842;534
842;535
842;536
842;537
842;538
842;539
842;540
842;541
842;542
842;543
842;544
842;545
842;546
842;547
842;548
842;549
842;550
842;551
842;552
842;553
842;554
842;555
842;556
842;557
842;558
842;559
842;560
842;561
842;562
842;563
842;564
842;565
842;566
842;567
842;568
842;569
842;570
842;571
842;572
842;573
842;574
842;575
842;576
842;577
842;578
842;579
842;580
842;581
842;582
842;583
842;584
842;585
842;586
842;587
842;588
842;589
842;590
842;591
842;592
842;593
842;594
842;595
842;596
842;597
842;598
842;599
842;600
842;601
842;602
842;603
842;604
842;605
842;606
842;607
842;608
842;609
842;610
842;611
842;612
842;613
842;614
842;615
842;616
842;617
842;618
842;619
842;620
842;621
842;622
842;623
842;624
842;625
842;626
842;627
842;628
842;629
842;630
842;643
842;644
842;645
842;646
842;647
842;648
842;649
842;650
842;651
842;652
842;653
842;654
842;655
842;656
842;657
842;658
842;659
842;660
842;661
842;662
842;663
842;664
842;665
842;666
842;667
842;668
842;669
842;670
842;671
842;672
842;673
842;674
842;675
842;676
842;677
842;678
842;679
842;680
842;681
842;682
842;683
842;684
842;685
842;686
842;687
842;688
842;689
842;690
842;691
842;692
842;693
842;694
842;695
842;696
842;697
842;698
842;699
842;700
842;701
842;702
842;703
842;704
842;705
842;706
842;707
842;708
842;709
842;710
842;711
842;712
842;713
842;714
842;715
842;716
842;717
842;718
842;719
842;720
842;721
842;722
842;723
842;724
842;725
842;726
842;727
842;728
842;729
842;730
842;731
842;732
842;733
842;734
842;735
842;736
842;737
842;738
842;739
842;740
842;741
842;742
842;743
842;744
842;745
842;746
842;747
843;494
843;495
843;496
843;497
843;498
843;499
843;500
843;501
843;502
843;503
843;504
843;505
843;506
843;507
843;508
843;509
843;510
843;511
843;512
843;513
843;514
843;515
843;516
843;517
843;518
843;519
843;520
843;521
843;522
843;523
843;524
843;525
843;526
843;527
843;528
843;529
843;530
843;531
843;532
843;533
843;534
843;535
843;536
843;537
843;538
843;539
843;540
843;541
843;542
843;543
843;544
843;545
843;546
843;547
843;548
843;549
843;550
843;551
843;552
843;553
843;554
843;555
843;556
843;557
843;558
843;559
843;560
843;561
843;562
843;563
843;564
843;565
843;566
843;567
843;568
843;569
843;570
843;571
843;572
843;573
843;574
843;575
843;576
843;577
843;578
843;579
843;580
843;581
843;582
843;583
843;584
843;585
843;586
843;587
843;588
843;589
843;590
843;591
843;592
843;593
843;594
843;595
843;596
843;597
843;598
843;599
843;600
843;601
843;602
843;603
843;604
843;605
843;606
843;607
843;608
843;609
843;610
843;611
843;612
843;613
843;614
843;615
843;616
843;617
843;618
843;619
843;620
843;621
843;622
843;623
843;624
843;625
843;626
843;627
843;628
843;629
843;630
843;631
843;643
843;644
843;645
843;646
843;647
843;648
843;649
843;650
843;651
843;652
843;653
843;654
843;655
843;656
843;657
843;658
843;659
843;660
843;661
843;662
843;663
843;664
843;665
843;666
843;667
843;668
843;669
843;670
843;671
843;672
843;673
843;674
843;675
843;676
843;677
843;678
843;679
843;680
843;681
843;682
843;683
843;684
843;685
843;686
843;687
843;688
843;689
843;690
843;691
843;692
843;693
843;694
843;695
843;696
843;697
843;698
843;699
843;700
843;701
843;702
843;703
843;704
843;705
843;706
843;707
843;708
843;709
843;710
843;711
843;712
843;713
843;714
843;715
843;716
843;717
843;718
843;719
843;720
843;721
843;722
843;723
843;724
843;725
843;726
843;727
843;728
843;729
843;730
843;731
843;732
843;733
843;734
843;735
843;736
843;737
843;738
843;739
843;740
843;741
843;742
843;743
843;744
843;745
843;746
843;747
844;494
844;495
844;496
844;497
844;498
844;499
844;500
844;501
844;502
844;503
844;504
844;505
844;506
844;507
844;508
844;509
844;510
844;511
844;512
844;513
844;514
844;515
844;516
844;517
844;518
844;519
844;520
844;521
844;522
844;523
844;524
844;525
844;526
844;527
844;528
844;529
844;530
844;531
844;532
844;533
844;534
844;535
844;536
844;537
844;538
844;539
844;540
844;541
844;542
844;543
844;544
844;545
844;546
844;547
844;548
844;549
844;550
844;551
844;552
844;553
844;554
844;555
844;556
844;557
844;558
844;559
844;560
844;561
844;562
844;563
844;564
844;565
844;566
844;567
844;568
844;569
844;570
844;571
844;572
844;573
844;574
844;575
844;576
844;577
844;578
844;579
844;580
844;581
844;582
844;583
844;584
844;585
844;586
844;587
844;588
844;589
844;590
844;591
844;592
844;593
844;594
844;595
844;596
844;597
844;598
844;599
844;600
844;601
844;602
844;603
844;604
844;605
844;606
844;607
844;608
844;609
844;610
844;611
844;612
844;613
844;614
844;615
844;616
844;617
844;618
844;619
844;620
844;621
844;622
844;623
844;624
844;625
844;626
844;627
844;628
844;629
844;630
844;631
844;643
844;644
844;645
844;646
844;647
844;648
844;649
844;650
844;651
844;652
844;653
844;654
844;655
844;656
844;657
844;658
844;659
844;660
844;661
844;662
844;663
844;664
844;665
844;666
844;667
844;668
844;669
844;670
844;671
844;672
844;673
844;674
844;675
844;676
844;677
844;678
844;679
844;680
844;681
844;682
844;683
844;684
844;685
844;686
844;687
844;688
844;689
844;690
844;691
844;692
844;693
844;694
844;695
844;696
844;697
844;698
844;699
844;700
844;701
844;702
844;703
844;704
844;705
844;706
844;707
844;708
844;709
844;710
844;711
844;712
844;713
844;714
844;715
844;716
844;717
844;718
844;719
844;720
844;721
844;722
844;723
844;724
844;725
844;726
844;727
844;728
844;729
844;730
844;731
844;732
844;733
844;734
844;735
844;736
844;737
844;738
844;739
844;740
844;741
844;742
844;743
844;744
844;745
844;746
844;747
845;494
845;495
845;496
845;497
845;498
845;499
845;500
845;501
845;502
845;503
845;504
845;505
845;506
845;507
845;508
845;509
845;510
845;511
845;512
845;513
845;514
845;515
845;516
845;517
845;518
845;519
845;520
845;521
845;522
845;523
845;524
845;525
845;526
845;527
845;528
845;529
845;530
845;531
845;532
845;533
845;534
845;535
845;536
845;537
845;538
845;539
845;540
845;541
845;542
845;543
845;544
845;545
845;546
845;547
845;548
845;549
845;550
845;551
845;552
845;553
845;554
845;555
845;556
845;557
845;558
845;559
845;560
845;561
845;562
845;563
845;564
845;565
845;566
845;567
845;568
845;569
845;570
845;571
845;572
845;573
845;574
845;575
845;576
845;577
845;578
845;579
845;580
845;581
845;582
845;583
845;584
845;585
845;586
845;587
845;588
845;589
845;590
845;591
845;592
845;593
845;594
845;595
845;596
845;597
845;598
845;599
845;600
845;601
845;602
845;603
845;604
845;605
845;606
845;607
845;608
845;609
845;610
845;611
845;612
845;613
845;614
845;615
845;616
845;617
845;618
845;619
845;620
845;621
845;622
845;623
845;624
845;625
845;626
845;627
845;628
845;629
845;630
845;631
845;643
845;644
845;645
845;646
845;647
845;648
845;649
845;650
845;651
845;652
845;653
845;654
845;655
845;656
845;657
845;658
845;659
845;660
845;661
845;662
845;663
845;664
845;665
845;666
845;667
845;668
845;669
845;670
845;671
845;672
845;673
845;674
845;675
845;676
845;677
845;678
845;679
845;680
845;681
845;682
845;683
845;684
845;685
845;686
845;687
845;688
845;689
845;690
845;691
845;692
845;693
845;694
845;695
845;696
845;697
845;698
845;699
845;700
845;701
845;702
845;703
845;704
845;705
845;706
845;707
845;708
845;709
845;710
845;711
845;712
845;713
845;714
845;715
845;716
845;717
845;718
845;719
845;720
845;721
845;722
845;723
845;724
845;725
845;726
845;727
845;728
845;729
845;730
845;731
845;732
845;733
845;734
845;735
845;736
845;737
845;738
845;739
845;740
845;741
845;742
845;743
845;744
845;745
845;746
845;747
846;495
846;496
846;497
846;498
846;499
846;500
846;501
846;502
846;503
846;504
846;505
846;506
846;507
846;508
846;509
846;510
846;511
846;512
846;513
846;514
846;515
846;516
846;517
846;518
846;519
846;520
846;521
846;522
846;523
846;524
846;525
846;526
846;527
846;528
846;529
846;530
846;531
846;532
846;533
846;534
846;535
846;536
846;537
846;538
846;539
846;540
846;541
846;542
846;543
846;544
846;545
846;546
846;547
846;548
846;549
846;550
846;551
846;552
846;553
846;554
846;555
846;556
846;557
846;558
846;559
846;560
846;561
846;562
846;563
846;564
846;565
846;566
846;567
846;568
846;569
846;570
846;571
846;572
846;573
846;574
846;575
846;576
846;577
846;578
846;579
846;580
846;581
846;582
846;583
846;584
846;585
846;586
846;587
846;588
846;589
846;590
846;591
846;592
846;593
846;594
846;595
846;596
846;597
846;598
846;599
846;600
846;601
846;602
846;603
846;604
846;605
846;606
846;607
846;608
846;609
846;610
846;611
846;612
846;613
846;614
846;615
846;616
846;617
846;618
846;619
846;620
846;621
846;622
846;623
846;624
846;625
846;626
846;627
846;628
846;629
846;630
846;631
846;632
846;643
846;644
846;645
846;646
846;647
846;648
846;649
846;650
846;651
846;652
846;653
846;654
846;655
846;656
846;657
846;658
846;659
846;660
846;661
846;662
846;663
846;664
846;665
846;666
846;667
846;668
846;669
846;670
846;671
846;672
846;673
846;674
846;675
846;676
846;677
846;678
846;679
846;680
846;681
846;682
846;683
846;684
846;685
846;686
846;687
846;688
846;689
846;690
846;691
846;692
846;693
846;694
846;695
846;696
846;697
846;698
846;699
846;700
846;701
846;702
846;703
846;704
846;705
846;706
846;707
846;708
846;709
846;710
846;711
846;712
846;713
846;714
846;715
846;716
846;717
846;718
846;719
846;720
846;721
846;722
846;723
846;724
846;725
846;726
846;727
846;728
846;729
846;730
846;731
846;732
846;733
846;734
846;735
846;736
846;737
846;738
846;739
846;740
846;741
846;742
846;743
846;744
846;745
846;746
846;747
847;495
847;496
847;497
847;498
847;499
847;500
847;501
847;502
847;503
847;504
847;505
847;506
847;507
847;508
847;509
847;510
847;511
847;512
847;513
847;514
847;515
847;516
847;517
847;518
847;519
847;520
847;521
847;522
847;523
847;524
847;525
847;526
847;527
847;528
847;529
847;530
847;531
847;532
847;533
847;534
847;535
847;536
847;537
847;538
847;539
847;540
847;541
847;542
847;543
847;544
847;545
847;546
847;547
847;548
847;549
847;550
847;551
847;552
847;553
847;554
847;555
847;556
847;557
847;558
847;559
847;560
847;561
847;562
847;563
847;564
847;565
847;566
847;567
847;568
847;569
847;570
847;571
847;572
847;573
847;574
847;575
847;576
847;577
847;578
847;579
847;580
847;581
847;582
847;583
847;584
847;585
847;586
847;587
847;588
847;589
847;590
847;591
847;592
847;593
847;594
847;595
847;596
847;597
847;598
847;599
847;600
847;601
847;602
847;603
847;604
847;605
847;606
847;607
847;608
847;609
847;610
847;611
847;612
847;613
847;614
847;615
847;616
847;617
847;618
847;619
847;620
847;621
847;622
847;623
847;624
847;625
847;626
847;627
847;628
847;629
847;630
847;631
847;632
847;643
847;644
847;645
847;646
847;647
847;648
847;649
847;650
847;651
847;652
847;653
847;654
847;655
847;656
847;657
847;658
847;659
847;660
847;661
847;662
847;663
847;664
847;665
847;666
847;667
847;668
847;669
847;670
847;671
847;672
847;673
847;674
847;675
847;676
847;677
847;678
847;679
847;680
847;681
847;682
847;683
847;684
847;685
847;686
847;687
847;688
847;689
847;690
847;691
847;692
847;693
847;694
847;695
847;696
847;697
847;698
847;699
847;700
847;701
847;702
847;703
847;704
847;705
847;706
847;707
847;708
847;709
847;710
847;711
847;712
847;713
847;714
847;715
847;716
847;717
847;718
847;719
847;720
847;721
847;722
847;723
847;724
847;725
847;726
847;727
847;728
847;729
847;730
847;731
847;732
847;733
847;734
847;735
847;736
847;737
847;738
847;739
847;740
847;741
847;742
847;743
847;744
847;745
847;746
847;747
848;496
848;497
848;498
848;499
848;500
848;501
848;502
848;503
848;504
848;505
848;506
848;507
848;508
848;509
848;510
848;511
848;512
848;513
848;514
848;515
848;516
848;517
848;518
848;519
848;520
848;521
848;522
848;523
848;524
848;525
848;526
848;527
848;528
848;529
848;530
848;531
848;532
848;533
848;534
848;535
848;536
848;537
848;538
848;539
848;540
848;541
848;542
848;543
848;544
848;545
848;546
848;547
848;548
848;549
848;550
848;551
848;552
848;553
848;554
848;555
848;556
848;557
848;558
848;559
848;560
848;561
848;562
848;563
848;564
848;565
848;566
848;567
848;568
848;569
848;570
848;571
848;572
848;573
848;574
848;575
848;576
848;577
848;578
848;579
848;580
848;581
848;582
848;583
848;584
848;585
848;586
848;587
848;588
848;589
848;590
848;591
848;592
848;593
848;594
848;595
848;596
848;597
848;598
848;599
848;600
848;601
848;602
848;603
848;604
848;605
848;606
848;607
848;608
848;609
848;610
848;611
848;612
848;613
848;614
848;615
848;616
848;617
848;618
848;619
848;620
848;621
848;622
848;623
848;624
848;625
848;626
848;627
848;628
848;629
848;630
848;631
848;632
848;633
848;643
848;644
848;645
848;646
848;647
848;648
848;649
848;650
848;651
848;652
848;653
848;654
848;655
848;656
848;657
848;658
848;659
848;660
848;661
848;662
848;663
848;664
848;665
848;666
848;667
848;668
848;669
848;670
848;671
848;672
848;673
848;674
848;675
848;676
848;677
848;678
848;679
848;680
848;681
848;682
848;683
848;684
848;685
848;686
848;687
848;688
848;689
848;690
848;691
848;692
848;693
848;694
848;695
848;696
848;697
848;698
848;699
848;700
848;701
848;702
848;703
848;704
848;705
848;706
848;707
848;708
848;709
848;710
848;711
848;712
848;713
848;714
848;715
848;716
848;717
848;718
848;719
848;720
848;721
848;722
848;723
848;724
848;725
848;726
848;727
848;728
848;729
848;730
848;731
848;732
848;733
848;734
848;735
848;736
848;737
848;738
848;739
848;740
848;741
848;742
848;743
848;744
848;745
848;746
848;747
849;496
849;497
849;498
849;499
849;500
849;501
849;502
849;503
849;504
849;505
849;506
849;507
849;508
849;509
849;510
849;511
849;512
849;513
849;514
849;515
849;516
849;517
849;518
849;519
849;520
849;521
849;522
849;523
849;524
849;525
849;526
849;527
849;528
849;529
849;530
849;531
849;532
849;533
849;534
849;535
849;536
849;537
849;538
849;539
849;540
849;541
849;542
849;543
849;544
849;545
849;546
849;547
849;548
849;549
849;550
849;551
849;552
849;553
849;554
849;555
849;556
849;557
849;558
849;559
849;560
849;561
849;562
849;563
849;564
849;565
849;566
849;567
849;568
849;569
849;570
849;571
849;572
849;573
849;574
849;575
849;576
849;577
849;578
849;579
849;580
849;581
849;582
849;583
849;584
849;585
849;586
849;587
849;588
849;589
849;590
849;591
849;592
849;593
849;594
849;595
849;596
849;597
849;598
849;599
849;600
849;601
849;602
849;603
849;604
849;605
849;606
849;607
849;608
849;609
849;610
849;611
849;612
849;613
849;614
849;615
849;616
849;617
849;618
849;619
849;620
849;621
849;622
849;623
849;624
849;625
849;626
849;627
849;628
849;629
849;630
849;631
849;632
849;633
849;643
849;644
849;645
849;646
849;647
849;648
849;649
849;650
849;651
849;652
849;653
849;654
849;655
849;656
849;657
849;658
849;659
849;660
849;661
849;662
849;663
849;664
849;665
849;666
849;667
849;668
849;669
849;670
849;671
849;672
849;673
849;674
849;675
849;676
849;677
849;678
849;679
849;680
849;681
849;682
849;683
849;684
849;685
849;686
849;687
849;688
849;689
849;690
849;691
849;692
849;693
849;694
849;695
849;696
849;697
849;698
849;699
849;700
849;701
849;702
849;703
849;704
849;705
849;706
849;707
849;708
849;709
849;710
849;711
849;712
849;713
849;714
849;715
849;716
849;717
849;718
849;719
849;720
849;721
849;722
849;723
849;724
849;725
849;726
849;727
849;728
849;729
849;730
849;731
849;732
849;733
849;734
849;735
849;736
849;737
849;738
849;739
849;740
849;741
849;742
849;743
849;744
849;745
849;746
849;747
850;496
850;497
850;498
850;499
850;500
850;501
850;502
850;503
850;504
850;505
850;506
850;507
850;508
850;509
850;510
850;511
850;512
850;513
850;514
850;515
850;516
850;517
850;518
850;519
850;520
850;521
850;522
850;523
850;524
850;525
850;526
850;527
850;528
850;529
850;530
850;531
850;532
850;533
850;534
850;535
850;536
850;537
850;538
850;539
850;540
850;541
850;542
850;543
850;544
850;545
850;546
850;547
850;548
850;549
850;550
850;551
850;552
850;553
850;554
850;555
850;556
850;557
850;558
850;559
850;560
850;561
850;562
850;563
850;564
850;565
850;566
850;567
850;568
850;569
850;570
850;571
850;572
850;573
850;574
850;575
850;576
850;577
850;578
850;579
850;580
850;581
850;582
850;583
850;584
850;585
850;586
850;587
850;588
850;589
850;590
850;591
850;592
850;593
850;594
850;595
850;596
850;597
850;598
850;599
850;600
850;601
850;602
850;603
850;604
850;605
850;606
850;607
850;608
850;609
850;610
850;611
850;612
850;613
850;614
850;615
850;616
850;617
850;618
850;619
850;620
850;621
850;622
850;623
850;624
850;625
850;626
850;627
850;628
850;629
850;630
850;631
850;632
850;633
850;644
850;645
850;646
850;647
850;648
850;649
850;650
850;651
850;652
850;653
850;654
850;655
850;656
850;657
850;658
850;659
850;660
850;661
850;662
850;663
850;664
850;665
850;666
850;667
850;668
850;669
850;670
850;671
850;672
850;673
850;674
850;675
850;676
850;677
850;678
850;679
850;680
850;681
850;682
850;683
850;684
850;685
850;686
850;687
850;688
850;689
850;690
850;691
850;692
850;693
850;694
850;695
850;696
850;697
850;698
850;699
850;700
850;701
850;702
850;703
850;704
850;705
850;706
850;707
850;708
850;709
850;710
850;711
850;712
850;713
850;714
850;715
850;716
850;717
850;718
850;719
850;720
850;721
850;722
850;723
850;724
850;725
850;726
850;727
850;728
850;729
850;730
850;731
850;732
850;733
850;734
850;735
850;736
850;737
850;738
850;739
850;740
850;741
850;742
850;743
850;744
850;745
850;746
850;747
851;497
851;498
851;499
851;500
851;501
851;502
851;503
851;504
851;505
851;506
851;507
851;508
851;509
851;510
851;511
851;512
851;513
851;514
851;515
851;516
851;517
851;518
851;519
851;520
851;521
851;522
851;523
851;524
851;525
851;526
851;527
851;528
851;529
851;530
851;531
851;532
851;533
851;534
851;535
851;536
851;537
851;538
851;539
851;540
851;541
851;542
851;543
851;544
851;545
851;546
851;547
851;548
851;549
851;550
851;551
851;552
851;553
851;554
851;555
851;556
851;557
851;558
851;559
851;560
851;561
851;562
851;563
851;564
851;565
851;566
851;567
851;568
851;569
851;570
851;571
851;572
851;573
851;574
851;575
851;576
851;577
851;578
851;579
851;580
851;581
851;582
851;583
851;584
851;585
851;586
851;587
851;588
851;589
851;590
851;591
851;592
851;593
851;594
851;595
851;596
851;597
851;598
851;599
851;600
851;601
851;602
851;603
851;604
851;605
851;606
851;607
851;608
851;609
851;610
851;611
851;612
851;613
851;614
851;615
851;616
851;617
851;618
851;619
851;620
851;621
851;622
851;623
851;624
851;625
851;626
851;627
851;628
851;629
851;630
851;631
851;632
851;633
851;634
851;644
851;645
851;646
851;647
851;648
851;649
851;650
851;651
851;652
851;653
851;654
851;655
851;656
851;657
851;658
851;659
851;660
851;661
851;662
851;663
851;664
851;665
851;666
851;667
851;668
851;669
851;670
851;671
851;672
851;673
851;674
851;675
851;676
851;677
851;678
851;679
851;680
851;681
851;682
851;683
851;684
851;685
851;686
851;687
851;688
851;689
851;690
851;691
851;692
851;693
851;694
851;695
851;696
851;697
851;698
851;699
851;700
851;701
851;702
851;703
851;704
851;705
851;706
851;707
851;708
851;709
851;710
851;711
851;712
851;713
851;714
851;715
851;716
851;717
851;718
851;719
851;720
851;721
851;722
851;723
851;724
851;725
851;726
851;727
851;728
851;729
851;730
851;731
851;732
851;733
851;734
851;735
851;736
851;737
851;738
851;739
851;740
851;741
851;742
851;743
851;744
851;745
851;746
851;747
852;498
852;499
852;500
852;501
852;502
852;503
852;504
852;505
852;506
852;507
852;508
852;509
852;510
852;511
852;512
852;513
852;514
852;515
852;516
852;517
852;518
852;519
852;520
852;521
852;522
852;523
852;524
852;525
852;526
852;527
852;528
852;529
852;530
852;531
852;532
852;533
852;534
852;535
852;536
852;537
852;538
852;539
852;540
852;541
852;542
852;543
852;544
852;545
852;546
852;547
852;548
852;549
852;550
852;551
852;552
852;553
852;554
852;555
852;556
852;557
852;558
852;559
852;560
852;561
852;562
852;563
852;564
852;565
852;566
852;567
852;568
852;569
852;570
852;571
852;572
852;573
852;574
852;575
852;576
852;577
852;578
852;579
852;580
852;581
852;582
852;583
852;584
852;585
852;586
852;587
852;588
852;589
852;590
852;591
852;592
852;593
852;594
852;595
852;596
852;597
852;598
852;599
852;600
852;601
852;602
852;603
852;604
852;605
852;606
852;607
852;608
852;609
852;610
852;611
852;612
852;613
852;614
852;615
852;616
852;617
852;618
852;619
852;620
852;621
852;622
852;623
852;624
852;625
852;626
852;627
852;628
852;629
852;630
852;631
852;632
852;633
852;634
852;644
852;645
852;646
852;647
852;648
852;649
852;650
852;651
852;652
852;653
852;654
852;655
852;656
852;657
852;658
852;659
852;660
852;661
852;662
852;663
852;664
852;665
852;666
852;667
852;668
852;669
852;670
852;671
852;672
852;673
852;674
852;675
852;676
852;677
852;678
852;679
852;680
852;681
852;682
852;683
852;684
852;685
852;686
852;687
852;688
852;689
852;690
852;691
852;692
852;693
852;694
852;695
852;696
852;697
852;698
852;699
852;700
852;701
852;702
852;703
852;704
852;705
852;706
852;707
852;708
852;709
852;710
852;711
852;712
852;713
852;714
852;715
852;716
852;717
852;718
852;719
852;720
852;721
852;722
852;723
852;724
852;725
852;726
852;727
852;728
852;729
852;730
852;731
852;732
852;733
852;734
852;735
852;736
852;737
852;738
852;739
852;740
852;741
852;742
852;743
852;744
852;745
852;746
852;747
853;498
853;499
853;500
853;501
853;502
853;503
853;504
853;505
853;506
853;507
853;508
853;509
853;510
853;511
853;512
853;513
853;514
853;515
853;516
853;517
853;518
853;519
853;520
853;521
853;522
853;523
853;524
853;525
853;526
853;527
853;528
853;529
853;530
853;531
853;532
853;533
853;534
853;535
853;536
853;537
853;538
853;539
853;540
853;541
853;542
853;543
853;544
853;545
853;546
853;547
853;548
853;549
853;550
853;551
853;552
853;553
853;554
853;555
853;556
853;557
853;558
853;559
853;560
853;561
853;562
853;563
853;564
853;565
853;566
853;567
853;568
853;569
853;570
853;571
853;572
853;573
853;574
853;575
853;576
853;577
853;578
853;579
853;580
853;581
853;582
853;583
853;584
853;585
853;586
853;587
853;588
853;589
853;590
853;591
853;592
853;593
853;594
853;595
853;596
853;597
853;598
853;599
853;600
853;601
853;602
853;603
853;604
853;605
853;606
853;607
853;608
853;609
853;610
853;611
853;612
853;613
853;614
853;615
853;616
853;617
853;618
853;619
853;620
853;621
853;622
853;623
853;624
853;625
853;626
853;627
853;628
853;629
853;630
853;631
853;632
853;633
853;634
853;635
853;644
853;645
853;646
853;647
853;648
853;649
853;650
853;651
853;652
853;653
853;654
853;655
853;656
853;657
853;658
853;659
853;660
853;661
853;662
853;663
853;664
853;665
853;666
853;667
853;668
853;669
853;670
853;671
853;672
853;673
853;674
853;675
853;676
853;677
853;678
853;679
853;680
853;681
853;682
853;683
853;684
853;685
853;686
853;687
853;688
853;689
853;690
853;691
853;692
853;693
853;694
853;695
853;696
853;697
853;698
853;699
853;700
853;701
853;702
853;703
853;704
853;705
853;706
853;707
853;708
853;709
853;710
853;711
853;712
853;713
853;714
853;715
853;716
853;717
853;718
853;719
853;720
853;721
853;722
853;723
853;724
853;725
853;726
853;727
853;728
853;729
853;730
853;731
853;732
853;733
853;734
853;735
853;736
853;737
853;738
853;739
853;740
853;741
853;742
853;743
853;744
853;745
853;746
853;747
854;498
854;499
854;500
854;501
854;502
854;503
854;504
854;505
854;506
854;507
854;508
854;509
854;510
854;511
854;512
854;513
854;514
854;515
854;516
854;517
854;518
854;519
854;520
854;521
854;522
854;523
854;524
854;525
854;526
854;527
854;528
854;529
854;530
854;531
854;532
854;533
854;534
854;535
854;536
854;537
854;538
854;539
854;540
854;541
854;542
854;543
854;544
854;545
854;546
854;547
854;548
854;549
854;550
854;551
854;552
854;553
854;554
854;555
854;556
854;557
854;558
854;559
854;560
854;561
854;562
854;563
854;564
854;565
854;566
854;567
854;568
854;569
854;570
854;571
854;572
854;573
854;574
854;575
854;576
854;577
854;578
854;579
854;580
854;581
854;582
854;583
854;584
854;585
854;586
854;587
854;588
854;589
854;590
854;591
854;592
854;593
854;594
854;595
854;596
854;597
854;598
854;599
854;600
854;601
854;602
854;603
854;604
854;605
854;606
854;607
854;608
854;609
854;610
854;611
854;612
854;613
854;614
854;615
854;616
854;617
854;618
854;619
854;620
854;621
854;622
854;623
854;624
854;625
854;626
854;627
854;628
854;629
854;630
854;631
854;632
854;633
854;634
854;635
854;644
854;645
854;646
854;647
854;648
854;649
854;650
854;651
854;652
854;653
854;654
854;655
854;656
854;657
854;658
854;659
854;660
854;661
854;662
854;663
854;664
854;665
854;666
854;667
854;668
854;669
854;670
854;671
854;672
854;673
854;674
854;675
854;676
854;677
854;678
854;679
854;680
854;681
854;682
854;683
854;684
854;685
854;686
854;687
854;688
854;689
854;690
854;691
854;692
854;693
854;694
854;695
854;696
854;697
854;698
854;699
854;700
854;701
854;702
854;703
854;704
854;705
854;706
854;707
854;708
854;709
854;710
854;711
854;712
854;713
854;714
854;715
854;716
854;717
854;718
854;719
854;720
854;721
854;722
854;723
854;724
854;725
854;726
854;727
854;728
854;729
854;730
854;731
854;732
854;733
854;734
854;735
854;736
854;737
854;738
854;739
854;740
854;741
854;742
854;743
854;744
854;745
854;746
854;747
855;499
855;500
855;501
855;502
855;503
855;504
855;505
855;506
855;507
855;508
855;509
855;510
855;511
855;512
855;513
855;514
855;515
855;516
855;517
855;518
855;519
855;520
855;521
855;522
855;523
855;524
855;525
855;526
855;527
855;528
855;529
855;530
855;531
855;532
855;533
855;534
855;535
855;536
855;537
855;538
855;539
855;540
855;541
855;542
855;543
855;544
855;545
855;546
855;547
855;548
855;549
855;550
855;551
855;552
855;553
855;554
855;555
855;556
855;557
855;558
855;559
855;560
855;561
855;562
855;563
855;564
855;565
855;566
855;567
855;568
855;569
855;570
855;571
855;572
855;573
855;574
855;575
855;576
855;577
855;578
855;579
855;580
855;581
855;582
855;583
855;584
855;585
855;586
855;587
855;588
855;589
855;590
855;591
855;592
855;593
855;594
855;595
855;596
855;597
855;598
855;599
855;600
855;601
855;602
855;603
855;604
855;605
855;606
855;607
855;608
855;609
855;610
855;611
855;612
855;613
855;614
855;615
855;616
855;617
855;618
855;619
855;620
855;621
855;622
855;623
855;624
855;625
855;626
855;627
855;628
855;629
855;630
855;631
855;632
855;633
855;634
855;635
855;644
855;645
855;646
855;647
855;648
855;649
855;650
855;651
855;652
855;653
855;654
855;655
855;656
855;657
855;658
855;659
855;660
855;661
855;662
855;663
855;664
855;665
855;666
855;667
855;668
855;669
855;670
855;671
855;672
855;673
855;674
855;675
855;676
855;677
855;678
855;679
855;680
855;681
855;682
855;683
855;684
855;685
855;686
855;687
855;688
855;689
855;690
855;691
855;692
855;693
855;694
855;695
855;696
855;697
855;698
855;699
855;700
855;701
855;702
855;703
855;704
855;705
855;706
855;707
855;708
855;709
855;710
855;711
855;712
855;713
855;714
855;715
855;716
855;717
855;718
855;719
855;720
855;721
855;722
855;723
855;724
855;725
855;726
855;727
855;728
855;729
855;730
855;731
855;732
855;733
855;734
855;735
855;736
855;737
855;738
855;739
855;740
855;741
855;742
855;743
855;744
855;745
855;746
855;747
856;499
856;500
856;501
856;502
856;503
856;504
856;505
856;506
856;507
856;508
856;509
856;510
856;511
856;512
856;513
856;514
856;515
856;516
856;517
856;518
856;519
856;520
856;521
856;522
856;523
856;524
856;525
856;526
856;527
856;528
856;529
856;530
856;531
856;532
856;533
856;534
856;535
856;536
856;537
856;538
856;539
856;540
856;541
856;542
856;543
856;544
856;545
856;546
856;547
856;548
856;549
856;550
856;551
856;552
856;553
856;554
856;555
856;556
856;557
856;558
856;559
856;560
856;561
856;562
856;563
856;564
856;565
856;566
856;567
856;568
856;569
856;570
856;571
856;572
856;573
856;574
856;575
856;576
856;577
856;578
856;579
856;580
856;581
856;582
856;583
856;584
856;585
856;586
856;587
856;588
856;589
856;590
856;591
856;592
856;593
856;594
856;595
856;596
856;597
856;598
856;599
856;600
856;601
856;602
856;603
856;604
856;605
856;606
856;607
856;608
856;609
856;610
856;611
856;612
856;613
856;614
856;615
856;616
856;617
856;618
856;619
856;620
856;621
856;622
856;623
856;624
856;625
856;626
856;627
856;628
856;629
856;630
856;631
856;632
856;633
856;634
856;635
856;636
856;644
856;645
856;646
856;647
856;648
856;649
856;650
856;651
856;652
856;653
856;654
856;655
856;656
856;657
856;658
856;659
856;660
856;661
856;662
856;663
856;664
856;665
856;666
856;667
856;668
856;669
856;670
856;671
856;672
856;673
856;674
856;675
856;676
856;677
856;678
856;679
856;680
856;681
856;682
856;683
856;684
856;685
856;686
856;687
856;688
856;689
856;690
856;691
856;692
856;693
856;694
856;695
856;696
856;697
856;698
856;699
856;700
856;701
856;702
856;703
856;704
856;705
856;706
856;707
856;708
856;709
856;710
856;711
856;712
856;713
856;714
856;715
856;716
856;717
856;718
856;719
856;720
856;721
856;722
856;723
856;724
856;725
856;726
856;727
856;728
856;729
856;730
856;731
856;732
856;733
856;734
856;735
856;736
856;737
856;738
856;739
856;740
856;741
856;742
856;743
856;744
856;745
856;746
856;747
857;500
857;501
857;502
857;503
857;504
857;505
857;506
857;507
857;508
857;509
857;510
857;511
857;512
857;513
857;514
857;515
857;516
857;517
857;518
857;519
857;520
857;521
857;522
857;523
857;524
857;525
857;526
857;527
857;528
857;529
857;530
857;531
857;532
857;533
857;534
857;535
857;536
857;537
857;538
857;539
857;540
857;541
857;542
857;543
857;544
857;545
857;546
857;547
857;548
857;549
857;550
857;551
857;552
857;553
857;554
857;555
857;556
857;557
857;558
857;559
857;560
857;561
857;562
857;563
857;564
857;565
857;566
857;567
857;568
857;569
857;570
857;571
857;572
857;573
857;574
857;575
857;576
857;577
857;578
857;579
857;580
857;581
857;582
857;583
857;584
857;585
857;586
857;587
857;588
857;589
857;590
857;591
857;592
857;593
857;594
857;595
857;596
857;597
857;598
857;599
857;600
857;601
857;602
857;603
857;604
857;605
857;606
857;607
857;608
857;609
857;610
857;611
857;612
857;613
857;614
857;615
857;616
857;617
857;618
857;619
857;620
857;621
857;622
857;623
857;624
857;625
857;626
857;627
857;628
857;629
857;630
857;631
857;632
857;633
857;634
857;635
857;636
857;637
857;644
857;645
857;646
857;647
857;648
857;649
857;650
857;651
857;652
857;653
857;654
857;655
857;656
857;657
857;658
857;659
857;660
857;661
857;662
857;663
857;664
857;665
857;666
857;667
857;668
857;669
857;670
857;671
857;672
857;673
857;674
857;675
857;676
857;677
857;678
857;679
857;680
857;681
857;682
857;683
857;684
857;685
857;686
857;687
857;688
857;689
857;690
857;691
857;692
857;693
857;694
857;695
857;696
857;697
857;698
857;699
857;700
857;701
857;702
857;703
857;704
857;705
857;706
857;707
857;708
857;709
857;710
857;711
857;712
857;713
857;714
857;715
857;716
857;717
857;718
857;719
857;720
857;721
857;722
857;723
857;724
857;725
857;726
857;727
857;728
857;729
857;730
857;731
857;732
857;733
857;734
857;735
857;736
857;737
857;738
857;739
857;740
857;741
857;742
857;743
857;744
857;745
857;746
857;747
857;748
858;500
858;501
858;502
858;503
858;504
858;505
858;506
858;507
858;508
858;509
858;510
858;511
858;512
858;513
858;514
858;515
858;516
858;517
858;518
858;519
858;520
858;521
858;522
858;523
858;524
858;525
858;526
858;527
858;528
858;529
858;530
858;531
858;532
858;533
858;534
858;535
858;536
858;537
858;538
858;539
858;540
858;541
858;542
858;543
858;544
858;545
858;546
858;547
858;548
858;549
858;550
858;551
858;552
858;553
858;554
858;555
858;556
858;557
858;558
858;559
858;560
858;561
858;562
858;563
858;564
858;565
858;566
858;567
858;568
858;569
858;570
858;571
858;572
858;573
858;574
858;575
858;576
858;577
858;578
858;579
858;580
858;581
858;582
858;583
858;584
858;585
858;586
858;587
858;588
858;589
858;590
858;591
858;592
858;593
858;594
858;595
858;596
858;597
858;598
858;599
858;600
858;601
858;602
858;603
858;604
858;605
858;606
858;607
858;608
858;609
858;610
858;611
858;612
858;613
858;614
858;615
858;616
858;617
858;618
858;619
858;620
858;621
858;622
858;623
858;624
858;625
858;626
858;627
858;628
858;629
858;630
858;631
858;632
858;633
858;634
858;635
858;636
858;637
858;644
858;645
858;646
858;647
858;648
858;649
858;650
858;651
858;652
858;653
858;654
858;655
858;656
858;657
858;658
858;659
858;660
858;661
858;662
858;663
858;664
858;665
858;666
858;667
858;668
858;669
858;670
858;671
858;672
858;673
858;674
858;675
858;676
858;677
858;678
858;679
858;680
858;681
858;682
858;683
858;684
858;685
858;686
858;687
858;688
858;689
858;690
858;691
858;692
858;693
858;694
858;695
858;696
858;697
858;698
858;699
858;700
858;701
858;702
858;703
858;704
858;705
858;706
858;707
858;708
858;709
858;710
858;711
858;712
858;713
858;714
858;715
858;716
858;717
858;718
858;719
858;720
858;721
858;722
858;723
858;724
858;725
858;726
858;727
858;728
858;729
858;730
858;731
858;732
858;733
858;734
858;735
858;736
858;737
858;738
858;739
858;740
858;741
858;742
858;743
858;744
858;745
858;746
858;747
858;748
859;500
859;501
859;502
859;503
859;504
859;505
859;506
859;507
859;508
859;509
859;510
859;511
859;512
859;513
859;514
859;515
859;516
859;517
859;518
859;519
859;520
859;521
859;522
859;523
859;524
859;525
859;526
859;527
859;528
859;529
859;530
859;531
859;532
859;533
859;534
859;535
859;536
859;537
859;538
859;539
859;540
859;541
859;542
859;543
859;544
859;545
859;546
859;547
859;548
859;549
859;550
859;551
859;552
859;553
859;554
859;555
859;556
859;557
859;558
859;559
859;560
859;561
859;562
859;563
859;564
859;565
859;566
859;567
859;568
859;569
859;570
859;571
859;572
859;573
859;574
859;575
859;576
859;577
859;578
859;579
859;580
859;581
859;582
859;583
859;584
859;585
859;586
859;587
859;588
859;589
859;590
859;591
859;592
859;593
859;594
859;595
859;596
859;597
859;598
859;599
859;600
859;601
859;602
859;603
859;604
859;605
859;606
859;607
859;608
859;609
859;610
859;611
859;612
859;613
859;614
859;615
859;616
859;617
859;618
859;619
859;620
859;621
859;622
859;623
859;624
859;625
859;626
859;627
859;628
859;629
859;630
859;631
859;632
859;633
859;634
859;635
859;636
859;637
859;644
859;645
859;646
859;647
859;648
859;649
859;650
859;651
859;652
859;653
859;654
859;655
859;656
859;657
859;658
859;659
859;660
859;661
859;662
859;663
859;664
859;665
859;666
859;667
859;668
859;669
859;670
859;671
859;672
859;673
859;674
859;675
859;676
859;677
859;678
859;679
859;680
859;681
859;682
859;683
859;684
859;685
859;686
859;687
859;688
859;689
859;690
859;691
859;692
859;693
859;694
859;695
859;696
859;697
859;698
859;699
859;700
859;701
859;702
859;703
859;704
859;705
859;706
859;707
859;708
859;709
859;710
859;711
859;712
859;713
859;714
859;715
859;716
859;717
859;718
859;719
859;720
859;721
859;722
859;723
859;724
859;725
859;726
859;727
859;728
859;729
859;730
859;731
859;732
859;733
859;734
859;735
859;736
859;737
859;738
859;739
859;740
859;741
859;742
859;743
859;744
859;745
859;746
859;747
859;748
860;501
860;502
860;503
860;504
860;505
860;506
860;507
860;508
860;509
860;510
860;511
860;512
860;513
860;514
860;515
860;516
860;517
860;518
860;519
860;520
860;521
860;522
860;523
860;524
860;525
860;526
860;527
860;528
860;529
860;530
860;531
860;532
860;533
860;534
860;535
860;536
860;537
860;538
860;539
860;540
860;541
860;542
860;543
860;544
860;545
860;546
860;547
860;548
860;549
860;550
860;551
860;552
860;553
860;554
860;555
860;556
860;557
860;558
860;559
860;560
860;561
860;562
860;563
860;564
860;565
860;566
860;567
860;568
860;569
860;570
860;571
860;572
860;573
860;574
860;575
860;576
860;577
860;578
860;579
860;580
860;581
860;582
860;583
860;584
860;585
860;586
860;587
860;588
860;589
860;590
860;591
860;592
860;593
860;594
860;595
860;596
860;597
860;598
860;599
860;600
860;601
860;602
860;603
860;604
860;605
860;606
860;607
860;608
860;609
860;610
860;611
860;612
860;613
860;614
860;615
860;616
860;617
860;618
860;619
860;620
860;621
860;622
860;623
860;624
860;625
860;626
860;627
860;628
860;629
860;630
860;631
860;632
860;633
860;634
860;635
860;636
860;637
860;638
860;644
860;645
860;646
860;647
860;648
860;649
860;650
860;651
860;652
860;653
860;654
860;655
860;656
860;657
860;658
860;659
860;660
860;661
860;662
860;663
860;664
860;665
860;666
860;667
860;668
860;669
860;670
860;671
860;672
860;673
860;674
860;675
860;676
860;677
860;678
860;679
860;680
860;681
860;682
860;683
860;684
860;685
860;686
860;687
860;688
860;689
860;690
860;691
860;692
860;693
860;694
860;695
860;696
860;697
860;698
860;699
860;700
860;701
860;702
860;703
860;704
860;705
860;706
860;707
860;708
860;709
860;710
860;711
860;712
860;713
860;714
860;715
860;716
860;717
860;718
860;719
860;720
860;721
860;722
860;723
860;724
860;725
860;726
860;727
860;728
860;729
860;730
860;731
860;732
860;733
860;734
860;735
860;736
860;737
860;738
860;739
860;740
860;741
860;742
860;743
860;744
860;745
860;746
860;747
860;748
861;501
861;502
861;503
861;504
861;505
861;506
861;507
861;508
861;509
861;510
861;511
861;512
861;513
861;514
861;515
861;516
861;517
861;518
861;519
861;520
861;521
861;522
861;523
861;524
861;525
861;526
861;527
861;528
861;529
861;530
861;531
861;532
861;533
861;534
861;535
861;536
861;537
861;538
861;539
861;540
861;541
861;542
861;543
861;544
861;545
861;546
861;547
861;548
861;549
861;550
861;551
861;552
861;553
861;554
861;555
861;556
861;557
861;558
861;559
861;560
861;561
861;562
861;563
861;564
861;565
861;566
861;567
861;568
861;569
861;570
861;571
861;572
861;573
861;574
861;575
861;576
861;577
861;578
861;579
861;580
861;581
861;582
861;583
861;584
861;585
861;586
861;587
861;588
861;589
861;590
861;591
861;592
861;593
861;594
861;595
861;596
861;597
861;598
861;599
861;600
861;601
861;602
861;603
861;604
861;605
861;606
861;607
861;608
861;609
861;610
861;611
861;612
861;613
861;614
861;615
861;616
861;617
861;618
861;619
861;620
861;621
861;622
861;623
861;624
861;625
861;626
861;627
861;628
861;629
861;630
861;631
861;632
861;633
861;634
861;635
861;636
861;637
861;638
861;644
861;645
861;646
861;647
861;648
861;649
861;650
861;651
861;652
861;653
861;654
861;655
861;656
861;657
861;658
861;659
861;660
861;661
861;662
861;663
861;664
861;665
861;666
861;667
861;668
861;669
861;670
861;671
861;672
861;673
861;674
861;675
861;676
861;677
861;678
861;679
861;680
861;681
861;682
861;683
861;684
861;685
861;686
861;687
861;688
861;689
861;690
861;691
861;692
861;693
861;694
861;695
861;696
861;697
861;698
861;699
861;700
861;701
861;702
861;703
861;704
861;705
861;706
861;707
861;708
861;709
861;710
861;711
861;712
861;713
861;714
861;715
861;716
861;717
861;718
861;719
861;720
861;721
861;722
861;723
861;724
861;725
861;726
861;727
861;728
861;729
861;730
861;731
861;732
861;733
861;734
861;735
861;736
861;737
861;738
861;739
861;740
861;741
861;742
861;743
861;744
861;745
861;746
861;747
861;748
862;502
862;503
862;504
862;505
862;506
862;507
862;508
862;509
862;510
862;511
862;512
862;513
862;514
862;515
862;516
862;517
862;518
862;519
862;520
862;521
862;522
862;523
862;524
862;525
862;526
862;527
862;528
862;529
862;530
862;531
862;532
862;533
862;534
862;535
862;536
862;537
862;538
862;539
862;540
862;541
862;542
862;543
862;544
862;545
862;546
862;547
862;548
862;549
862;550
862;551
862;552
862;553
862;554
862;555
862;556
862;557
862;558
862;559
862;560
862;561
862;562
862;563
862;564
862;565
862;566
862;567
862;568
862;569
862;570
862;571
862;572
862;573
862;574
862;575
862;576
862;577
862;578
862;579
862;580
862;581
862;582
862;583
862;584
862;585
862;586
862;587
862;588
862;589
862;590
862;591
862;592
862;593
862;594
862;595
862;596
862;597
862;598
862;599
862;600
862;601
862;602
862;603
862;604
862;605
862;606
862;607
862;608
862;609
862;610
862;611
862;612
862;613
862;614
862;615
862;616
862;617
862;618
862;619
862;620
862;621
862;622
862;623
862;624
862;625
862;626
862;627
862;628
862;629
862;630
862;631
862;632
862;633
862;634
862;635
862;636
862;637
862;638
862;644
862;645
862;646
862;647
862;648
862;649
862;650
862;651
862;652
862;653
862;654
862;655
862;656
862;657
862;658
862;659
862;660
862;661
862;662
862;663
862;664
862;665
862;666
862;667
862;668
862;669
862;670
862;671
862;672
862;673
862;674
862;675
862;676
862;677
862;678
862;679
862;680
862;681
862;682
862;683
862;684
862;685
862;686
862;687
862;688
862;689
862;690
862;691
862;692
862;693
862;694
862;695
862;696
862;697
862;698
862;699
862;700
862;701
862;702
862;703
862;704
862;705
862;706
862;707
862;708
862;709
862;710
862;711
862;712
862;713
862;714
862;715
862;716
862;717
862;718
862;719
862;720
862;721
862;722
862;723
862;724
862;725
862;726
862;727
862;728
862;729
862;730
862;731
862;732
862;733
862;734
862;735
862;736
862;737
862;738
862;739
862;740
862;741
862;742
862;743
862;744
862;745
862;746
862;747
862;748
863;502
863;503
863;504
863;505
863;506
863;507
863;508
863;509
863;510
863;511
863;512
863;513
863;514
863;515
863;516
863;517
863;518
863;519
863;520
863;521
863;522
863;523
863;524
863;525
863;526
863;527
863;528
863;529
863;530
863;531
863;532
863;533
863;534
863;535
863;536
863;537
863;538
863;539
863;540
863;541
863;542
863;543
863;544
863;545
863;546
863;547
863;548
863;549
863;550
863;551
863;552
863;553
863;554
863;555
863;556
863;557
863;558
863;559
863;560
863;561
863;562
863;563
863;564
863;565
863;566
863;567
863;568
863;569
863;570
863;571
863;572
863;573
863;574
863;575
863;576
863;577
863;578
863;579
863;580
863;581
863;582
863;583
863;584
863;585
863;586
863;587
863;588
863;589
863;590
863;591
863;592
863;593
863;594
863;595
863;596
863;597
863;598
863;599
863;600
863;601
863;602
863;603
863;604
863;605
863;606
863;607
863;608
863;609
863;610
863;611
863;612
863;613
863;614
863;615
863;616
863;617
863;618
863;619
863;620
863;621
863;622
863;623
863;624
863;625
863;626
863;627
863;628
863;629
863;630
863;631
863;632
863;633
863;634
863;635
863;636
863;644
863;645
863;646
863;647
863;648
863;649
863;650
863;651
863;652
863;653
863;654
863;655
863;656
863;657
863;658
863;659
863;660
863;661
863;662
863;663
863;664
863;665
863;666
863;667
863;668
863;669
863;670
863;671
863;672
863;673
863;674
863;675
863;676
863;677
863;678
863;679
863;680
863;681
863;682
863;683
863;684
863;685
863;686
863;687
863;688
863;689
863;690
863;691
863;692
863;693
863;694
863;695
863;696
863;697
863;698
863;699
863;700
863;701
863;702
863;703
863;704
863;705
863;706
863;707
863;708
863;709
863;710
863;711
863;712
863;713
863;714
863;715
863;716
863;717
863;718
863;719
863;720
863;721
863;722
863;723
863;724
863;725
863;726
863;727
863;728
863;729
863;730
863;731
863;732
863;733
863;734
863;735
863;736
863;737
863;738
863;739
863;740
863;741
863;742
863;743
863;744
863;745
863;746
863;747
863;748
864;502
864;503
864;504
864;505
864;506
864;507
864;508
864;509
864;510
864;511
864;512
864;513
864;514
864;515
864;516
864;517
864;518
864;519
864;520
864;521
864;522
864;523
864;524
864;525
864;526
864;527
864;528
864;529
864;530
864;531
864;532
864;533
864;534
864;535
864;536
864;537
864;538
864;539
864;540
864;541
864;542
864;543
864;544
864;545
864;546
864;547
864;548
864;549
864;550
864;551
864;552
864;553
864;554
864;555
864;556
864;557
864;558
864;559
864;560
864;561
864;562
864;563
864;564
864;565
864;566
864;567
864;568
864;569
864;570
864;571
864;572
864;573
864;574
864;575
864;576
864;577
864;578
864;579
864;580
864;581
864;582
864;583
864;584
864;585
864;586
864;587
864;588
864;589
864;590
864;591
864;592
864;593
864;594
864;595
864;596
864;597
864;598
864;599
864;600
864;601
864;602
864;603
864;604
864;605
864;606
864;607
864;608
864;609
864;610
864;611
864;612
864;613
864;614
864;615
864;616
864;617
864;618
864;619
864;620
864;621
864;622
864;623
864;624
864;625
864;626
864;627
864;628
864;629
864;630
864;631
864;632
864;644
864;645
864;646
864;647
864;648
864;649
864;650
864;651
864;652
864;653
864;654
864;655
864;656
864;657
864;658
864;659
864;660
864;661
864;662
864;663
864;664
864;665
864;666
864;667
864;668
864;669
864;670
864;671
864;672
864;673
864;674
864;675
864;676
864;677
864;678
864;679
864;680
864;681
864;682
864;683
864;684
864;685
864;686
864;687
864;688
864;689
864;690
864;691
864;692
864;693
864;694
864;695
864;696
864;697
864;698
864;699
864;700
864;701
864;702
864;703
864;704
864;705
864;706
864;707
864;708
864;709
864;710
864;711
864;712
864;713
864;714
864;715
864;716
864;717
864;718
864;719
864;720
864;721
864;722
864;723
864;724
864;725
864;726
864;727
864;728
864;729
864;730
864;731
864;732
864;733
864;734
864;735
864;736
864;737
864;738
864;739
864;740
864;741
864;742
864;743
864;744
864;745
864;746
864;747
864;748
865;503
865;504
865;505
865;506
865;507
865;508
865;509
865;510
865;511
865;512
865;513
865;514
865;515
865;516
865;517
865;518
865;519
865;520
865;521
865;522
865;523
865;524
865;525
865;526
865;527
865;528
865;529
865;530
865;531
865;532
865;533
865;534
865;535
865;536
865;537
865;538
865;539
865;540
865;541
865;542
865;543
865;544
865;545
865;546
865;547
865;548
865;549
865;550
865;551
865;552
865;553
865;554
865;555
865;556
865;557
865;558
865;559
865;560
865;561
865;562
865;563
865;564
865;565
865;566
865;567
865;568
865;569
865;570
865;571
865;572
865;573
865;574
865;575
865;576
865;577
865;578
865;579
865;580
865;581
865;582
865;583
865;584
865;585
865;586
865;587
865;588
865;589
865;590
865;591
865;592
865;593
865;594
865;595
865;596
865;597
865;598
865;599
865;600
865;601
865;602
865;603
865;604
865;605
865;606
865;607
865;608
865;609
865;610
865;611
865;612
865;613
865;614
865;615
865;616
865;617
865;618
865;619
865;620
865;621
865;622
865;623
865;624
865;625
865;626
865;627
865;628
865;629
865;630
865;644
865;645
865;646
865;647
865;648
865;649
865;650
865;651
865;652
865;653
865;654
865;655
865;656
865;657
865;658
865;659
865;660
865;661
865;662
865;663
865;664
865;665
865;666
865;667
865;668
865;669
865;670
865;671
865;672
865;673
865;674
865;675
865;676
865;677
865;678
865;679
865;680
865;681
865;682
865;683
865;684
865;685
865;686
865;687
865;688
865;689
865;690
865;691
865;692
865;693
865;694
865;695
865;696
865;697
865;698
865;699
865;700
865;701
865;702
865;703
865;704
865;705
865;706
865;707
865;708
865;709
865;710
865;711
865;712
865;713
865;714
865;715
865;716
865;717
865;718
865;719
865;720
865;721
865;722
865;723
865;724
865;725
865;726
865;727
865;728
865;729
865;730
865;731
865;732
865;733
865;734
865;735
865;736
865;737
865;738
865;739
865;740
865;741
865;742
865;743
865;744
865;745
865;746
865;747
865;748
866;504
866;505
866;506
866;507
866;508
866;509
866;510
866;511
866;512
866;513
866;514
866;515
866;516
866;517
866;518
866;519
866;520
866;521
866;522
866;523
866;524
866;525
866;526
866;527
866;528
866;529
866;530
866;531
866;532
866;533
866;534
866;535
866;536
866;537
866;538
866;539
866;540
866;541
866;542
866;543
866;544
866;545
866;546
866;547
866;548
866;549
866;550
866;551
866;552
866;553
866;554
866;555
866;556
866;557
866;558
866;559
866;560
866;561
866;562
866;563
866;564
866;565
866;566
866;567
866;568
866;569
866;570
866;571
866;572
866;573
866;574
866;575
866;576
866;577
866;578
866;579
866;580
866;581
866;582
866;583
866;584
866;585
866;586
866;587
866;588
866;589
866;590
866;591
866;592
866;593
866;594
866;595
866;596
866;597
866;598
866;599
866;600
866;601
866;602
866;603
866;604
866;605
866;606
866;607
866;608
866;609
866;610
866;611
866;612
866;613
866;614
866;615
866;616
866;617
866;618
866;619
866;620
866;621
866;622
866;623
866;624
866;625
866;626
866;644
866;645
866;646
866;647
866;648
866;649
866;650
866;651
866;652
866;653
866;654
866;655
866;656
866;657
866;658
866;659
866;660
866;661
866;662
866;663
866;664
866;665
866;666
866;667
866;668
866;669
866;670
866;671
866;672
866;673
866;674
866;675
866;676
866;677
866;678
866;679
866;680
866;681
866;682
866;683
866;684
866;685
866;686
866;687
866;688
866;689
866;690
866;691
866;692
866;693
866;694
866;695
866;696
866;697
866;698
866;699
866;700
866;701
866;702
866;703
866;704
866;705
866;706
866;707
866;708
866;709
866;710
866;711
866;712
866;713
866;714
866;715
866;716
866;717
866;718
866;719
866;720
866;721
866;722
866;723
866;724
866;725
866;726
866;727
866;728
866;729
866;730
866;731
866;732
866;733
866;734
866;735
866;736
866;737
866;738
866;739
866;740
866;741
866;742
866;743
866;744
866;745
866;746
866;747
866;748
867;504
867;505
867;506
867;507
867;508
867;509
867;510
867;511
867;512
867;513
867;514
867;515
867;516
867;517
867;518
867;519
867;520
867;521
867;522
867;523
867;524
867;525
867;526
867;527
867;528
867;529
867;530
867;531
867;532
867;533
867;534
867;535
867;536
867;537
867;538
867;539
867;540
867;541
867;542
867;543
867;544
867;545
867;546
867;547
867;548
867;549
867;550
867;551
867;552
867;553
867;554
867;555
867;556
867;557
867;558
867;559
867;560
867;561
867;562
867;563
867;564
867;565
867;566
867;567
867;568
867;569
867;570
867;571
867;572
867;573
867;574
867;575
867;576
867;577
867;578
867;579
867;580
867;581
867;582
867;583
867;584
867;585
867;586
867;587
867;588
867;589
867;590
867;591
867;592
867;593
867;594
867;595
867;596
867;597
867;598
867;599
867;600
867;601
867;602
867;603
867;604
867;605
867;606
867;607
867;608
867;609
867;610
867;611
867;612
867;613
867;614
867;615
867;616
867;617
867;618
867;619
867;620
867;621
867;622
867;624
867;644
867;645
867;646
867;647
867;648
867;649
867;650
867;651
867;652
867;653
867;654
867;655
867;656
867;657
867;658
867;659
867;660
867;661
867;662
867;663
867;664
867;665
867;666
867;667
867;668
867;669
867;670
867;671
867;672
867;673
867;674
867;675
867;676
867;677
867;678
867;679
867;680
867;681
867;682
867;683
867;684
867;685
867;686
867;687
867;688
867;689
867;690
867;691
867;692
867;693
867;694
867;695
867;696
867;697
867;698
867;699
867;700
867;701
867;702
867;703
867;704
867;705
867;706
867;707
867;708
867;709
867;710
867;711
867;712
867;713
867;714
867;715
867;716
867;717
867;718
867;719
867;720
867;721
867;722
867;723
867;724
867;725
867;726
867;727
867;728
867;729
867;730
867;731
867;732
867;733
867;734
867;735
867;736
867;737
867;738
867;739
867;740
867;741
867;742
867;743
867;744
867;745
867;746
867;747
867;748
868;504
868;505
868;506
868;507
868;508
868;509
868;510
868;511
868;512
868;513
868;514
868;515
868;516
868;517
868;518
868;519
868;520
868;521
868;522
868;523
868;524
868;525
868;526
868;527
868;528
868;529
868;530
868;531
868;532
868;533
868;534
868;535
868;536
868;537
868;538
868;539
868;540
868;541
868;542
868;543
868;544
868;545
868;546
868;547
868;548
868;549
868;550
868;551
868;552
868;553
868;554
868;555
868;556
868;557
868;558
868;559
868;560
868;561
868;562
868;563
868;564
868;565
868;566
868;567
868;568
868;569
868;570
868;571
868;572
868;573
868;574
868;575
868;576
868;577
868;578
868;579
868;580
868;581
868;582
868;583
868;584
868;585
868;586
868;587
868;588
868;589
868;590
868;591
868;592
868;593
868;594
868;595
868;596
868;597
868;598
868;599
868;600
868;601
868;602
868;603
868;604
868;605
868;606
868;607
868;608
868;609
868;610
868;611
868;612
868;613
868;614
868;615
868;616
868;617
868;618
868;619
868;620
868;645
868;646
868;647
868;648
868;649
868;650
868;651
868;652
868;653
868;654
868;655
868;656
868;657
868;658
868;659
868;660
868;661
868;662
868;663
868;664
868;665
868;666
868;667
868;668
868;669
868;670
868;671
868;672
868;673
868;674
868;675
868;676
868;677
868;678
868;679
868;680
868;681
868;682
868;683
868;684
868;685
868;686
868;687
868;688
868;689
868;690
868;691
868;692
868;693
868;694
868;695
868;696
868;697
868;698
868;699
868;700
868;701
868;702
868;703
868;704
868;705
868;706
868;707
868;708
868;709
868;710
868;711
868;712
868;713
868;714
868;715
868;716
868;717
868;718
868;719
868;720
868;721
868;722
868;723
868;724
868;725
868;726
868;727
868;728
868;729
868;730
868;731
868;732
868;733
868;734
868;735
868;736
868;737
868;738
868;739
868;740
868;741
868;742
868;743
868;744
868;745
868;746
868;747
868;748
869;505
869;506
869;507
869;508
869;509
869;510
869;511
869;512
869;513
869;514
869;515
869;516
869;517
869;518
869;519
869;520
869;521
869;522
869;523
869;524
869;525
869;526
869;527
869;528
869;529
869;530
869;531
869;532
869;533
869;534
869;535
869;536
869;537
869;538
869;539
869;540
869;541
869;542
869;543
869;544
869;545
869;546
869;547
869;548
869;549
869;550
869;551
869;552
869;553
869;554
869;555
869;556
869;557
869;558
869;559
869;560
869;561
869;562
869;563
869;564
869;565
869;566
869;567
869;568
869;569
869;570
869;571
869;572
869;573
869;574
869;575
869;576
869;577
869;578
869;579
869;580
869;581
869;582
869;583
869;584
869;585
869;586
869;587
869;588
869;589
869;590
869;591
869;592
869;593
869;594
869;595
869;596
869;597
869;598
869;599
869;600
869;601
869;602
869;603
869;604
869;605
869;606
869;607
869;608
869;609
869;610
869;611
869;612
869;613
869;614
869;615
869;616
869;618
869;645
869;646
869;647
869;648
869;649
869;650
869;651
869;652
869;653
869;654
869;655
869;656
869;657
869;658
869;659
869;660
869;661
869;662
869;663
869;664
869;665
869;666
869;667
869;668
869;669
869;670
869;671
869;672
869;673
869;674
869;675
869;676
869;677
869;678
869;679
869;680
869;681
869;682
869;683
869;684
869;685
869;686
869;687
869;688
869;689
869;690
869;691
869;692
869;693
869;694
869;695
869;696
869;697
869;698
869;699
869;700
869;701
869;702
869;703
869;704
869;705
869;706
869;707
869;708
869;709
869;710
869;711
869;712
869;713
869;714
869;715
869;716
869;717
869;718
869;719
869;720
869;721
869;722
869;723
869;724
869;725
869;726
869;727
869;728
869;729
869;730
869;731
869;732
869;733
869;734
869;735
869;736
869;737
869;738
869;739
869;740
869;741
869;742
869;743
869;744
869;745
869;746
869;747
869;748
870;505
870;506
870;507
870;508
870;509
870;510
870;511
870;512
870;513
870;514
870;515
870;516
870;517
870;518
870;519
870;520
870;521
870;522
870;523
870;524
870;525
870;526
870;527
870;528
870;529
870;530
870;531
870;532
870;533
870;534
870;535
870;536
870;537
870;538
870;539
870;540
870;541
870;542
870;543
870;544
870;545
870;546
870;547
870;548
870;549
870;550
870;551
870;552
870;553
870;554
870;555
870;556
870;557
870;558
870;559
870;560
870;561
870;562
870;563
870;564
870;565
870;566
870;567
870;568
870;569
870;570
870;571
870;572
870;573
870;574
870;575
870;576
870;577
870;578
870;579
870;580
870;581
870;582
870;583
870;584
870;585
870;586
870;587
870;588
870;589
870;590
870;591
870;592
870;593
870;594
870;595
870;596
870;597
870;598
870;599
870;600
870;601
870;602
870;603
870;604
870;605
870;606
870;607
870;608
870;609
870;610
870;611
870;612
870;613
870;614
870;645
870;646
870;647
870;648
870;649
870;650
870;651
870;652
870;653
870;654
870;655
870;656
870;657
870;658
870;659
870;660
870;661
870;662
870;663
870;664
870;665
870;666
870;667
870;668
870;669
870;670
870;671
870;672
870;673
870;674
870;675
870;676
870;677
870;678
870;679
870;680
870;681
870;682
870;683
870;684
870;685
870;686
870;687
870;688
870;689
870;690
870;691
870;692
870;693
870;694
870;695
870;696
870;697
870;698
870;699
870;700
870;701
870;702
870;703
870;704
870;705
870;706
870;707
870;708
870;709
870;710
870;711
870;712
870;713
870;714
870;715
870;716
870;717
870;718
870;719
870;720
870;721
870;722
870;723
870;724
870;725
870;726
870;727
870;728
870;729
870;730
870;731
870;732
870;733
870;734
870;735
870;736
870;737
870;738
870;739
870;740
870;741
870;742
870;743
870;744
870;745
870;746
870;747
870;748
871;506
871;507
871;508
871;509
871;510
871;511
871;512
871;513
871;514
871;515
871;516
871;517
871;518
871;519
871;520
871;521
871;522
871;523
871;524
871;525
871;526
871;527
871;528
871;529
871;530
871;531
871;532
871;533
871;534
871;535
871;536
871;537
871;538
871;539
871;540
871;541
871;542
871;543
871;544
871;545
871;546
871;547
871;548
871;549
871;550
871;551
871;552
871;553
871;554
871;555
871;556
871;557
871;558
871;559
871;560
871;561
871;562
871;563
871;564
871;565
871;566
871;567
871;568
871;569
871;570
871;571
871;572
871;573
871;574
871;575
871;576
871;577
871;578
871;579
871;580
871;581
871;582
871;583
871;584
871;585
871;586
871;587
871;588
871;589
871;590
871;591
871;592
871;593
871;594
871;595
871;596
871;597
871;598
871;599
871;600
871;601
871;602
871;603
871;604
871;605
871;606
871;607
871;608
871;609
871;610
871;645
871;646
871;647
871;648
871;649
871;650
871;651
871;652
871;653
871;654
871;655
871;656
871;657
871;658
871;659
871;660
871;661
871;662
871;663
871;664
871;665
871;666
871;667
871;668
871;669
871;670
871;671
871;672
871;673
871;674
871;675
871;676
871;677
871;678
871;679
871;680
871;681
871;682
871;683
871;684
871;685
871;686
871;687
871;688
871;689
871;690
871;691
871;692
871;693
871;694
871;695
871;696
871;697
871;698
871;699
871;700
871;701
871;702
871;703
871;704
871;705
871;706
871;707
871;708
871;709
871;710
871;711
871;712
871;713
871;714
871;715
871;716
871;717
871;718
871;719
871;720
871;721
871;722
871;723
871;724
871;725
871;726
871;727
871;728
871;729
871;730
871;731
871;732
871;733
871;734
871;735
871;736
871;737
871;738
871;739
871;740
871;741
871;742
871;743
871;744
871;745
871;746
871;747
871;748
872;506
872;507
872;508
872;509
872;510
872;511
872;512
872;513
872;514
872;515
872;516
872;517
872;518
872;519
872;520
872;521
872;522
872;523
872;524
872;525
872;526
872;527
872;528
872;529
872;530
872;531
872;532
872;533
872;534
872;535
872;536
872;537
872;538
872;539
872;540
872;541
872;542
872;543
872;544
872;545
872;546
872;547
872;548
872;549
872;550
872;551
872;552
872;553
872;554
872;555
872;556
872;557
872;558
872;559
872;560
872;561
872;562
872;563
872;564
872;565
872;566
872;567
872;568
872;569
872;570
872;571
872;572
872;573
872;574
872;575
872;576
872;577
872;578
872;579
872;580
872;581
872;582
872;583
872;584
872;585
872;586
872;587
872;588
872;589
872;590
872;591
872;592
872;593
872;594
872;595
872;596
872;597
872;598
872;599
872;600
872;601
872;602
872;603
872;604
872;605
872;606
872;607
872;608
872;645
872;646
872;647
872;648
872;649
872;650
872;651
872;652
872;653
872;654
872;655
872;656
872;657
872;658
872;659
872;660
872;661
872;662
872;663
872;664
872;665
872;666
872;667
872;668
872;669
872;670
872;671
872;672
872;673
872;674
872;675
872;676
872;677
872;678
872;679
872;680
872;681
872;682
872;683
872;684
872;685
872;686
872;687
872;688
872;689
872;690
872;691
872;692
872;693
872;694
872;695
872;696
872;697
872;698
872;699
872;700
872;701
872;702
872;703
872;704
872;705
872;706
872;707
872;708
872;709
872;710
872;711
872;712
872;713
872;714
872;715
872;716
872;717
872;718
872;719
872;720
872;721
872;722
872;723
872;724
872;725
872;726
872;727
872;728
872;729
872;730
872;731
872;732
872;733
872;734
872;735
872;736
872;737
872;738
872;739
872;740
872;741
872;742
872;743
872;744
872;745
872;746
872;747
872;748
873;506
873;507
873;508
873;509
873;510
873;511
873;512
873;513
873;514
873;515
873;516
873;517
873;518
873;519
873;520
873;521
873;522
873;523
873;524
873;525
873;526
873;527
873;528
873;529
873;530
873;531
873;532
873;533
873;534
873;535
873;536
873;537
873;538
873;539
873;540
873;541
873;542
873;543
873;544
873;545
873;546
873;547
873;548
873;549
873;550
873;551
873;552
873;553
873;554
873;555
873;556
873;557
873;558
873;559
873;560
873;561
873;562
873;563
873;564
873;565
873;566
873;567
873;568
873;569
873;570
873;571
873;572
873;573
873;574
873;575
873;576
873;577
873;578
873;579
873;580
873;581
873;582
873;583
873;584
873;585
873;586
873;587
873;588
873;589
873;590
873;591
873;592
873;593
873;594
873;595
873;596
873;597
873;598
873;599
873;600
873;601
873;602
873;603
873;604
873;645
873;646
873;647
873;648
873;649
873;650
873;651
873;652
873;653
873;654
873;655
873;656
873;657
873;658
873;659
873;660
873;661
873;662
873;663
873;664
873;665
873;666
873;667
873;668
873;669
873;670
873;671
873;672
873;673
873;674
873;675
873;676
873;677
873;678
873;679
873;680
873;681
873;682
873;683
873;684
873;685
873;686
873;687
873;688
873;689
873;690
873;691
873;692
873;693
873;694
873;695
873;696
873;697
873;698
873;699
873;700
873;701
873;702
873;703
873;704
873;705
873;706
873;707
873;708
873;709
873;710
873;711
873;712
873;713
873;714
873;715
873;716
873;717
873;718
873;719
873;720
873;721
873;722
873;723
873;724
873;725
873;726
873;727
873;728
873;729
873;730
873;731
873;732
873;733
873;734
873;735
873;736
873;737
873;738
873;739
873;740
873;741
873;742
873;743
873;744
873;745
873;746
873;747
873;748
874;507
874;508
874;509
874;510
874;511
874;512
874;513
874;514
874;515
874;516
874;517
874;518
874;519
874;520
874;521
874;522
874;523
874;524
874;525
874;526
874;527
874;528
874;529
874;530
874;531
874;532
874;533
874;534
874;535
874;536
874;537
874;538
874;539
874;540
874;541
874;542
874;543
874;544
874;545
874;546
874;547
874;548
874;549
874;550
874;551
874;552
874;553
874;554
874;555
874;556
874;557
874;558
874;559
874;560
874;561
874;562
874;563
874;564
874;565
874;566
874;567
874;568
874;569
874;570
874;571
874;572
874;573
874;574
874;575
874;576
874;577
874;578
874;579
874;580
874;581
874;582
874;583
874;584
874;585
874;586
874;587
874;588
874;589
874;590
874;591
874;592
874;593
874;594
874;595
874;596
874;597
874;598
874;599
874;600
874;601
874;602
874;645
874;646
874;647
874;648
874;649
874;650
874;651
874;652
874;653
874;654
874;655
874;656
874;657
874;658
874;659
874;660
874;661
874;662
874;663
874;664
874;665
874;666
874;667
874;668
874;669
874;670
874;671
874;672
874;673
874;674
874;675
874;676
874;677
874;678
874;679
874;680
874;681
874;682
874;683
874;684
874;685
874;686
874;687
874;688
874;689
874;690
874;691
874;692
874;693
874;694
874;695
874;696
874;697
874;698
874;699
874;700
874;701
874;702
874;703
874;704
874;705
874;706
874;707
874;708
874;709
874;710
874;711
874;712
874;713
874;714
874;715
874;716
874;717
874;718
874;719
874;720
874;721
874;722
874;723
874;724
874;725
874;726
874;727
874;728
874;729
874;730
874;731
874;732
874;733
874;734
874;735
874;736
874;737
874;738
874;739
874;740
874;741
874;742
874;743
874;744
874;745
874;746
874;747
874;748
874;749
875;507
875;508
875;509
875;510
875;511
875;512
875;513
875;514
875;515
875;516
875;517
875;518
875;519
875;520
875;521
875;522
875;523
875;524
875;525
875;526
875;527
875;528
875;529
875;530
875;531
875;532
875;533
875;534
875;535
875;536
875;537
875;538
875;539
875;540
875;541
875;542
875;543
875;544
875;545
875;546
875;547
875;548
875;549
875;550
875;551
875;552
875;553
875;554
875;555
875;556
875;557
875;558
875;559
875;560
875;561
875;562
875;563
875;564
875;565
875;566
875;567
875;568
875;569
875;570
875;571
875;572
875;573
875;574
875;575
875;576
875;577
875;578
875;579
875;580
875;581
875;582
875;583
875;584
875;585
875;586
875;587
875;588
875;589
875;590
875;591
875;592
875;593
875;594
875;595
875;596
875;597
875;598
875;645
875;646
875;647
875;648
875;649
875;650
875;651
875;652
875;653
875;654
875;655
875;656
875;657
875;658
875;659
875;660
875;661
875;662
875;663
875;664
875;665
875;666
875;667
875;668
875;669
875;670
875;671
875;672
875;673
875;674
875;675
875;676
875;677
875;678
875;679
875;680
875;681
875;682
875;683
875;684
875;685
875;686
875;687
875;688
875;689
875;690
875;691
875;692
875;693
875;694
875;695
875;696
875;697
875;698
875;699
875;700
875;701
875;702
875;703
875;704
875;705
875;706
875;707
875;708
875;709
875;710
875;711
875;712
875;713
875;714
875;715
875;716
875;717
875;718
875;719
875;720
875;721
875;722
875;723
875;724
875;725
875;726
875;727
875;728
875;729
875;730
875;731
875;732
875;733
875;734
875;735
875;736
875;737
875;738
875;739
875;740
875;741
875;742
875;743
875;744
875;745
875;746
875;747
875;748
875;749
876;508
876;509
876;510
876;511
876;512
876;513
876;514
876;515
876;516
876;517
876;518
876;519
876;520
876;521
876;522
876;523
876;524
876;525
876;526
876;527
876;528
876;529
876;530
876;531
876;532
876;533
876;534
876;535
876;536
876;537
876;538
876;539
876;540
876;541
876;542
876;543
876;544
876;545
876;546
876;547
876;548
876;549
876;550
876;551
876;552
876;553
876;554
876;555
876;556
876;557
876;558
876;559
876;560
876;561
876;562
876;563
876;564
876;565
876;566
876;567
876;568
876;569
876;570
876;571
876;572
876;573
876;574
876;575
876;576
876;577
876;578
876;579
876;580
876;581
876;582
876;583
876;584
876;585
876;586
876;587
876;588
876;589
876;590
876;591
876;592
876;593
876;594
876;596
876;645
876;646
876;647
876;648
876;649
876;650
876;651
876;652
876;653
876;654
876;655
876;656
876;657
876;658
876;659
876;660
876;661
876;662
876;663
876;664
876;665
876;666
876;667
876;668
876;669
876;670
876;671
876;672
876;673
876;674
876;675
876;676
876;677
876;678
876;679
876;680
876;681
876;682
876;683
876;684
876;685
876;686
876;687
876;688
876;689
876;690
876;691
876;692
876;693
876;694
876;695
876;696
876;697
876;698
876;699
876;700
876;701
876;702
876;703
876;704
876;705
876;706
876;707
876;708
876;709
876;710
876;711
876;712
876;713
876;714
876;715
876;716
876;717
876;718
876;719
876;720
876;721
876;722
876;723
876;724
876;725
876;726
876;727
876;728
876;729
876;730
876;731
876;732
876;733
876;734
876;735
876;736
876;737
876;738
876;739
876;740
876;741
876;742
876;743
876;744
876;745
876;746
876;747
876;748
876;749
877;508
877;509
877;510
877;511
877;512
877;513
877;514
877;515
877;516
877;517
877;518
877;519
877;520
877;521
877;522
877;523
877;524
877;525
877;526
877;527
877;528
877;529
877;530
877;531
877;532
877;533
877;534
877;535
877;536
877;537
877;538
877;539
877;540
877;541
877;542
877;543
877;544
877;545
877;546
877;547
877;548
877;549
877;550
877;551
877;552
877;553
877;554
877;555
877;556
877;557
877;558
877;559
877;560
877;561
877;562
877;563
877;564
877;565
877;566
877;567
877;568
877;569
877;570
877;571
877;572
877;573
877;574
877;575
877;576
877;577
877;578
877;579
877;580
877;581
877;582
877;583
877;584
877;585
877;586
877;587
877;588
877;589
877;590
877;591
877;592
877;645
877;646
877;647
877;648
877;649
877;650
877;651
877;652
877;653
877;654
877;655
877;656
877;657
877;658
877;659
877;660
877;661
877;662
877;663
877;664
877;665
877;666
877;667
877;668
877;669
877;670
877;671
877;672
877;673
877;674
877;675
877;676
877;677
877;678
877;679
877;680
877;681
877;682
877;683
877;684
877;685
877;686
877;687
877;688
877;689
877;690
877;691
877;692
877;693
877;694
877;695
877;696
877;697
877;698
877;699
877;700
877;701
877;702
877;703
877;704
877;705
877;706
877;707
877;708
877;709
877;710
877;711
877;712
877;713
877;714
877;715
877;716
877;717
877;718
877;719
877;720
877;721
877;722
877;723
877;724
877;725
877;726
877;727
877;728
877;729
877;730
877;731
877;732
877;733
877;734
877;735
877;736
877;737
877;738
877;739
877;740
877;741
877;742
877;743
877;744
877;745
877;746
877;747
877;748
877;749
878;508
878;509
878;510
878;511
878;512
878;513
878;514
878;515
878;516
878;517
878;518
878;519
878;520
878;521
878;522
878;523
878;524
878;525
878;526
878;527
878;528
878;529
878;530
878;531
878;532
878;533
878;534
878;535
878;536
878;537
878;538
878;539
878;540
878;541
878;542
878;543
878;544
878;545
878;546
878;547
878;548
878;549
878;550
878;551
878;552
878;553
878;554
878;555
878;556
878;557
878;558
878;559
878;560
878;561
878;562
878;563
878;564
878;565
878;566
878;567
878;568
878;569
878;570
878;571
878;572
878;573
878;574
878;575
878;576
878;577
878;578
878;579
878;580
878;581
878;582
878;583
878;584
878;585
878;586
878;587
878;588
878;590
878;645
878;646
878;647
878;648
878;649
878;650
878;651
878;652
878;653
878;654
878;655
878;656
878;657
878;658
878;659
878;660
878;661
878;662
878;663
878;664
878;665
878;666
878;667
878;668
878;669
878;670
878;671
878;672
878;673
878;674
878;675
878;676
878;677
878;678
878;679
878;680
878;681
878;682
878;683
878;684
878;685
878;686
878;687
878;688
878;689
878;690
878;691
878;692
878;693
878;694
878;695
878;696
878;697
878;698
878;699
878;700
878;701
878;702
878;703
878;704
878;705
878;706
878;707
878;708
878;709
878;710
878;711
878;712
878;713
878;714
878;715
878;716
878;717
878;718
878;719
878;720
878;721
878;722
878;723
878;724
878;725
878;726
878;727
878;728
878;729
878;730
878;731
878;732
878;733
878;734
878;735
878;736
878;737
878;738
878;739
878;740
878;741
878;742
878;743
878;744
878;745
878;746
878;747
878;748
878;749
879;509
879;510
879;511
879;512
879;513
879;514
879;515
879;516
879;517
879;518
879;519
879;520
879;521
879;522
879;523
879;524
879;525
879;526
879;527
879;528
879;529
879;530
879;531
879;532
879;533
879;534
879;535
879;536
879;537
879;538
879;539
879;540
879;541
879;542
879;543
879;544
879;545
879;546
879;547
879;548
879;549
879;550
879;551
879;552
879;553
879;554
879;555
879;556
879;557
879;558
879;559
879;560
879;561
879;562
879;563
879;564
879;565
879;566
879;567
879;568
879;569
879;570
879;571
879;572
879;573
879;574
879;575
879;576
879;577
879;578
879;579
879;580
879;581
879;582
879;583
879;584
879;585
879;586
879;645
879;646
879;647
879;648
879;649
879;650
879;651
879;652
879;653
879;654
879;655
879;656
879;657
879;658
879;659
879;660
879;661
879;662
879;663
879;664
879;665
879;666
879;667
879;668
879;669
879;670
879;671
879;672
879;673
879;674
879;675
879;676
879;677
879;678
879;679
879;680
879;681
879;682
879;683
879;684
879;685
879;686
879;687
879;688
879;689
879;690
879;691
879;692
879;693
879;694
879;695
879;696
879;697
879;698
879;699
879;700
879;701
879;702
879;703
879;704
879;705
879;706
879;707
879;708
879;709
879;710
879;711
879;712
879;713
879;714
879;715
879;716
879;717
879;718
879;719
879;720
879;721
879;722
879;723
879;724
879;725
879;726
879;727
879;728
879;729
879;730
879;731
879;732
879;733
879;734
879;735
879;736
879;737
879;738
879;739
879;740
879;741
879;742
879;743
879;744
879;745
879;746
879;747
879;748
879;749
880;510
880;511
880;512
880;513
880;514
880;515
880;516
880;517
880;518
880;519
880;520
880;521
880;522
880;523
880;524
880;525
880;526
880;527
880;528
880;529
880;530
880;531
880;532
880;533
880;534
880;535
880;536
880;537
880;538
880;539
880;540
880;541
880;542
880;543
880;544
880;545
880;546
880;547
880;548
880;549
880;550
880;551
880;552
880;553
880;554
880;555
880;556
880;557
880;558
880;559
880;560
880;561
880;562
880;563
880;564
880;565
880;566
880;567
880;568
880;569
880;570
880;571
880;572
880;573
880;574
880;575
880;576
880;577
880;578
880;579
880;580
880;581
880;582
880;645
880;646
880;647
880;648
880;649
880;650
880;651
880;652
880;653
880;654
880;655
880;656
880;657
880;658
880;659
880;660
880;661
880;662
880;663
880;664
880;665
880;666
880;667
880;668
880;669
880;670
880;671
880;672
880;673
880;674
880;675
880;676
880;677
880;678
880;679
880;680
880;681
880;682
880;683
880;684
880;685
880;686
880;687
880;688
880;689
880;690
880;691
880;692
880;693
880;694
880;695
880;696
880;697
880;698
880;699
880;700
880;701
880;702
880;703
880;704
880;705
880;706
880;707
880;708
880;709
880;710
880;711
880;712
880;713
880;714
880;715
880;716
880;717
880;718
880;719
880;720
880;721
880;722
880;723
880;724
880;725
880;726
880;727
880;728
880;729
880;730
880;731
880;732
880;733
880;734
880;735
880;736
880;737
880;738
880;739
880;740
880;741
880;742
880;743
880;744
880;745
880;746
880;747
880;748
880;749
881;510
881;511
881;512
881;513
881;514
881;515
881;516
881;517
881;518
881;519
881;520
881;521
881;522
881;523
881;524
881;525
881;526
881;527
881;528
881;529
881;530
881;531
881;532
881;533
881;534
881;535
881;536
881;537
881;538
881;539
881;540
881;541
881;542
881;543
881;544
881;545
881;546
881;547
881;548
881;549
881;550
881;551
881;552
881;553
881;554
881;555
881;556
881;557
881;558
881;559
881;560
881;561
881;562
881;563
881;564
881;565
881;566
881;567
881;568
881;569
881;570
881;571
881;572
881;573
881;574
881;575
881;576
881;577
881;578
881;579
881;580
881;645
881;646
881;647
881;648
881;649
881;650
881;651
881;652
881;653
881;654
881;655
881;656
881;657
881;658
881;659
881;660
881;661
881;662
881;663
881;664
881;665
881;666
881;667
881;668
881;669
881;670
881;671
881;672
881;673
881;674
881;675
881;676
881;677
881;678
881;679
881;680
881;681
881;682
881;683
881;684
881;685
881;686
881;687
881;688
881;689
881;690
881;691
881;692
881;693
881;694
881;695
881;696
881;697
881;698
881;699
881;700
881;701
881;702
881;703
881;704
881;705
881;706
881;707
881;708
881;709
881;710
881;711
881;712
881;713
881;714
881;715
881;716
881;717
881;718
881;719
881;720
881;721
881;722
881;723
881;724
881;725
881;726
881;727
881;728
881;729
881;730
881;731
881;732
881;733
881;734
881;735
881;736
881;737
881;738
881;739
881;740
881;741
881;742
881;743
881;744
881;745
881;746
881;747
881;748
881;749
882;510
882;511
882;512
882;513
882;514
882;515
882;516
882;517
882;518
882;519
882;520
882;521
882;522
882;523
882;524
882;525
882;526
882;527
882;528
882;529
882;530
882;531
882;532
882;533
882;534
882;535
882;536
882;537
882;538
882;539
882;540
882;541
882;542
882;543
882;544
882;545
882;546
882;547
882;548
882;549
882;550
882;551
882;552
882;553
882;554
882;555
882;556
882;557
882;558
882;559
882;560
882;561
882;562
882;563
882;564
882;565
882;566
882;567
882;568
882;569
882;570
882;571
882;572
882;573
882;574
882;575
882;576
882;645
882;646
882;647
882;648
882;649
882;650
882;651
882;652
882;653
882;654
882;655
882;656
882;657
882;658
882;659
882;660
882;661
882;662
882;663
882;664
882;665
882;666
882;667
882;668
882;669
882;670
882;671
882;672
882;673
882;674
882;675
882;676
882;677
882;678
882;679
882;680
882;681
882;682
882;683
882;684
882;685
882;686
882;687
882;688
882;689
882;690
882;691
882;692
882;693
882;694
882;695
882;696
882;697
882;698
882;699
882;700
882;701
882;702
882;703
882;704
882;705
882;706
882;707
882;708
882;709
882;710
882;711
882;712
882;713
882;714
882;715
882;716
882;717
882;718
882;719
882;720
882;721
882;722
882;723
882;724
882;725
882;726
882;727
882;728
882;729
882;730
882;731
882;732
882;733
882;734
882;735
882;736
882;737
882;738
882;739
882;740
882;741
882;742
882;743
882;744
882;745
882;746
882;747
882;748
882;749
883;511
883;512
883;513
883;514
883;515
883;516
883;517
883;518
883;519
883;520
883;521
883;522
883;523
883;524
883;525
883;526
883;527
883;528
883;529
883;530
883;531
883;532
883;533
883;534
883;535
883;536
883;537
883;538
883;539
883;540
883;541
883;542
883;543
883;544
883;545
883;546
883;547
883;548
883;549
883;550
883;551
883;552
883;553
883;554
883;555
883;556
883;557
883;558
883;559
883;560
883;561
883;562
883;563
883;564
883;565
883;566
883;567
883;568
883;569
883;570
883;571
883;572
883;573
883;574
883;645
883;646
883;647
883;648
883;649
883;650
883;651
883;652
883;653
883;654
883;655
883;656
883;657
883;658
883;659
883;660
883;661
883;662
883;663
883;664
883;665
883;666
883;667
883;668
883;669
883;670
883;671
883;672
883;673
883;674
883;675
883;676
883;677
883;678
883;679
883;680
883;681
883;682
883;683
883;684
883;685
883;686
883;687
883;688
883;689
883;690
883;691
883;692
883;693
883;694
883;695
883;696
883;697
883;698
883;699
883;700
883;701
883;702
883;703
883;704
883;705
883;706
883;707
883;708
883;709
883;710
883;711
883;712
883;713
883;714
883;715
883;716
883;717
883;718
883;719
883;720
883;721
883;722
883;723
883;724
883;725
883;726
883;727
883;728
883;729
883;730
883;731
883;732
883;733
883;734
883;735
883;736
883;737
883;738
883;739
883;740
883;741
883;742
883;743
883;744
883;745
883;746
883;747
883;748
883;749
884;511
884;512
884;513
884;514
884;515
884;516
884;517
884;518
884;519
884;520
884;521
884;522
884;523
884;524
884;525
884;526
884;527
884;528
884;529
884;530
884;531
884;532
884;533
884;534
884;535
884;536
884;537
884;538
884;539
884;540
884;541
884;542
884;543
884;544
884;545
884;546
884;547
884;548
884;549
884;550
884;551
884;552
884;553
884;554
884;555
884;556
884;557
884;558
884;559
884;560
884;561
884;562
884;563
884;564
884;565
884;566
884;567
884;568
884;569
884;570
884;645
884;646
884;647
884;648
884;649
884;650
884;651
884;652
884;653
884;654
884;655
884;656
884;657
884;658
884;659
884;660
884;661
884;662
884;663
884;664
884;665
884;666
884;667
884;668
884;669
884;670
884;671
884;672
884;673
884;674
884;675
884;676
884;677
884;678
884;679
884;680
884;681
884;682
884;683
884;684
884;685
884;686
884;687
884;688
884;689
884;690
884;691
884;692
884;693
884;694
884;695
884;696
884;697
884;698
884;699
884;700
884;701
884;702
884;703
884;704
884;705
884;706
884;707
884;708
884;709
884;710
884;711
884;712
884;713
884;714
884;715
884;716
884;717
884;718
884;719
884;720
884;721
884;722
884;723
884;724
884;725
884;726
884;727
884;728
884;729
884;730
884;731
884;732
884;733
884;734
884;735
884;736
884;737
884;738
884;739
884;740
884;741
884;742
884;743
884;744
884;745
884;746
884;747
884;748
884;749
885;512
885;513
885;514
885;515
885;516
885;517
885;518
885;519
885;520
885;521
885;522
885;523
885;524
885;525
885;526
885;527
885;528
885;529
885;530
885;531
885;532
885;533
885;534
885;535
885;536
885;537
885;538
885;539
885;540
885;541
885;542
885;543
885;544
885;545
885;546
885;547
885;548
885;549
885;550
885;551
885;552
885;553
885;554
885;555
885;556
885;557
885;558
885;559
885;560
885;561
885;562
885;563
885;564
885;565
885;566
885;568
885;645
885;646
885;647
885;648
885;649
885;650
885;651
885;652
885;653
885;654
885;655
885;656
885;657
885;658
885;659
885;660
885;661
885;662
885;663
885;664
885;665
885;666
885;667
885;668
885;669
885;670
885;671
885;672
885;673
885;674
885;675
885;676
885;677
885;678
885;679
885;680
885;681
885;682
885;683
885;684
885;685
885;686
885;687
885;688
885;689
885;690
885;691
885;692
885;693
885;694
885;695
885;696
885;697
885;698
885;699
885;700
885;701
885;702
885;703
885;704
885;705
885;706
885;707
885;708
885;709
885;710
885;711
885;712
885;713
885;714
885;715
885;716
885;717
885;718
885;719
885;720
885;721
885;722
885;723
885;724
885;725
885;726
885;727
885;728
885;729
885;730
885;731
885;732
885;733
885;734
885;735
885;736
885;737
885;738
885;739
885;740
885;741
885;742
885;743
885;744
885;745
885;746
885;747
885;748
885;749
886;512
886;513
886;514
886;515
886;516
886;517
886;518
886;519
886;520
886;521
886;522
886;523
886;524
886;525
886;526
886;527
886;528
886;529
886;530
886;531
886;532
886;533
886;534
886;535
886;536
886;537
886;538
886;539
886;540
886;541
886;542
886;543
886;544
886;545
886;546
886;547
886;548
886;549
886;550
886;551
886;552
886;553
886;554
886;555
886;556
886;557
886;558
886;559
886;560
886;561
886;562
886;563
886;564
886;646
886;647
886;648
886;649
886;650
886;651
886;652
886;653
886;654
886;655
886;656
886;657
886;658
886;659
886;660
886;661
886;662
886;663
886;664
886;665
886;666
886;667
886;668
886;669
886;670
886;671
886;672
886;673
886;674
886;675
886;676
886;677
886;678
886;679
886;680
886;681
886;682
886;683
886;684
886;685
886;686
886;687
886;688
886;689
886;690
886;691
886;692
886;693
886;694
886;695
886;696
886;697
886;698
886;699
886;700
886;701
886;702
886;703
886;704
886;705
886;706
886;707
886;708
886;709
886;710
886;711
886;712
886;713
886;714
886;715
886;716
886;717
886;718
886;719
886;720
886;721
886;722
886;723
886;724
886;725
886;726
886;727
886;728
886;729
886;730
886;731
886;732
886;733
886;734
886;735
886;736
886;737
886;738
886;739
886;740
886;741
886;742
886;743
886;744
886;745
886;746
886;747
886;748
886;749
887;512
887;513
887;514
887;515
887;516
887;517
887;518
887;519
887;520
887;521
887;522
887;523
887;524
887;525
887;526
887;527
887;528
887;529
887;530
887;531
887;532
887;533
887;534
887;535
887;536
887;537
887;538
887;539
887;540
887;541
887;542
887;543
887;544
887;545
887;546
887;547
887;548
887;549
887;550
887;551
887;552
887;553
887;554
887;555
887;556
887;557
887;558
887;559
887;560
887;562
887;646
887;647
887;648
887;649
887;650
887;651
887;652
887;653
887;654
887;655
887;656
887;657
887;658
887;659
887;660
887;661
887;662
887;663
887;664
887;665
887;666
887;667
887;668
887;669
887;670
887;671
887;672
887;673
887;674
887;675
887;676
887;677
887;678
887;679
887;680
887;681
887;682
887;683
887;684
887;685
887;686
887;687
887;688
887;689
887;690
887;691
887;692
887;693
887;694
887;695
887;696
887;697
887;698
887;699
887;700
887;701
887;702
887;703
887;704
887;705
887;706
887;707
887;708
887;709
887;710
887;711
887;712
887;713
887;714
887;715
887;716
887;717
887;718
887;719
887;720
887;721
887;722
887;723
887;724
887;725
887;726
887;727
887;728
887;729
887;730
887;731
887;732
887;733
887;734
887;735
887;736
887;737
887;738
887;739
887;740
887;741
887;742
887;743
887;744
887;745
887;746
887;747
887;748
887;749
888;513
888;514
888;515
888;516
888;517
888;518
888;519
888;520
888;521
888;522
888;523
888;524
888;525
888;526
888;527
888;528
888;529
888;530
888;531
888;532
888;533
888;534
888;535
888;536
888;537
888;538
888;539
888;540
888;541
888;542
888;543
888;544
888;545
888;546
888;547
888;548
888;549
888;550
888;551
888;552
888;553
888;554
888;555
888;556
888;557
888;558
888;646
888;647
888;648
888;649
888;650
888;651
888;652
888;653
888;654
888;655
888;656
888;657
888;658
888;659
888;660
888;661
888;662
888;663
888;664
888;665
888;666
888;667
888;668
888;669
888;670
888;671
888;672
888;673
888;674
888;675
888;676
888;677
888;678
888;679
888;680
888;681
888;682
888;683
888;684
888;685
888;686
888;687
888;688
888;689
888;690
888;691
888;692
888;693
888;694
888;695
888;696
888;697
888;698
888;699
888;700
888;701
888;702
888;703
888;704
888;705
888;706
888;707
888;708
888;709
888;710
888;711
888;712
888;713
888;714
888;715
888;716
888;717
888;718
888;719
888;720
888;721
888;722
888;723
888;724
888;725
888;726
888;727
888;728
888;729
888;730
888;731
888;732
888;733
888;734
888;735
888;736
888;737
888;738
888;739
888;740
888;741
888;742
888;743
888;744
888;745
888;746
888;747
888;748
888;749
889;513
889;514
889;515
889;516
889;517
889;518
889;519
889;520
889;521
889;522
889;523
889;524
889;525
889;526
889;527
889;528
889;529
889;530
889;531
889;532
889;533
889;534
889;535
889;536
889;537
889;538
889;539
889;540
889;541
889;542
889;543
889;544
889;545
889;546
889;547
889;548
889;549
889;550
889;551
889;552
889;553
889;554
889;646
889;647
889;648
889;649
889;650
889;651
889;652
889;653
889;654
889;655
889;656
889;657
889;658
889;659
889;660
889;661
889;662
889;663
889;664
889;665
889;666
889;667
889;668
889;669
889;670
889;671
889;672
889;673
889;674
889;675
889;676
889;677
889;678
889;679
889;680
889;681
889;682
889;683
889;684
889;685
889;686
889;687
889;688
889;689
889;690
889;691
889;692
889;693
889;694
889;695
889;696
889;697
889;698
889;699
889;700
889;701
889;702
889;703
889;704
889;705
889;706
889;707
889;708
889;709
889;710
889;711
889;712
889;713
889;714
889;715
889;716
889;717
889;718
889;719
889;720
889;721
889;722
889;723
889;724
889;725
889;726
889;727
889;728
889;729
889;730
889;731
889;732
889;733
889;734
889;735
889;736
889;737
889;738
889;739
889;740
889;741
889;742
889;743
889;744
889;745
889;746
889;747
889;748
889;749
890;514
890;515
890;516
890;517
890;518
890;519
890;520
890;521
890;522
890;523
890;524
890;525
890;526
890;527
890;528
890;529
890;530
890;531
890;532
890;533
890;534
890;535
890;536
890;537
890;538
890;539
890;540
890;541
890;542
890;543
890;544
890;545
890;546
890;547
890;548
890;549
890;550
890;551
890;552
890;646
890;647
890;648
890;649
890;650
890;651
890;652
890;653
890;654
890;655
890;656
890;657
890;658
890;659
890;660
890;661
890;662
890;663
890;664
890;665
890;666
890;667
890;668
890;669
890;670
890;671
890;672
890;673
890;674
890;675
890;676
890;677
890;678
890;679
890;680
890;681
890;682
890;683
890;684
890;685
890;686
890;687
890;688
890;689
890;690
890;691
890;692
890;693
890;694
890;695
890;696
890;697
890;698
890;699
890;700
890;701
890;702
890;703
890;704
890;705
890;706
890;707
890;708
890;709
890;710
890;711
890;712
890;713
890;714
890;715
890;716
890;717
890;718
890;719
890;720
890;721
890;722
890;723
890;724
890;725
890;726
890;727
890;728
890;729
890;730
890;731
890;732
890;733
890;734
890;735
890;736
890;737
890;738
890;739
890;740
890;741
890;742
890;743
890;744
890;745
890;746
890;747
890;748
890;749
891;514
891;515
891;516
891;517
891;518
891;519
891;520
891;521
891;522
891;523
891;524
891;525
891;526
891;527
891;528
891;529
891;530
891;531
891;532
891;533
891;534
891;535
891;536
891;537
891;538
891;539
891;540
891;541
891;542
891;543
891;544
891;545
891;546
891;547
891;548
891;646
891;647
891;648
891;649
891;650
891;651
891;652
891;653
891;654
891;655
891;656
891;657
891;658
891;659
891;660
891;661
891;662
891;663
891;664
891;665
891;666
891;667
891;668
891;669
891;670
891;671
891;672
891;673
891;674
891;675
891;676
891;677
891;678
891;679
891;680
891;681
891;682
891;683
891;684
891;685
891;686
891;687
891;688
891;689
891;690
891;691
891;692
891;693
891;694
891;695
891;696
891;697
891;698
891;699
891;700
891;701
891;702
891;703
891;704
891;705
891;706
891;707
891;708
891;709
891;710
891;711
891;712
891;713
891;714
891;715
891;716
891;717
891;718
891;719
891;720
891;721
891;722
891;723
891;724
891;725
891;726
891;727
891;728
891;729
891;730
891;731
891;732
891;733
891;734
891;735
891;736
891;737
891;738
891;739
891;740
891;741
891;742
891;743
891;744
891;745
891;746
891;747
891;748
891;749
892;514
892;515
892;516
892;517
892;518
892;519
892;520
892;521
892;522
892;523
892;524
892;525
892;526
892;527
892;528
892;529
892;530
892;531
892;532
892;533
892;534
892;535
892;536
892;537
892;538
892;539
892;540
892;541
892;542
892;543
892;544
892;545
892;546
892;646
892;647
892;648
892;649
892;650
892;651
892;652
892;653
892;654
892;655
892;656
892;657
892;658
892;659
892;660
892;661
892;662
892;663
892;664
892;665
892;666
892;667
892;668
892;669
892;670
892;671
892;672
892;673
892;674
892;675
892;676
892;677
892;678
892;679
892;680
892;681
892;682
892;683
892;684
892;685
892;686
892;687
892;688
892;689
892;690
892;691
892;692
892;693
892;694
892;695
892;696
892;697
892;698
892;699
892;700
892;701
892;702
892;703
892;704
892;705
892;706
892;707
892;708
892;709
892;710
892;711
892;712
892;713
892;714
892;715
892;716
892;717
892;718
892;719
892;720
892;721
892;722
892;723
892;724
892;725
892;726
892;727
892;728
892;729
892;730
892;731
892;732
892;733
892;734
892;735
892;736
892;737
892;738
892;739
892;740
892;741
892;742
892;743
892;744
892;745
892;746
892;747
892;748
892;749
893;515
893;516
893;517
893;518
893;519
893;520
893;521
893;522
893;523
893;524
893;525
893;526
893;527
893;528
893;529
893;530
893;531
893;532
893;533
893;534
893;535
893;536
893;537
893;538
893;539
893;540
893;541
893;542
893;646
893;647
893;648
893;649
893;650
893;651
893;652
893;653
893;654
893;655
893;656
893;657
893;658
893;659
893;660
893;661
893;662
893;663
893;664
893;665
893;666
893;667
893;668
893;669
893;670
893;671
893;672
893;673
893;674
893;675
893;676
893;677
893;678
893;679
893;680
893;681
893;682
893;683
893;684
893;685
893;686
893;687
893;688
893;689
893;690
893;691
893;692
893;693
893;694
893;695
893;696
893;697
893;698
893;699
893;700
893;701
893;702
893;703
893;704
893;705
893;706
893;707
893;708
893;709
893;710
893;711
893;712
893;713
893;714
893;715
893;716
893;717
893;718
893;719
893;720
893;721
893;722
893;723
893;724
893;725
893;726
893;727
893;728
893;729
893;730
893;731
893;732
893;734
893;736
893;738
893;740
893;742
894;516
894;517
894;518
894;519
894;520
894;521
894;522
894;523
894;524
894;525
894;526
894;527
894;528
894;529
894;530
894;531
894;532
894;533
894;534
894;535
894;536
894;537
894;538
894;540
894;646
894;647
894;648
894;649
894;650
894;651
894;652
894;653
894;654
894;655
894;656
894;657
894;658
894;659
894;660
894;661
894;662
894;663
894;664
894;665
894;666
894;667
894;668
894;669
894;670
894;671
894;672
894;673
894;674
894;675
894;676
894;677
894;678
894;679
894;680
894;681
894;682
894;683
894;684
894;685
894;686
894;687
894;688
894;689
894;690
894;691
894;692
894;693
894;694
894;695
894;696
894;697
894;698
894;699
894;700
894;701
894;702
894;703
894;704
894;705
894;706
894;707
894;708
894;710
894;712
894;714
894;716
894;718
895;516
895;517
895;518
895;519
895;520
895;521
895;522
895;523
895;524
895;525
895;526
895;527
895;528
895;529
895;530
895;531
895;532
895;533
895;534
895;535
895;536
895;646
895;647
895;648
895;649
895;650
895;651
895;652
895;653
895;654
895;655
895;656
895;657
895;658
895;659
895;660
895;661
895;662
895;663
895;664
895;665
895;666
895;667
895;668
895;669
895;670
895;671
895;672
895;673
895;674
895;675
895;676
895;677
895;678
895;679
895;680
895;681
895;682
895;683
895;684
895;686
895;688
895;690
895;692
895;694
896;516
896;517
896;518
896;519
896;520
896;521
896;522
896;523
896;524
896;525
896;526
896;527
896;528
896;529
896;530
896;531
896;532
896;534
896;646
896;647
896;648
896;649
896;650
896;651
896;652
896;653
896;654
896;655
896;656
896;657
896;658
896;659
896;660
896;662
896;664
896;666
896;668
896;670
897;517
897;518
897;519
897;520
897;521
897;522
897;523
897;524
897;525
897;526
897;527
897;528
897;529
897;530
897;646
898;517
898;518
898;519
898;520
898;521
898;522
898;523
898;524
898;525
898;526
898;528
899;518
899;519
899;520
899;521
899;522
899;523
899;524
900;518
900;519
900;520
901;518
