465;537;456;506;255;101
0;26
0;27
0;28
0;29
0;30
0;31
0;32
0;33
0;34
0;35
0;36
0;37
0;38
0;39
0;40
0;41
0;42
0;43
0;44
0;45
0;46
0;47
0;48
0;49
0;50
0;51
0;52
0;53
0;54
0;55
0;56
0;57
0;58
0;59
0;60
0;61
0;62
0;63
0;64
0;65
0;66
0;67
0;68
0;69
0;70
0;71
0;72
0;73
0;74
0;75
0;76
0;77
0;78
0;79
0;80
0;81
0;82
0;83
0;84
0;85
0;86
0;87
0;88
0;89
0;90
0;91
0;92
0;93
0;94
0;95
0;96
0;97
0;98
0;99
0;100
0;101
0;102
0;103
0;104
0;105
0;106
0;107
0;108
0;109
0;110
0;111
0;112
0;113
0;114
0;115
0;116
0;117
0;118
0;119
0;120
0;121
0;122
0;123
0;124
0;125
0;126
0;127
0;128
0;129
0;130
0;131
0;132
0;133
0;134
0;135
0;136
0;137
0;138
0;139
0;140
0;141
0;142
0;143
0;144
0;145
0;146
0;147
0;148
1;27
1;28
1;29
1;30
1;31
1;32
1;33
1;34
1;35
1;36
1;37
1;38
1;39
1;40
1;41
1;42
1;43
1;44
1;45
1;46
1;47
1;48
1;49
1;50
1;51
1;52
1;53
1;54
1;55
1;56
1;57
1;58
1;59
1;60
1;61
1;62
1;63
1;64
1;65
1;66
1;67
1;68
1;69
1;70
1;71
1;72
1;73
1;74
1;75
1;76
1;77
1;78
1;79
1;80
1;81
1;82
1;83
1;84
1;85
1;86
1;87
1;88
1;89
1;90
1;91
1;92
1;93
1;94
1;95
1;96
1;97
1;98
1;99
1;100
1;101
1;102
1;103
1;104
1;105
1;106
1;107
1;108
1;109
1;110
1;111
1;112
1;113
1;114
1;115
1;116
1;117
1;118
1;119
1;120
1;121
1;122
1;123
1;124
1;125
1;126
1;127
1;128
1;129
1;130
1;131
1;132
1;133
1;134
1;135
1;136
1;137
1;138
1;139
1;140
1;141
1;142
1;143
1;144
1;145
1;146
1;147
1;148
2;28
2;29
2;30
2;31
2;32
2;33
2;34
2;35
2;36
2;37
2;38
2;39
2;40
2;41
2;42
2;43
2;44
2;45
2;46
2;47
2;48
2;49
2;50
2;51
2;52
2;53
2;54
2;55
2;56
2;57
2;58
2;59
2;60
2;61
2;62
2;63
2;64
2;65
2;66
2;67
2;68
2;69
2;70
2;71
2;72
2;73
2;74
2;75
2;76
2;77
2;78
2;79
2;80
2;81
2;82
2;83
2;84
2;85
2;86
2;87
2;88
2;89
2;90
2;91
2;92
2;93
2;94
2;95
2;96
2;97
2;98
2;99
2;100
2;101
2;102
2;103
2;104
2;105
2;106
2;107
2;108
2;109
2;110
2;111
2;112
2;113
2;114
2;115
2;116
2;117
2;118
2;119
2;120
2;121
2;122
2;123
2;124
2;125
2;126
2;127
2;128
2;129
2;130
2;131
2;132
2;133
2;134
2;135
2;136
2;137
2;138
2;139
2;140
2;141
2;142
2;143
2;144
2;145
2;146
2;147
2;148
2;149
3;28
3;29
3;30
3;31
3;32
3;33
3;34
3;35
3;36
3;37
3;38
3;39
3;40
3;41
3;42
3;43
3;44
3;45
3;46
3;47
3;48
3;49
3;50
3;51
3;52
3;53
3;54
3;55
3;56
3;57
3;58
3;59
3;60
3;61
3;62
3;63
3;64
3;65
3;66
3;67
3;68
3;69
3;70
3;71
3;72
3;73
3;74
3;75
3;76
3;77
3;78
3;79
3;80
3;81
3;82
3;83
3;84
3;85
3;86
3;87
3;88
3;89
3;90
3;91
3;92
3;93
3;94
3;95
3;96
3;97
3;98
3;99
3;100
3;101
3;102
3;103
3;104
3;105
3;106
3;107
3;108
3;109
3;110
3;111
3;112
3;113
3;114
3;115
3;116
3;117
3;118
3;119
3;120
3;121
3;122
3;123
3;124
3;125
3;126
3;127
3;128
3;129
3;130
3;131
3;132
3;133
3;134
3;135
3;136
3;137
3;138
3;139
3;140
3;141
3;142
3;143
3;144
3;145
3;146
3;147
3;148
3;149
4;29
4;30
4;31
4;32
4;33
4;34
4;35
4;36
4;37
4;38
4;39
4;40
4;41
4;42
4;43
4;44
4;45
4;46
4;47
4;48
4;49
4;50
4;51
4;52
4;53
4;54
4;55
4;56
4;57
4;58
4;59
4;60
4;61
4;62
4;63
4;64
4;65
4;66
4;67
4;68
4;69
4;70
4;71
4;72
4;73
4;74
4;75
4;76
4;77
4;78
4;79
4;80
4;81
4;82
4;83
4;84
4;85
4;86
4;87
4;88
4;89
4;90
4;91
4;92
4;93
4;94
4;95
4;96
4;97
4;98
4;99
4;100
4;101
4;102
4;103
4;104
4;105
4;106
4;107
4;108
4;109
4;110
4;111
4;112
4;113
4;114
4;115
4;116
4;117
4;118
4;119
4;120
4;121
4;122
4;123
4;124
4;125
4;126
4;127
4;128
4;129
4;130
4;131
4;132
4;133
4;134
4;135
4;136
4;137
4;138
4;139
4;140
4;141
4;142
4;143
4;144
4;145
4;146
4;147
4;148
4;149
4;150
5;30
5;31
5;32
5;33
5;34
5;35
5;36
5;37
5;38
5;39
5;40
5;41
5;42
5;43
5;44
5;45
5;46
5;47
5;48
5;49
5;50
5;51
5;52
5;53
5;54
5;55
5;56
5;57
5;58
5;59
5;60
5;61
5;62
5;63
5;64
5;65
5;66
5;67
5;68
5;69
5;70
5;71
5;72
5;73
5;74
5;75
5;76
5;77
5;78
5;79
5;80
5;81
5;82
5;83
5;84
5;85
5;86
5;87
5;88
5;89
5;90
5;91
5;92
5;93
5;94
5;95
5;96
5;97
5;98
5;99
5;100
5;101
5;102
5;103
5;104
5;105
5;106
5;107
5;108
5;109
5;110
5;111
5;112
5;113
5;114
5;115
5;116
5;117
5;118
5;119
5;120
5;121
5;122
5;123
5;124
5;125
5;126
5;127
5;128
5;129
5;130
5;131
5;132
5;133
5;134
5;135
5;136
5;137
5;138
5;139
5;140
5;141
5;142
5;143
5;144
5;145
5;146
5;147
5;148
5;149
5;150
6;30
6;31
6;32
6;33
6;34
6;35
6;36
6;37
6;38
6;39
6;40
6;41
6;42
6;43
6;44
6;45
6;46
6;47
6;48
6;49
6;50
6;51
6;52
6;53
6;54
6;55
6;56
6;57
6;58
6;59
6;60
6;61
6;62
6;63
6;64
6;65
6;66
6;67
6;68
6;69
6;70
6;71
6;72
6;73
6;74
6;75
6;76
6;77
6;78
6;79
6;80
6;81
6;82
6;83
6;84
6;85
6;86
6;87
6;88
6;89
6;90
6;91
6;92
6;93
6;94
6;95
6;96
6;97
6;98
6;99
6;100
6;101
6;102
6;103
6;104
6;105
6;106
6;107
6;108
6;109
6;110
6;111
6;112
6;113
6;114
6;115
6;116
6;117
6;118
6;119
6;120
6;121
6;122
6;123
6;124
6;125
6;126
6;127
6;128
6;129
6;130
6;131
6;132
6;133
6;134
6;135
6;136
6;137
6;138
6;139
6;140
6;141
6;142
6;143
6;144
6;145
6;146
6;147
6;148
6;149
6;150
6;151
7;31
7;32
7;33
7;34
7;35
7;36
7;37
7;38
7;39
7;40
7;41
7;42
7;43
7;44
7;45
7;46
7;47
7;48
7;49
7;50
7;51
7;52
7;53
7;54
7;55
7;56
7;57
7;58
7;59
7;60
7;61
7;62
7;63
7;64
7;65
7;66
7;67
7;68
7;69
7;70
7;71
7;72
7;73
7;74
7;75
7;76
7;77
7;78
7;79
7;80
7;81
7;82
7;83
7;84
7;85
7;86
7;87
7;88
7;89
7;90
7;91
7;92
7;93
7;94
7;95
7;96
7;97
7;98
7;99
7;100
7;101
7;102
7;103
7;104
7;105
7;106
7;107
7;108
7;109
7;110
7;111
7;112
7;113
7;114
7;115
7;116
7;117
7;118
7;119
7;120
7;121
7;122
7;123
7;124
7;125
7;126
7;127
7;128
7;129
7;130
7;131
7;132
7;133
7;134
7;135
7;136
7;137
7;138
7;139
7;140
7;141
7;142
7;143
7;144
7;145
7;146
7;147
7;148
7;149
7;150
7;151
8;32
8;33
8;34
8;35
8;36
8;37
8;38
8;39
8;40
8;41
8;42
8;43
8;44
8;45
8;46
8;47
8;48
8;49
8;50
8;51
8;52
8;53
8;54
8;55
8;56
8;57
8;58
8;59
8;60
8;61
8;62
8;63
8;64
8;65
8;66
8;67
8;68
8;69
8;70
8;71
8;72
8;73
8;74
8;75
8;76
8;77
8;78
8;79
8;80
8;81
8;82
8;83
8;84
8;85
8;86
8;87
8;88
8;89
8;90
8;91
8;92
8;93
8;94
8;95
8;96
8;97
8;98
8;99
8;100
8;101
8;102
8;103
8;104
8;105
8;106
8;107
8;108
8;109
8;110
8;111
8;112
8;113
8;114
8;115
8;116
8;117
8;118
8;119
8;120
8;121
8;122
8;123
8;124
8;125
8;126
8;127
8;128
8;129
8;130
8;131
8;132
8;133
8;134
8;135
8;136
8;137
8;138
8;139
8;140
8;141
8;142
8;143
8;144
8;145
8;146
8;147
8;148
8;149
8;150
8;151
9;32
9;33
9;34
9;35
9;36
9;37
9;38
9;39
9;40
9;41
9;42
9;43
9;44
9;45
9;46
9;47
9;48
9;49
9;50
9;51
9;52
9;53
9;54
9;55
9;56
9;57
9;58
9;59
9;60
9;61
9;62
9;63
9;64
9;65
9;66
9;67
9;68
9;69
9;70
9;71
9;72
9;73
9;74
9;75
9;76
9;77
9;78
9;79
9;80
9;81
9;82
9;83
9;84
9;85
9;86
9;87
9;88
9;89
9;90
9;91
9;92
9;93
9;94
9;95
9;96
9;97
9;98
9;99
9;100
9;101
9;102
9;103
9;104
9;105
9;106
9;107
9;108
9;109
9;110
9;111
9;112
9;113
9;114
9;115
9;116
9;117
9;118
9;119
9;120
9;121
9;122
9;123
9;124
9;125
9;126
9;127
9;128
9;129
9;130
9;131
9;132
9;133
9;134
9;135
9;136
9;137
9;138
9;139
9;140
9;141
9;142
9;143
9;144
9;145
9;146
9;147
9;148
9;149
9;150
9;151
9;152
10;33
10;34
10;35
10;36
10;37
10;38
10;39
10;40
10;41
10;42
10;43
10;44
10;45
10;46
10;47
10;48
10;49
10;50
10;51
10;52
10;53
10;54
10;55
10;56
10;57
10;58
10;59
10;60
10;61
10;62
10;63
10;64
10;65
10;66
10;67
10;68
10;69
10;70
10;71
10;72
10;73
10;74
10;75
10;76
10;77
10;78
10;79
10;80
10;81
10;82
10;83
10;84
10;85
10;86
10;87
10;88
10;89
10;90
10;91
10;92
10;93
10;94
10;95
10;96
10;97
10;98
10;99
10;100
10;101
10;102
10;103
10;104
10;105
10;106
10;107
10;108
10;109
10;110
10;111
10;112
10;113
10;114
10;115
10;116
10;117
10;118
10;119
10;120
10;121
10;122
10;123
10;124
10;125
10;126
10;127
10;128
10;129
10;130
10;131
10;132
10;133
10;134
10;135
10;136
10;137
10;138
10;139
10;140
10;141
10;142
10;143
10;144
10;145
10;146
10;147
10;148
10;149
10;150
10;151
10;152
11;34
11;35
11;36
11;37
11;38
11;39
11;40
11;41
11;42
11;43
11;44
11;45
11;46
11;47
11;48
11;49
11;50
11;51
11;52
11;53
11;54
11;55
11;56
11;57
11;58
11;59
11;60
11;61
11;62
11;63
11;64
11;65
11;66
11;67
11;68
11;69
11;70
11;71
11;72
11;73
11;74
11;75
11;76
11;77
11;78
11;79
11;80
11;81
11;82
11;83
11;84
11;85
11;86
11;87
11;88
11;89
11;90
11;91
11;92
11;93
11;94
11;95
11;96
11;97
11;98
11;99
11;100
11;101
11;102
11;103
11;104
11;105
11;106
11;107
11;108
11;109
11;110
11;111
11;112
11;113
11;114
11;115
11;116
11;117
11;118
11;119
11;120
11;121
11;122
11;123
11;124
11;125
11;126
11;127
11;128
11;129
11;130
11;131
11;132
11;133
11;134
11;135
11;136
11;137
11;138
11;139
11;140
11;141
11;142
11;143
11;144
11;145
11;146
11;147
11;148
11;149
11;150
11;151
11;152
11;239
12;34
12;35
12;36
12;37
12;38
12;39
12;40
12;41
12;42
12;43
12;44
12;45
12;46
12;47
12;48
12;49
12;50
12;51
12;52
12;53
12;54
12;55
12;56
12;57
12;58
12;59
12;60
12;61
12;62
12;63
12;64
12;65
12;66
12;67
12;68
12;69
12;70
12;71
12;72
12;73
12;74
12;75
12;76
12;77
12;78
12;79
12;80
12;81
12;82
12;83
12;84
12;85
12;86
12;87
12;88
12;89
12;90
12;91
12;92
12;93
12;94
12;95
12;96
12;97
12;98
12;99
12;100
12;101
12;102
12;103
12;104
12;105
12;106
12;107
12;108
12;109
12;110
12;111
12;112
12;113
12;114
12;115
12;116
12;117
12;118
12;119
12;120
12;121
12;122
12;123
12;124
12;125
12;126
12;127
12;128
12;129
12;130
12;131
12;132
12;133
12;134
12;135
12;136
12;137
12;138
12;139
12;140
12;141
12;142
12;143
12;144
12;145
12;146
12;147
12;148
12;149
12;150
12;151
12;152
12;238
12;239
12;240
12;241
12;242
12;243
12;244
12;245
12;246
12;247
12;249
12;251
12;253
12;418
12;419
13;35
13;36
13;37
13;38
13;39
13;40
13;41
13;42
13;43
13;44
13;45
13;46
13;47
13;48
13;49
13;50
13;51
13;52
13;53
13;54
13;55
13;56
13;57
13;58
13;59
13;60
13;61
13;62
13;63
13;64
13;65
13;66
13;67
13;68
13;69
13;70
13;71
13;72
13;73
13;74
13;75
13;76
13;77
13;78
13;79
13;80
13;81
13;82
13;83
13;84
13;85
13;86
13;87
13;88
13;89
13;90
13;91
13;92
13;93
13;94
13;95
13;96
13;97
13;98
13;99
13;100
13;101
13;102
13;103
13;104
13;105
13;106
13;107
13;108
13;109
13;110
13;111
13;112
13;113
13;114
13;115
13;116
13;117
13;118
13;119
13;120
13;121
13;122
13;123
13;124
13;125
13;126
13;127
13;128
13;129
13;130
13;131
13;132
13;133
13;134
13;135
13;136
13;137
13;138
13;139
13;140
13;141
13;142
13;143
13;144
13;145
13;146
13;147
13;148
13;149
13;150
13;151
13;152
13;153
13;239
13;240
13;241
13;242
13;243
13;244
13;245
13;246
13;247
13;248
13;249
13;250
13;251
13;252
13;253
13;254
13;255
13;256
13;257
13;258
13;259
13;260
13;261
13;263
13;265
13;267
13;417
13;418
13;419
14;36
14;37
14;38
14;39
14;40
14;41
14;42
14;43
14;44
14;45
14;46
14;47
14;48
14;49
14;50
14;51
14;52
14;53
14;54
14;55
14;56
14;57
14;58
14;59
14;60
14;61
14;62
14;63
14;64
14;65
14;66
14;67
14;68
14;69
14;70
14;71
14;72
14;73
14;74
14;75
14;76
14;77
14;78
14;79
14;80
14;81
14;82
14;83
14;84
14;85
14;86
14;87
14;88
14;89
14;90
14;91
14;92
14;93
14;94
14;95
14;96
14;97
14;98
14;99
14;100
14;101
14;102
14;103
14;104
14;105
14;106
14;107
14;108
14;109
14;110
14;111
14;112
14;113
14;114
14;115
14;116
14;117
14;118
14;119
14;120
14;121
14;122
14;123
14;124
14;125
14;126
14;127
14;128
14;129
14;130
14;131
14;132
14;133
14;134
14;135
14;136
14;137
14;138
14;139
14;140
14;141
14;142
14;143
14;144
14;145
14;146
14;147
14;148
14;149
14;150
14;151
14;152
14;153
14;240
14;241
14;242
14;243
14;244
14;245
14;246
14;247
14;248
14;249
14;250
14;251
14;252
14;253
14;254
14;255
14;256
14;257
14;258
14;259
14;260
14;261
14;262
14;263
14;264
14;265
14;266
14;267
14;268
14;269
14;270
14;271
14;272
14;273
14;274
14;275
14;277
14;279
14;281
14;415
14;416
14;417
14;418
14;419
14;420
15;36
15;37
15;38
15;39
15;40
15;41
15;42
15;43
15;44
15;45
15;46
15;47
15;48
15;49
15;50
15;51
15;52
15;53
15;54
15;55
15;56
15;57
15;58
15;59
15;60
15;61
15;62
15;63
15;64
15;65
15;66
15;67
15;68
15;69
15;70
15;71
15;72
15;73
15;74
15;75
15;76
15;77
15;78
15;79
15;80
15;81
15;82
15;83
15;84
15;85
15;86
15;87
15;88
15;89
15;90
15;91
15;92
15;93
15;94
15;95
15;96
15;97
15;98
15;99
15;100
15;101
15;102
15;103
15;104
15;105
15;106
15;107
15;108
15;109
15;110
15;111
15;112
15;113
15;114
15;115
15;116
15;117
15;118
15;119
15;120
15;121
15;122
15;123
15;124
15;125
15;126
15;127
15;128
15;129
15;130
15;131
15;132
15;133
15;134
15;135
15;136
15;137
15;138
15;139
15;140
15;141
15;142
15;143
15;144
15;145
15;146
15;147
15;148
15;149
15;150
15;151
15;152
15;153
15;240
15;241
15;242
15;243
15;244
15;245
15;246
15;247
15;248
15;249
15;250
15;251
15;252
15;253
15;254
15;255
15;256
15;257
15;258
15;259
15;260
15;261
15;262
15;263
15;264
15;265
15;266
15;267
15;268
15;269
15;270
15;271
15;272
15;273
15;274
15;275
15;276
15;277
15;278
15;279
15;280
15;281
15;282
15;283
15;284
15;285
15;286
15;287
15;288
15;289
15;291
15;293
15;295
15;413
15;414
15;415
15;416
15;417
15;418
15;419
15;420
15;421
16;37
16;38
16;39
16;40
16;41
16;42
16;43
16;44
16;45
16;46
16;47
16;48
16;49
16;50
16;51
16;52
16;53
16;54
16;55
16;56
16;57
16;58
16;59
16;60
16;61
16;62
16;63
16;64
16;65
16;66
16;67
16;68
16;69
16;70
16;71
16;72
16;73
16;74
16;75
16;76
16;77
16;78
16;79
16;80
16;81
16;82
16;83
16;84
16;85
16;86
16;87
16;88
16;89
16;90
16;91
16;92
16;93
16;94
16;95
16;96
16;97
16;98
16;99
16;100
16;101
16;102
16;103
16;104
16;105
16;106
16;107
16;108
16;109
16;110
16;111
16;112
16;113
16;114
16;115
16;116
16;117
16;118
16;119
16;120
16;121
16;122
16;123
16;124
16;125
16;126
16;127
16;128
16;129
16;130
16;131
16;132
16;133
16;134
16;135
16;136
16;137
16;138
16;139
16;140
16;141
16;142
16;143
16;144
16;145
16;146
16;147
16;148
16;149
16;150
16;151
16;152
16;153
16;240
16;241
16;242
16;243
16;244
16;245
16;246
16;247
16;248
16;249
16;250
16;251
16;252
16;253
16;254
16;255
16;256
16;257
16;258
16;259
16;260
16;261
16;262
16;263
16;264
16;265
16;266
16;267
16;268
16;269
16;270
16;271
16;272
16;273
16;274
16;275
16;276
16;277
16;278
16;279
16;280
16;281
16;282
16;283
16;284
16;285
16;286
16;287
16;288
16;289
16;290
16;291
16;292
16;293
16;294
16;295
16;296
16;297
16;298
16;299
16;300
16;301
16;302
16;303
16;305
16;307
16;309
16;411
16;412
16;413
16;414
16;415
16;416
16;417
16;418
16;419
16;420
16;421
16;422
17;37
17;38
17;39
17;40
17;41
17;42
17;43
17;44
17;45
17;46
17;47
17;48
17;49
17;50
17;51
17;52
17;53
17;54
17;55
17;56
17;57
17;58
17;59
17;60
17;61
17;62
17;63
17;64
17;65
17;66
17;67
17;68
17;69
17;70
17;71
17;72
17;73
17;74
17;75
17;76
17;77
17;78
17;79
17;80
17;81
17;82
17;83
17;84
17;85
17;86
17;87
17;88
17;89
17;90
17;91
17;92
17;93
17;94
17;95
17;96
17;97
17;98
17;99
17;100
17;101
17;102
17;103
17;104
17;105
17;106
17;107
17;108
17;109
17;110
17;111
17;112
17;113
17;114
17;115
17;116
17;117
17;118
17;119
17;120
17;121
17;122
17;123
17;124
17;125
17;126
17;127
17;128
17;129
17;130
17;131
17;132
17;133
17;134
17;135
17;136
17;137
17;138
17;139
17;140
17;141
17;142
17;143
17;144
17;145
17;146
17;147
17;148
17;149
17;150
17;151
17;152
17;153
17;241
17;242
17;243
17;244
17;245
17;246
17;247
17;248
17;249
17;250
17;251
17;252
17;253
17;254
17;255
17;256
17;257
17;258
17;259
17;260
17;261
17;262
17;263
17;264
17;265
17;266
17;267
17;268
17;269
17;270
17;271
17;272
17;273
17;274
17;275
17;276
17;277
17;278
17;279
17;280
17;281
17;282
17;283
17;284
17;285
17;286
17;287
17;288
17;289
17;290
17;291
17;292
17;293
17;294
17;295
17;296
17;297
17;298
17;299
17;300
17;301
17;302
17;303
17;304
17;305
17;306
17;307
17;308
17;409
17;410
17;411
17;412
17;413
17;414
17;415
17;416
17;417
17;418
17;419
17;420
17;421
17;422
17;423
18;38
18;39
18;40
18;41
18;42
18;43
18;44
18;45
18;46
18;47
18;48
18;49
18;50
18;51
18;52
18;53
18;54
18;55
18;56
18;57
18;58
18;59
18;60
18;61
18;62
18;63
18;64
18;65
18;66
18;67
18;68
18;69
18;70
18;71
18;72
18;73
18;74
18;75
18;76
18;77
18;78
18;79
18;80
18;81
18;82
18;83
18;84
18;85
18;86
18;87
18;88
18;89
18;90
18;91
18;92
18;93
18;94
18;95
18;96
18;97
18;98
18;99
18;100
18;101
18;102
18;103
18;104
18;105
18;106
18;107
18;108
18;109
18;110
18;111
18;112
18;113
18;114
18;115
18;116
18;117
18;118
18;119
18;120
18;121
18;122
18;123
18;124
18;125
18;126
18;127
18;128
18;129
18;130
18;131
18;132
18;133
18;134
18;135
18;136
18;137
18;138
18;139
18;140
18;141
18;142
18;143
18;144
18;145
18;146
18;147
18;148
18;149
18;150
18;151
18;152
18;153
18;242
18;243
18;244
18;245
18;246
18;247
18;248
18;249
18;250
18;251
18;252
18;253
18;254
18;255
18;256
18;257
18;258
18;259
18;260
18;261
18;262
18;263
18;264
18;265
18;266
18;267
18;268
18;269
18;270
18;271
18;272
18;273
18;274
18;275
18;276
18;277
18;278
18;279
18;280
18;281
18;282
18;283
18;284
18;285
18;286
18;287
18;288
18;289
18;290
18;291
18;292
18;293
18;294
18;295
18;296
18;297
18;298
18;299
18;300
18;301
18;302
18;303
18;304
18;305
18;306
18;307
18;407
18;408
18;409
18;410
18;411
18;412
18;413
18;414
18;415
18;416
18;417
18;418
18;419
18;420
18;421
18;422
18;423
18;425
18;427
18;428
18;429
18;430
18;431
18;432
18;433
18;434
18;435
18;436
18;437
18;439
19;38
19;39
19;40
19;41
19;42
19;43
19;44
19;45
19;46
19;47
19;48
19;49
19;50
19;51
19;52
19;53
19;54
19;55
19;56
19;57
19;58
19;59
19;60
19;61
19;62
19;63
19;64
19;65
19;66
19;67
19;68
19;69
19;70
19;71
19;72
19;73
19;74
19;75
19;76
19;77
19;78
19;79
19;80
19;81
19;82
19;83
19;84
19;85
19;86
19;87
19;88
19;89
19;90
19;91
19;92
19;93
19;94
19;95
19;96
19;97
19;98
19;99
19;100
19;101
19;102
19;103
19;104
19;105
19;106
19;107
19;108
19;109
19;110
19;111
19;112
19;113
19;114
19;115
19;116
19;117
19;118
19;119
19;120
19;121
19;122
19;123
19;124
19;125
19;126
19;127
19;128
19;129
19;130
19;131
19;132
19;133
19;134
19;135
19;136
19;137
19;138
19;139
19;140
19;141
19;142
19;143
19;144
19;145
19;146
19;147
19;148
19;149
19;150
19;151
19;152
19;153
19;242
19;243
19;244
19;245
19;246
19;247
19;248
19;249
19;250
19;251
19;252
19;253
19;254
19;255
19;256
19;257
19;258
19;259
19;260
19;261
19;262
19;263
19;264
19;265
19;266
19;267
19;268
19;269
19;270
19;271
19;272
19;273
19;274
19;275
19;276
19;277
19;278
19;279
19;280
19;281
19;282
19;283
19;284
19;285
19;286
19;287
19;288
19;289
19;290
19;291
19;292
19;293
19;294
19;295
19;296
19;297
19;298
19;299
19;300
19;301
19;302
19;303
19;304
19;305
19;306
19;405
19;406
19;407
19;408
19;409
19;410
19;411
19;412
19;413
19;414
19;415
19;416
19;417
19;418
19;419
19;420
19;421
19;422
19;423
19;424
19;425
19;426
19;427
19;428
19;429
19;430
19;431
19;432
19;433
19;434
19;435
19;436
19;437
19;438
19;439
19;440
19;441
19;442
19;443
19;445
20;39
20;40
20;41
20;42
20;43
20;44
20;45
20;46
20;47
20;48
20;49
20;50
20;51
20;52
20;53
20;54
20;55
20;56
20;57
20;58
20;59
20;60
20;61
20;62
20;63
20;64
20;65
20;66
20;67
20;68
20;69
20;70
20;71
20;72
20;73
20;74
20;75
20;76
20;77
20;78
20;79
20;80
20;81
20;82
20;83
20;84
20;85
20;86
20;87
20;88
20;89
20;90
20;91
20;92
20;93
20;94
20;95
20;96
20;97
20;98
20;99
20;100
20;101
20;102
20;103
20;104
20;105
20;106
20;107
20;108
20;109
20;110
20;111
20;112
20;113
20;114
20;115
20;116
20;117
20;118
20;119
20;120
20;121
20;122
20;123
20;124
20;125
20;126
20;127
20;128
20;129
20;130
20;131
20;132
20;133
20;134
20;135
20;136
20;137
20;138
20;139
20;140
20;141
20;142
20;143
20;144
20;145
20;146
20;147
20;148
20;149
20;150
20;151
20;152
20;153
20;243
20;244
20;245
20;246
20;247
20;248
20;249
20;250
20;251
20;252
20;253
20;254
20;255
20;256
20;257
20;258
20;259
20;260
20;261
20;262
20;263
20;264
20;265
20;266
20;267
20;268
20;269
20;270
20;271
20;272
20;273
20;274
20;275
20;276
20;277
20;278
20;279
20;280
20;281
20;282
20;283
20;284
20;285
20;286
20;287
20;288
20;289
20;290
20;291
20;292
20;293
20;294
20;295
20;296
20;297
20;298
20;299
20;300
20;301
20;302
20;303
20;304
20;305
20;306
20;403
20;404
20;405
20;406
20;407
20;408
20;409
20;410
20;411
20;412
20;413
20;414
20;415
20;416
20;417
20;418
20;419
20;420
20;421
20;422
20;423
20;424
20;425
20;426
20;427
20;428
20;429
20;430
20;431
20;432
20;433
20;434
20;435
20;436
20;437
20;438
20;439
20;440
20;441
20;442
20;443
20;444
20;445
20;446
20;447
21;40
21;41
21;42
21;43
21;44
21;45
21;46
21;47
21;48
21;49
21;50
21;51
21;52
21;53
21;54
21;55
21;56
21;57
21;58
21;59
21;60
21;61
21;62
21;63
21;64
21;65
21;66
21;67
21;68
21;69
21;70
21;71
21;72
21;73
21;74
21;75
21;76
21;77
21;78
21;79
21;80
21;81
21;82
21;83
21;84
21;85
21;86
21;87
21;88
21;89
21;90
21;91
21;92
21;93
21;94
21;95
21;96
21;97
21;98
21;99
21;100
21;101
21;102
21;103
21;104
21;105
21;106
21;107
21;108
21;109
21;110
21;111
21;112
21;113
21;114
21;115
21;116
21;117
21;118
21;119
21;120
21;121
21;122
21;123
21;124
21;125
21;126
21;127
21;128
21;129
21;130
21;131
21;132
21;133
21;134
21;135
21;136
21;137
21;138
21;139
21;140
21;141
21;142
21;143
21;144
21;145
21;146
21;147
21;148
21;149
21;150
21;151
21;152
21;153
21;243
21;244
21;245
21;246
21;247
21;248
21;249
21;250
21;251
21;252
21;253
21;254
21;255
21;256
21;257
21;258
21;259
21;260
21;261
21;262
21;263
21;264
21;265
21;266
21;267
21;268
21;269
21;270
21;271
21;272
21;273
21;274
21;275
21;276
21;277
21;278
21;279
21;280
21;281
21;282
21;283
21;284
21;285
21;286
21;287
21;288
21;289
21;290
21;291
21;292
21;293
21;294
21;295
21;296
21;297
21;298
21;299
21;300
21;301
21;302
21;303
21;304
21;305
21;402
21;403
21;404
21;405
21;406
21;407
21;408
21;409
21;410
21;411
21;412
21;413
21;414
21;415
21;416
21;417
21;418
21;419
21;420
21;421
21;422
21;423
21;424
21;425
21;426
21;427
21;428
21;429
21;430
21;431
21;432
21;433
21;434
21;435
21;436
21;437
21;438
21;439
21;440
21;441
21;442
21;443
21;444
21;445
21;446
21;447
21;448
21;449
22;40
22;41
22;42
22;43
22;44
22;45
22;46
22;47
22;48
22;49
22;50
22;51
22;52
22;53
22;54
22;55
22;56
22;57
22;58
22;59
22;60
22;61
22;62
22;63
22;64
22;65
22;66
22;67
22;68
22;69
22;70
22;71
22;72
22;73
22;74
22;75
22;76
22;77
22;78
22;79
22;80
22;81
22;82
22;83
22;84
22;85
22;86
22;87
22;88
22;89
22;90
22;91
22;92
22;93
22;94
22;95
22;96
22;97
22;98
22;99
22;100
22;101
22;102
22;103
22;104
22;105
22;106
22;107
22;108
22;109
22;110
22;111
22;112
22;113
22;114
22;115
22;116
22;117
22;118
22;119
22;120
22;121
22;122
22;123
22;124
22;125
22;126
22;127
22;128
22;129
22;130
22;131
22;132
22;133
22;134
22;135
22;136
22;137
22;138
22;139
22;140
22;141
22;142
22;143
22;144
22;145
22;146
22;147
22;148
22;149
22;150
22;151
22;152
22;153
22;244
22;245
22;246
22;247
22;248
22;249
22;250
22;251
22;252
22;253
22;254
22;255
22;256
22;257
22;258
22;259
22;260
22;261
22;262
22;263
22;264
22;265
22;266
22;267
22;268
22;269
22;270
22;271
22;272
22;273
22;274
22;275
22;276
22;277
22;278
22;279
22;280
22;281
22;282
22;283
22;284
22;285
22;286
22;287
22;288
22;289
22;290
22;291
22;292
22;293
22;294
22;295
22;296
22;297
22;298
22;299
22;300
22;301
22;302
22;303
22;304
22;401
22;402
22;403
22;404
22;405
22;406
22;407
22;408
22;409
22;410
22;411
22;412
22;413
22;414
22;415
22;416
22;417
22;418
22;419
22;420
22;421
22;422
22;423
22;424
22;425
22;426
22;427
22;428
22;429
22;430
22;431
22;432
22;433
22;434
22;435
22;436
22;437
22;438
22;439
22;440
22;441
22;442
22;443
22;444
22;445
22;446
22;447
22;448
22;449
22;450
22;451
22;452
22;453
23;41
23;42
23;43
23;44
23;45
23;46
23;47
23;48
23;49
23;50
23;51
23;52
23;53
23;54
23;55
23;56
23;57
23;58
23;59
23;60
23;61
23;62
23;63
23;64
23;65
23;66
23;67
23;68
23;69
23;70
23;71
23;72
23;73
23;74
23;75
23;76
23;77
23;78
23;79
23;80
23;81
23;82
23;83
23;84
23;85
23;86
23;87
23;88
23;89
23;90
23;91
23;92
23;93
23;94
23;95
23;96
23;97
23;98
23;99
23;100
23;101
23;102
23;103
23;104
23;105
23;106
23;107
23;108
23;109
23;110
23;111
23;112
23;113
23;114
23;115
23;116
23;117
23;118
23;119
23;120
23;121
23;122
23;123
23;124
23;125
23;126
23;127
23;128
23;129
23;130
23;131
23;132
23;133
23;134
23;135
23;136
23;137
23;138
23;139
23;140
23;141
23;142
23;143
23;144
23;145
23;146
23;147
23;148
23;149
23;150
23;151
23;152
23;153
23;244
23;245
23;246
23;247
23;248
23;249
23;250
23;251
23;252
23;253
23;254
23;255
23;256
23;257
23;258
23;259
23;260
23;261
23;262
23;263
23;264
23;265
23;266
23;267
23;268
23;269
23;270
23;271
23;272
23;273
23;274
23;275
23;276
23;277
23;278
23;279
23;280
23;281
23;282
23;283
23;284
23;285
23;286
23;287
23;288
23;289
23;290
23;291
23;292
23;293
23;294
23;295
23;296
23;297
23;298
23;299
23;300
23;301
23;302
23;303
23;399
23;400
23;401
23;402
23;403
23;404
23;405
23;406
23;407
23;408
23;409
23;410
23;411
23;412
23;413
23;414
23;415
23;416
23;417
23;418
23;419
23;420
23;421
23;422
23;423
23;424
23;425
23;426
23;427
23;428
23;429
23;430
23;431
23;432
23;433
23;434
23;435
23;436
23;437
23;438
23;439
23;440
23;441
23;442
23;443
23;444
23;445
23;446
23;447
23;448
23;449
23;450
23;451
23;452
23;453
23;454
23;455
24;42
24;43
24;44
24;45
24;46
24;47
24;48
24;49
24;50
24;51
24;52
24;53
24;54
24;55
24;56
24;57
24;58
24;59
24;60
24;61
24;62
24;63
24;64
24;65
24;66
24;67
24;68
24;69
24;70
24;71
24;72
24;73
24;74
24;75
24;76
24;77
24;78
24;79
24;80
24;81
24;82
24;83
24;84
24;85
24;86
24;87
24;88
24;89
24;90
24;91
24;92
24;93
24;94
24;95
24;96
24;97
24;98
24;99
24;100
24;101
24;102
24;103
24;104
24;105
24;106
24;107
24;108
24;109
24;110
24;111
24;112
24;113
24;114
24;115
24;116
24;117
24;118
24;119
24;120
24;121
24;122
24;123
24;124
24;125
24;126
24;127
24;128
24;129
24;130
24;131
24;132
24;133
24;134
24;135
24;136
24;137
24;138
24;139
24;140
24;141
24;142
24;143
24;144
24;145
24;146
24;147
24;148
24;149
24;150
24;151
24;152
24;245
24;246
24;247
24;248
24;249
24;250
24;251
24;252
24;253
24;254
24;255
24;256
24;257
24;258
24;259
24;260
24;261
24;262
24;263
24;264
24;265
24;266
24;267
24;268
24;269
24;270
24;271
24;272
24;273
24;274
24;275
24;276
24;277
24;278
24;279
24;280
24;281
24;282
24;283
24;284
24;285
24;286
24;287
24;288
24;289
24;290
24;291
24;292
24;293
24;294
24;295
24;296
24;297
24;298
24;299
24;300
24;301
24;302
24;397
24;398
24;399
24;400
24;401
24;402
24;403
24;404
24;405
24;406
24;407
24;408
24;409
24;410
24;411
24;412
24;413
24;414
24;415
24;416
24;417
24;418
24;419
24;420
24;421
24;422
24;423
24;424
24;425
24;426
24;427
24;428
24;429
24;430
24;431
24;432
24;433
24;434
24;435
24;436
24;437
24;438
24;439
24;440
24;441
24;442
24;443
24;444
24;445
24;446
24;447
24;448
24;449
24;450
24;451
24;452
24;453
24;454
24;455
24;456
25;42
25;43
25;44
25;45
25;46
25;47
25;48
25;49
25;50
25;51
25;52
25;53
25;54
25;55
25;56
25;57
25;58
25;59
25;60
25;61
25;62
25;63
25;64
25;65
25;66
25;67
25;68
25;69
25;70
25;71
25;72
25;73
25;74
25;75
25;76
25;77
25;78
25;79
25;80
25;81
25;82
25;83
25;84
25;85
25;86
25;87
25;88
25;89
25;90
25;91
25;92
25;93
25;94
25;95
25;96
25;97
25;98
25;99
25;100
25;101
25;102
25;103
25;104
25;105
25;106
25;107
25;108
25;109
25;110
25;111
25;112
25;113
25;114
25;115
25;116
25;117
25;118
25;119
25;120
25;121
25;122
25;123
25;124
25;125
25;126
25;127
25;128
25;129
25;130
25;131
25;132
25;133
25;134
25;135
25;136
25;137
25;138
25;139
25;140
25;141
25;142
25;143
25;144
25;145
25;146
25;147
25;148
25;149
25;150
25;151
25;152
25;246
25;247
25;248
25;249
25;250
25;251
25;252
25;253
25;254
25;255
25;256
25;257
25;258
25;259
25;260
25;261
25;262
25;263
25;264
25;265
25;266
25;267
25;268
25;269
25;270
25;271
25;272
25;273
25;274
25;275
25;276
25;277
25;278
25;279
25;280
25;281
25;282
25;283
25;284
25;285
25;286
25;287
25;288
25;289
25;290
25;291
25;292
25;293
25;294
25;295
25;296
25;297
25;298
25;299
25;300
25;301
25;302
25;395
25;396
25;397
25;398
25;399
25;400
25;401
25;402
25;403
25;404
25;405
25;406
25;407
25;408
25;409
25;410
25;411
25;412
25;413
25;414
25;415
25;416
25;417
25;418
25;419
25;420
25;421
25;422
25;423
25;424
25;425
25;426
25;427
25;428
25;429
25;430
25;431
25;432
25;433
25;434
25;435
25;436
25;437
25;438
25;439
25;440
25;441
25;442
25;443
25;444
25;445
25;446
25;447
25;448
25;449
25;450
25;451
25;452
25;453
25;454
25;455
25;456
25;457
26;43
26;44
26;45
26;46
26;47
26;48
26;49
26;50
26;51
26;52
26;53
26;54
26;55
26;56
26;57
26;58
26;59
26;60
26;61
26;62
26;63
26;64
26;65
26;66
26;67
26;68
26;69
26;70
26;71
26;72
26;73
26;74
26;75
26;76
26;77
26;78
26;79
26;80
26;81
26;82
26;83
26;84
26;85
26;86
26;87
26;88
26;89
26;90
26;91
26;92
26;93
26;94
26;95
26;96
26;97
26;98
26;99
26;100
26;101
26;102
26;103
26;104
26;105
26;106
26;107
26;108
26;109
26;110
26;111
26;112
26;113
26;114
26;115
26;116
26;117
26;118
26;119
26;120
26;121
26;122
26;123
26;124
26;125
26;126
26;127
26;128
26;129
26;130
26;131
26;132
26;133
26;134
26;135
26;136
26;137
26;138
26;139
26;140
26;141
26;142
26;143
26;144
26;145
26;146
26;147
26;148
26;149
26;150
26;151
26;152
26;246
26;247
26;248
26;249
26;250
26;251
26;252
26;253
26;254
26;255
26;256
26;257
26;258
26;259
26;260
26;261
26;262
26;263
26;264
26;265
26;266
26;267
26;268
26;269
26;270
26;271
26;272
26;273
26;274
26;275
26;276
26;277
26;278
26;279
26;280
26;281
26;282
26;283
26;284
26;285
26;286
26;287
26;288
26;289
26;290
26;291
26;292
26;293
26;294
26;295
26;296
26;297
26;298
26;299
26;300
26;301
26;393
26;394
26;395
26;396
26;397
26;398
26;399
26;400
26;401
26;402
26;403
26;404
26;405
26;406
26;407
26;408
26;409
26;410
26;411
26;412
26;413
26;414
26;415
26;416
26;417
26;418
26;419
26;420
26;421
26;422
26;423
26;424
26;425
26;426
26;427
26;428
26;429
26;430
26;431
26;432
26;433
26;434
26;435
26;436
26;437
26;438
26;439
26;440
26;441
26;442
26;443
26;444
26;445
26;446
26;447
26;448
26;449
26;450
26;451
26;452
26;453
26;454
26;455
26;456
26;457
26;458
26;459
27;44
27;45
27;46
27;47
27;48
27;49
27;50
27;51
27;52
27;53
27;54
27;55
27;56
27;57
27;58
27;59
27;60
27;61
27;62
27;63
27;64
27;65
27;66
27;67
27;68
27;69
27;70
27;71
27;72
27;73
27;74
27;75
27;76
27;77
27;78
27;79
27;80
27;81
27;82
27;83
27;84
27;85
27;86
27;87
27;88
27;89
27;90
27;91
27;92
27;93
27;94
27;95
27;96
27;97
27;98
27;99
27;100
27;101
27;102
27;103
27;104
27;105
27;106
27;107
27;108
27;109
27;110
27;111
27;112
27;113
27;114
27;115
27;116
27;117
27;118
27;119
27;120
27;121
27;122
27;123
27;124
27;125
27;126
27;127
27;128
27;129
27;130
27;131
27;132
27;133
27;134
27;135
27;136
27;137
27;138
27;139
27;140
27;141
27;142
27;143
27;144
27;145
27;146
27;147
27;148
27;149
27;150
27;151
27;152
27;246
27;247
27;248
27;249
27;250
27;251
27;252
27;253
27;254
27;255
27;256
27;257
27;258
27;259
27;260
27;261
27;262
27;263
27;264
27;265
27;266
27;267
27;268
27;269
27;270
27;271
27;272
27;273
27;274
27;275
27;276
27;277
27;278
27;279
27;280
27;281
27;282
27;283
27;284
27;285
27;286
27;287
27;288
27;289
27;290
27;291
27;292
27;293
27;294
27;295
27;296
27;297
27;298
27;299
27;300
27;391
27;392
27;393
27;394
27;395
27;396
27;397
27;398
27;399
27;400
27;401
27;402
27;403
27;404
27;405
27;406
27;407
27;408
27;409
27;410
27;411
27;412
27;413
27;414
27;415
27;416
27;417
27;418
27;419
27;420
27;421
27;422
27;423
27;424
27;425
27;426
27;427
27;428
27;429
27;430
27;431
27;432
27;433
27;434
27;435
27;436
27;437
27;438
27;439
27;440
27;441
27;442
27;443
27;444
27;445
27;446
27;447
27;448
27;449
27;450
27;451
27;452
27;453
27;454
27;455
27;456
27;457
27;458
27;459
27;460
27;461
28;44
28;45
28;46
28;47
28;48
28;49
28;50
28;51
28;52
28;53
28;54
28;55
28;56
28;57
28;58
28;59
28;60
28;61
28;62
28;63
28;64
28;65
28;66
28;67
28;68
28;69
28;70
28;71
28;72
28;73
28;74
28;75
28;76
28;77
28;78
28;79
28;80
28;81
28;82
28;83
28;84
28;85
28;86
28;87
28;88
28;89
28;90
28;91
28;92
28;93
28;94
28;95
28;96
28;97
28;98
28;99
28;100
28;101
28;102
28;103
28;104
28;105
28;106
28;107
28;108
28;109
28;110
28;111
28;112
28;113
28;114
28;115
28;116
28;117
28;118
28;119
28;120
28;121
28;122
28;123
28;124
28;125
28;126
28;127
28;128
28;129
28;130
28;131
28;132
28;133
28;134
28;135
28;136
28;137
28;138
28;139
28;140
28;141
28;142
28;143
28;144
28;145
28;146
28;147
28;148
28;149
28;150
28;151
28;152
28;247
28;248
28;249
28;250
28;251
28;252
28;253
28;254
28;255
28;256
28;257
28;258
28;259
28;260
28;261
28;262
28;263
28;264
28;265
28;266
28;267
28;268
28;269
28;270
28;271
28;272
28;273
28;274
28;275
28;276
28;277
28;278
28;279
28;280
28;281
28;282
28;283
28;284
28;285
28;286
28;287
28;288
28;289
28;290
28;291
28;292
28;293
28;294
28;295
28;296
28;297
28;298
28;299
28;389
28;390
28;391
28;392
28;393
28;394
28;395
28;396
28;397
28;398
28;399
28;400
28;401
28;402
28;403
28;404
28;405
28;406
28;407
28;408
28;409
28;410
28;411
28;412
28;413
28;414
28;415
28;416
28;417
28;418
28;419
28;420
28;421
28;422
28;423
28;424
28;425
28;426
28;427
28;428
28;429
28;430
28;431
28;432
28;433
28;434
28;435
28;436
28;437
28;438
28;439
28;440
28;441
28;442
28;443
28;444
28;445
28;446
28;447
28;448
28;449
28;450
28;451
28;452
28;453
28;454
28;455
28;456
28;457
28;458
28;459
28;460
28;461
29;45
29;46
29;47
29;48
29;49
29;50
29;51
29;52
29;53
29;54
29;55
29;56
29;57
29;58
29;59
29;60
29;61
29;62
29;63
29;64
29;65
29;66
29;67
29;68
29;69
29;70
29;71
29;72
29;73
29;74
29;75
29;76
29;77
29;78
29;79
29;80
29;81
29;82
29;83
29;84
29;85
29;86
29;87
29;88
29;89
29;90
29;91
29;92
29;93
29;94
29;95
29;96
29;97
29;98
29;99
29;100
29;101
29;102
29;103
29;104
29;105
29;106
29;107
29;108
29;109
29;110
29;111
29;112
29;113
29;114
29;115
29;116
29;117
29;118
29;119
29;120
29;121
29;122
29;123
29;124
29;125
29;126
29;127
29;128
29;129
29;130
29;131
29;132
29;133
29;134
29;135
29;136
29;137
29;138
29;139
29;140
29;141
29;142
29;143
29;144
29;145
29;146
29;147
29;148
29;149
29;150
29;151
29;248
29;249
29;250
29;251
29;252
29;253
29;254
29;255
29;256
29;257
29;258
29;259
29;260
29;261
29;262
29;263
29;264
29;265
29;266
29;267
29;268
29;269
29;270
29;271
29;272
29;273
29;274
29;275
29;276
29;277
29;278
29;279
29;280
29;281
29;282
29;283
29;284
29;285
29;286
29;287
29;288
29;289
29;290
29;291
29;292
29;293
29;294
29;295
29;296
29;297
29;298
29;387
29;388
29;389
29;390
29;391
29;392
29;393
29;394
29;395
29;396
29;397
29;398
29;399
29;400
29;401
29;402
29;403
29;404
29;405
29;406
29;407
29;408
29;409
29;410
29;411
29;412
29;413
29;414
29;415
29;416
29;417
29;418
29;419
29;420
29;421
29;422
29;423
29;424
29;425
29;426
29;427
29;428
29;429
29;430
29;431
29;432
29;433
29;434
29;435
29;436
29;437
29;438
29;439
29;440
29;441
29;442
29;443
29;444
29;445
29;446
29;447
29;448
29;449
29;450
29;451
29;452
29;453
29;454
29;455
29;456
29;457
29;458
29;459
29;460
29;461
29;462
29;463
30;46
30;47
30;48
30;49
30;50
30;51
30;52
30;53
30;54
30;55
30;56
30;57
30;58
30;59
30;60
30;61
30;62
30;63
30;64
30;65
30;66
30;67
30;68
30;69
30;70
30;71
30;72
30;73
30;74
30;75
30;76
30;77
30;78
30;79
30;80
30;81
30;82
30;83
30;84
30;85
30;86
30;87
30;88
30;89
30;90
30;91
30;92
30;93
30;94
30;95
30;96
30;97
30;98
30;99
30;100
30;101
30;102
30;103
30;104
30;105
30;106
30;107
30;108
30;109
30;110
30;111
30;112
30;113
30;114
30;115
30;116
30;117
30;118
30;119
30;120
30;121
30;122
30;123
30;124
30;125
30;126
30;127
30;128
30;129
30;130
30;131
30;132
30;133
30;134
30;135
30;136
30;137
30;138
30;139
30;140
30;141
30;142
30;143
30;144
30;145
30;146
30;147
30;148
30;149
30;150
30;151
30;248
30;249
30;250
30;251
30;252
30;253
30;254
30;255
30;256
30;257
30;258
30;259
30;260
30;261
30;262
30;263
30;264
30;265
30;266
30;267
30;268
30;269
30;270
30;271
30;272
30;273
30;274
30;275
30;276
30;277
30;278
30;279
30;280
30;281
30;282
30;283
30;284
30;285
30;286
30;287
30;288
30;289
30;290
30;291
30;292
30;293
30;294
30;295
30;296
30;297
30;298
30;386
30;387
30;388
30;389
30;390
30;391
30;392
30;393
30;394
30;395
30;396
30;397
30;398
30;399
30;400
30;401
30;402
30;403
30;404
30;405
30;406
30;407
30;408
30;409
30;410
30;411
30;412
30;413
30;414
30;415
30;416
30;417
30;418
30;419
30;420
30;421
30;422
30;423
30;424
30;425
30;426
30;427
30;428
30;429
30;430
30;431
30;432
30;433
30;434
30;435
30;436
30;437
30;438
30;439
30;440
30;441
30;442
30;443
30;444
30;445
30;446
30;447
30;448
30;449
30;450
30;451
30;452
30;453
30;454
30;455
30;456
30;457
30;458
30;459
30;460
30;461
30;462
30;463
30;464
31;46
31;47
31;48
31;49
31;50
31;51
31;52
31;53
31;54
31;55
31;56
31;57
31;58
31;59
31;60
31;61
31;62
31;63
31;64
31;65
31;66
31;67
31;68
31;69
31;70
31;71
31;72
31;73
31;74
31;75
31;76
31;77
31;78
31;79
31;80
31;81
31;82
31;83
31;84
31;85
31;86
31;87
31;88
31;89
31;90
31;91
31;92
31;93
31;94
31;95
31;96
31;97
31;98
31;99
31;100
31;101
31;102
31;103
31;104
31;105
31;106
31;107
31;108
31;109
31;110
31;111
31;112
31;113
31;114
31;115
31;116
31;117
31;118
31;119
31;120
31;121
31;122
31;123
31;124
31;125
31;126
31;127
31;128
31;129
31;130
31;131
31;132
31;133
31;134
31;135
31;136
31;137
31;138
31;139
31;140
31;141
31;142
31;143
31;144
31;145
31;146
31;147
31;148
31;149
31;150
31;249
31;250
31;251
31;252
31;253
31;254
31;255
31;256
31;257
31;258
31;259
31;260
31;261
31;262
31;263
31;264
31;265
31;266
31;267
31;268
31;269
31;270
31;271
31;272
31;273
31;274
31;275
31;276
31;277
31;278
31;279
31;280
31;281
31;282
31;283
31;284
31;285
31;286
31;287
31;288
31;289
31;290
31;291
31;292
31;293
31;294
31;295
31;296
31;297
31;385
31;386
31;387
31;388
31;389
31;390
31;391
31;392
31;393
31;394
31;395
31;396
31;397
31;398
31;399
31;400
31;401
31;402
31;403
31;404
31;405
31;406
31;407
31;408
31;409
31;410
31;411
31;412
31;413
31;414
31;415
31;416
31;417
31;418
31;419
31;420
31;421
31;422
31;423
31;424
31;425
31;426
31;427
31;428
31;429
31;430
31;431
31;432
31;433
31;434
31;435
31;436
31;437
31;438
31;439
31;440
31;441
31;442
31;443
31;444
31;445
31;446
31;447
31;448
31;449
31;450
31;451
31;452
31;453
31;454
31;455
31;456
31;457
31;458
31;459
31;460
31;461
31;462
31;463
31;464
31;465
32;47
32;48
32;49
32;50
32;51
32;52
32;53
32;54
32;55
32;56
32;57
32;58
32;59
32;60
32;61
32;62
32;63
32;64
32;65
32;66
32;67
32;68
32;69
32;70
32;71
32;72
32;73
32;74
32;75
32;76
32;77
32;78
32;79
32;80
32;81
32;82
32;83
32;84
32;85
32;86
32;87
32;88
32;89
32;90
32;91
32;92
32;93
32;94
32;95
32;96
32;97
32;98
32;99
32;100
32;101
32;102
32;103
32;104
32;105
32;106
32;107
32;108
32;109
32;110
32;111
32;112
32;113
32;114
32;115
32;116
32;117
32;118
32;119
32;120
32;121
32;122
32;123
32;124
32;125
32;126
32;127
32;128
32;129
32;130
32;131
32;132
32;133
32;134
32;135
32;136
32;137
32;138
32;139
32;140
32;141
32;142
32;143
32;144
32;145
32;146
32;147
32;148
32;149
32;150
32;249
32;250
32;251
32;252
32;253
32;254
32;255
32;256
32;257
32;258
32;259
32;260
32;261
32;262
32;263
32;264
32;265
32;266
32;267
32;268
32;269
32;270
32;271
32;272
32;273
32;274
32;275
32;276
32;277
32;278
32;279
32;280
32;281
32;282
32;283
32;284
32;285
32;286
32;287
32;288
32;289
32;290
32;291
32;292
32;293
32;294
32;295
32;296
32;383
32;384
32;385
32;386
32;387
32;388
32;389
32;390
32;391
32;392
32;393
32;394
32;395
32;396
32;397
32;398
32;399
32;400
32;401
32;402
32;403
32;404
32;405
32;406
32;407
32;408
32;409
32;410
32;411
32;412
32;413
32;414
32;415
32;416
32;417
32;418
32;419
32;420
32;421
32;422
32;423
32;424
32;425
32;426
32;427
32;428
32;429
32;430
32;431
32;432
32;433
32;434
32;435
32;436
32;437
32;438
32;439
32;440
32;441
32;442
32;443
32;444
32;445
32;446
32;447
32;448
32;449
32;450
32;451
32;452
32;453
32;454
32;455
32;456
32;457
32;458
32;459
32;460
32;461
32;462
32;463
32;464
32;465
32;466
33;48
33;49
33;50
33;51
33;52
33;53
33;54
33;55
33;56
33;57
33;58
33;59
33;60
33;61
33;62
33;63
33;64
33;65
33;66
33;67
33;68
33;69
33;70
33;71
33;72
33;73
33;74
33;75
33;76
33;77
33;78
33;79
33;80
33;81
33;82
33;83
33;84
33;85
33;86
33;87
33;88
33;89
33;90
33;91
33;92
33;93
33;94
33;95
33;96
33;97
33;98
33;99
33;100
33;101
33;102
33;103
33;104
33;105
33;106
33;107
33;108
33;109
33;110
33;111
33;112
33;113
33;114
33;115
33;116
33;117
33;118
33;119
33;120
33;121
33;122
33;123
33;124
33;125
33;126
33;127
33;128
33;129
33;130
33;131
33;132
33;133
33;134
33;135
33;136
33;137
33;138
33;139
33;140
33;141
33;142
33;143
33;144
33;145
33;146
33;147
33;148
33;149
33;150
33;250
33;251
33;252
33;253
33;254
33;255
33;256
33;257
33;258
33;259
33;260
33;261
33;262
33;263
33;264
33;265
33;266
33;267
33;268
33;269
33;270
33;271
33;272
33;273
33;274
33;275
33;276
33;277
33;278
33;279
33;280
33;281
33;282
33;283
33;284
33;285
33;286
33;287
33;288
33;289
33;290
33;291
33;292
33;293
33;294
33;295
33;381
33;382
33;383
33;384
33;385
33;386
33;387
33;388
33;389
33;390
33;391
33;392
33;393
33;394
33;395
33;396
33;397
33;398
33;399
33;400
33;401
33;402
33;403
33;404
33;405
33;406
33;407
33;408
33;409
33;410
33;411
33;412
33;413
33;414
33;415
33;416
33;417
33;418
33;419
33;420
33;421
33;422
33;423
33;424
33;425
33;426
33;427
33;428
33;429
33;430
33;431
33;432
33;433
33;434
33;435
33;436
33;437
33;438
33;439
33;440
33;441
33;442
33;443
33;444
33;445
33;446
33;447
33;448
33;449
33;450
33;451
33;452
33;453
33;454
33;455
33;456
33;457
33;458
33;459
33;460
33;461
33;462
33;463
33;464
33;465
33;466
33;467
34;48
34;49
34;50
34;51
34;52
34;53
34;54
34;55
34;56
34;57
34;58
34;59
34;60
34;61
34;62
34;63
34;64
34;65
34;66
34;67
34;68
34;69
34;70
34;71
34;72
34;73
34;74
34;75
34;76
34;77
34;78
34;79
34;80
34;81
34;82
34;83
34;84
34;85
34;86
34;87
34;88
34;89
34;90
34;91
34;92
34;93
34;94
34;95
34;96
34;97
34;98
34;99
34;100
34;101
34;102
34;103
34;104
34;105
34;106
34;107
34;108
34;109
34;110
34;111
34;112
34;113
34;114
34;115
34;116
34;117
34;118
34;119
34;120
34;121
34;122
34;123
34;124
34;125
34;126
34;127
34;128
34;129
34;130
34;131
34;132
34;133
34;134
34;135
34;136
34;137
34;138
34;139
34;140
34;141
34;142
34;143
34;144
34;145
34;146
34;147
34;148
34;149
34;250
34;251
34;252
34;253
34;254
34;255
34;256
34;257
34;258
34;259
34;260
34;261
34;262
34;263
34;264
34;265
34;266
34;267
34;268
34;269
34;270
34;271
34;272
34;273
34;274
34;275
34;276
34;277
34;278
34;279
34;280
34;281
34;282
34;283
34;284
34;285
34;286
34;287
34;288
34;289
34;290
34;291
34;292
34;293
34;294
34;379
34;380
34;381
34;382
34;383
34;384
34;385
34;386
34;387
34;388
34;389
34;390
34;391
34;392
34;393
34;394
34;395
34;396
34;397
34;398
34;399
34;400
34;401
34;402
34;403
34;404
34;405
34;406
34;407
34;408
34;409
34;410
34;411
34;412
34;413
34;414
34;415
34;416
34;417
34;418
34;419
34;420
34;421
34;422
34;423
34;424
34;425
34;426
34;427
34;428
34;429
34;430
34;431
34;432
34;433
34;434
34;435
34;436
34;437
34;438
34;439
34;440
34;441
34;442
34;443
34;444
34;445
34;446
34;447
34;448
34;449
34;450
34;451
34;452
34;453
34;454
34;455
34;456
34;457
34;458
34;459
34;460
34;461
34;462
34;463
34;464
34;465
34;466
34;467
35;49
35;50
35;51
35;52
35;53
35;54
35;55
35;56
35;57
35;58
35;59
35;60
35;61
35;62
35;63
35;64
35;65
35;66
35;67
35;68
35;69
35;70
35;71
35;72
35;73
35;74
35;75
35;76
35;77
35;78
35;79
35;80
35;81
35;82
35;83
35;84
35;85
35;86
35;87
35;88
35;89
35;90
35;91
35;92
35;93
35;94
35;95
35;96
35;97
35;98
35;99
35;100
35;101
35;102
35;103
35;104
35;105
35;106
35;107
35;108
35;109
35;110
35;111
35;112
35;113
35;114
35;115
35;116
35;117
35;118
35;119
35;120
35;121
35;122
35;123
35;124
35;125
35;126
35;127
35;128
35;129
35;130
35;131
35;132
35;133
35;134
35;135
35;136
35;137
35;138
35;139
35;140
35;141
35;142
35;143
35;144
35;145
35;146
35;147
35;148
35;149
35;251
35;252
35;253
35;254
35;255
35;256
35;257
35;258
35;259
35;260
35;261
35;262
35;263
35;264
35;265
35;266
35;267
35;268
35;269
35;270
35;271
35;272
35;273
35;274
35;275
35;276
35;277
35;278
35;279
35;280
35;281
35;282
35;283
35;284
35;285
35;286
35;287
35;288
35;289
35;290
35;291
35;292
35;293
35;294
35;377
35;378
35;379
35;380
35;381
35;382
35;383
35;384
35;385
35;386
35;387
35;388
35;389
35;390
35;391
35;392
35;393
35;394
35;395
35;396
35;397
35;398
35;399
35;400
35;401
35;402
35;403
35;404
35;405
35;406
35;407
35;408
35;409
35;410
35;411
35;412
35;413
35;414
35;415
35;416
35;417
35;418
35;419
35;420
35;421
35;422
35;423
35;424
35;425
35;426
35;427
35;428
35;429
35;430
35;431
35;432
35;433
35;434
35;435
35;436
35;437
35;438
35;439
35;440
35;441
35;442
35;443
35;444
35;445
35;446
35;447
35;448
35;449
35;450
35;451
35;452
35;453
35;454
35;455
35;456
35;457
35;458
35;459
35;460
35;461
35;462
35;463
35;464
35;465
35;466
35;467
35;468
35;469
36;50
36;51
36;52
36;53
36;54
36;55
36;56
36;57
36;58
36;59
36;60
36;61
36;62
36;63
36;64
36;65
36;66
36;67
36;68
36;69
36;70
36;71
36;72
36;73
36;74
36;75
36;76
36;77
36;78
36;79
36;80
36;81
36;82
36;83
36;84
36;85
36;86
36;87
36;88
36;89
36;90
36;91
36;92
36;93
36;94
36;95
36;96
36;97
36;98
36;99
36;100
36;101
36;102
36;103
36;104
36;105
36;106
36;107
36;108
36;109
36;110
36;111
36;112
36;113
36;114
36;115
36;116
36;117
36;118
36;119
36;120
36;121
36;122
36;123
36;124
36;125
36;126
36;127
36;128
36;129
36;130
36;131
36;132
36;133
36;134
36;135
36;136
36;137
36;138
36;139
36;140
36;141
36;142
36;143
36;144
36;145
36;146
36;147
36;148
36;252
36;253
36;254
36;255
36;256
36;257
36;258
36;259
36;260
36;261
36;262
36;263
36;264
36;265
36;266
36;267
36;268
36;269
36;270
36;271
36;272
36;273
36;274
36;275
36;276
36;277
36;278
36;279
36;280
36;281
36;282
36;283
36;284
36;285
36;286
36;287
36;288
36;289
36;290
36;291
36;292
36;293
36;375
36;376
36;377
36;378
36;379
36;380
36;381
36;382
36;383
36;384
36;385
36;386
36;387
36;388
36;389
36;390
36;391
36;392
36;393
36;394
36;395
36;396
36;397
36;398
36;399
36;400
36;401
36;402
36;403
36;404
36;405
36;406
36;407
36;408
36;409
36;410
36;411
36;412
36;413
36;414
36;415
36;416
36;417
36;418
36;419
36;420
36;421
36;422
36;423
36;424
36;425
36;426
36;427
36;428
36;429
36;430
36;431
36;432
36;433
36;434
36;435
36;436
36;437
36;438
36;439
36;440
36;441
36;442
36;443
36;444
36;445
36;446
36;447
36;448
36;449
36;450
36;451
36;452
36;453
36;454
36;455
36;456
36;457
36;458
36;459
36;460
36;461
36;462
36;463
36;464
36;465
36;466
36;467
36;468
36;469
37;50
37;51
37;52
37;53
37;54
37;55
37;56
37;57
37;58
37;59
37;60
37;61
37;62
37;63
37;64
37;65
37;66
37;67
37;68
37;69
37;70
37;71
37;72
37;73
37;74
37;75
37;76
37;77
37;78
37;79
37;80
37;81
37;82
37;83
37;84
37;85
37;86
37;87
37;88
37;89
37;90
37;91
37;92
37;93
37;94
37;95
37;96
37;97
37;98
37;99
37;100
37;101
37;102
37;103
37;104
37;105
37;106
37;107
37;108
37;109
37;110
37;111
37;112
37;113
37;114
37;115
37;116
37;117
37;118
37;119
37;120
37;121
37;122
37;123
37;124
37;125
37;126
37;127
37;128
37;129
37;130
37;131
37;132
37;133
37;134
37;135
37;136
37;137
37;138
37;139
37;140
37;141
37;142
37;143
37;144
37;145
37;146
37;147
37;148
37;252
37;253
37;254
37;255
37;256
37;257
37;258
37;259
37;260
37;261
37;262
37;263
37;264
37;265
37;266
37;267
37;268
37;269
37;270
37;271
37;272
37;273
37;274
37;275
37;276
37;277
37;278
37;279
37;280
37;281
37;282
37;283
37;284
37;285
37;286
37;287
37;288
37;289
37;290
37;291
37;292
37;373
37;374
37;375
37;376
37;377
37;378
37;379
37;380
37;381
37;382
37;383
37;384
37;385
37;386
37;387
37;388
37;389
37;390
37;391
37;392
37;393
37;394
37;395
37;396
37;397
37;398
37;399
37;400
37;401
37;402
37;403
37;404
37;405
37;406
37;407
37;408
37;409
37;410
37;411
37;412
37;413
37;414
37;415
37;416
37;417
37;418
37;419
37;420
37;421
37;422
37;423
37;424
37;425
37;426
37;427
37;428
37;429
37;430
37;431
37;432
37;433
37;434
37;435
37;436
37;437
37;438
37;439
37;440
37;441
37;442
37;443
37;444
37;445
37;446
37;447
37;448
37;449
37;450
37;451
37;452
37;453
37;454
37;455
37;456
37;457
37;458
37;459
37;460
37;461
37;462
37;463
37;464
37;465
37;466
37;467
37;468
37;469
37;470
38;51
38;52
38;53
38;54
38;55
38;56
38;57
38;58
38;59
38;60
38;61
38;62
38;63
38;64
38;65
38;66
38;68
38;69
38;70
38;71
38;72
38;73
38;74
38;75
38;76
38;77
38;78
38;79
38;80
38;81
38;82
38;83
38;84
38;85
38;86
38;87
38;88
38;89
38;90
38;91
38;92
38;93
38;94
38;95
38;96
38;97
38;98
38;99
38;100
38;101
38;102
38;103
38;104
38;105
38;106
38;107
38;108
38;109
38;110
38;111
38;112
38;113
38;114
38;115
38;116
38;117
38;118
38;119
38;120
38;121
38;122
38;123
38;124
38;125
38;126
38;127
38;128
38;129
38;130
38;131
38;132
38;133
38;134
38;135
38;136
38;137
38;138
38;139
38;140
38;141
38;142
38;143
38;144
38;145
38;146
38;147
38;252
38;253
38;254
38;255
38;256
38;257
38;258
38;259
38;260
38;261
38;262
38;263
38;264
38;265
38;266
38;267
38;268
38;269
38;270
38;271
38;272
38;273
38;274
38;275
38;276
38;277
38;278
38;279
38;280
38;281
38;282
38;283
38;284
38;285
38;286
38;287
38;288
38;289
38;290
38;291
38;371
38;372
38;373
38;374
38;375
38;376
38;377
38;378
38;379
38;380
38;381
38;382
38;383
38;384
38;385
38;386
38;387
38;388
38;389
38;390
38;391
38;392
38;393
38;394
38;395
38;396
38;397
38;398
38;399
38;400
38;401
38;402
38;403
38;404
38;405
38;406
38;407
38;408
38;409
38;410
38;411
38;412
38;413
38;414
38;415
38;416
38;417
38;418
38;419
38;420
38;421
38;422
38;423
38;424
38;425
38;426
38;427
38;428
38;429
38;430
38;431
38;432
38;433
38;434
38;435
38;436
38;437
38;438
38;439
38;440
38;441
38;442
38;443
38;444
38;445
38;446
38;447
38;448
38;449
38;450
38;451
38;452
38;453
38;454
38;455
38;456
38;457
38;458
38;459
38;460
38;461
38;462
38;463
38;464
38;465
38;466
38;467
38;468
38;469
38;470
38;471
39;52
39;53
39;54
39;55
39;56
39;57
39;58
39;59
39;60
39;61
39;62
39;63
39;64
39;69
39;70
39;71
39;72
39;73
39;74
39;75
39;76
39;77
39;78
39;79
39;80
39;81
39;82
39;83
39;84
39;85
39;86
39;87
39;88
39;89
39;90
39;91
39;92
39;93
39;94
39;95
39;96
39;97
39;98
39;99
39;100
39;101
39;102
39;103
39;104
39;105
39;106
39;107
39;108
39;109
39;110
39;111
39;112
39;113
39;114
39;115
39;116
39;117
39;118
39;119
39;120
39;121
39;122
39;123
39;124
39;125
39;126
39;127
39;128
39;129
39;130
39;131
39;132
39;133
39;134
39;135
39;136
39;137
39;138
39;139
39;140
39;141
39;142
39;143
39;144
39;145
39;146
39;253
39;254
39;255
39;256
39;257
39;258
39;259
39;260
39;261
39;262
39;263
39;264
39;265
39;266
39;267
39;268
39;269
39;270
39;271
39;272
39;273
39;274
39;275
39;276
39;277
39;278
39;279
39;280
39;281
39;282
39;283
39;284
39;285
39;286
39;287
39;288
39;289
39;290
39;370
39;371
39;372
39;373
39;374
39;375
39;376
39;377
39;378
39;379
39;380
39;381
39;382
39;383
39;384
39;385
39;386
39;387
39;388
39;389
39;390
39;391
39;392
39;393
39;394
39;395
39;396
39;397
39;398
39;399
39;400
39;401
39;402
39;403
39;404
39;405
39;406
39;407
39;408
39;409
39;410
39;411
39;412
39;413
39;414
39;415
39;416
39;417
39;418
39;419
39;420
39;421
39;422
39;423
39;424
39;425
39;426
39;427
39;428
39;429
39;430
39;431
39;432
39;433
39;434
39;435
39;436
39;437
39;438
39;439
39;440
39;441
39;442
39;443
39;444
39;445
39;446
39;447
39;448
39;449
39;450
39;451
39;452
39;453
39;454
39;455
39;456
39;457
39;458
39;459
39;460
39;461
39;462
39;463
39;464
39;465
39;466
39;467
39;468
39;469
39;470
39;471
40;52
40;53
40;54
40;55
40;56
40;57
40;58
40;59
40;60
40;61
40;62
40;70
40;71
40;72
40;73
40;74
40;75
40;76
40;77
40;78
40;79
40;80
40;81
40;82
40;83
40;84
40;85
40;86
40;87
40;88
40;89
40;90
40;91
40;92
40;93
40;94
40;95
40;96
40;97
40;98
40;99
40;100
40;101
40;102
40;103
40;104
40;105
40;106
40;107
40;108
40;109
40;110
40;111
40;112
40;113
40;114
40;115
40;116
40;117
40;118
40;119
40;120
40;121
40;122
40;123
40;124
40;125
40;126
40;127
40;128
40;129
40;130
40;131
40;132
40;133
40;134
40;135
40;136
40;137
40;138
40;139
40;140
40;141
40;142
40;143
40;144
40;145
40;146
40;254
40;255
40;256
40;257
40;258
40;259
40;260
40;261
40;262
40;263
40;264
40;265
40;266
40;267
40;268
40;269
40;270
40;271
40;272
40;273
40;274
40;275
40;276
40;277
40;278
40;279
40;280
40;281
40;282
40;283
40;284
40;285
40;286
40;287
40;288
40;289
40;290
40;369
40;370
40;371
40;372
40;373
40;374
40;375
40;376
40;377
40;378
40;379
40;380
40;381
40;382
40;383
40;384
40;385
40;386
40;387
40;388
40;389
40;390
40;391
40;392
40;393
40;394
40;395
40;396
40;397
40;398
40;399
40;400
40;401
40;402
40;403
40;404
40;405
40;406
40;407
40;408
40;409
40;410
40;411
40;412
40;413
40;414
40;415
40;416
40;417
40;418
40;419
40;420
40;421
40;422
40;423
40;424
40;425
40;426
40;427
40;428
40;429
40;430
40;431
40;432
40;433
40;434
40;435
40;436
40;437
40;438
40;439
40;440
40;441
40;442
40;443
40;444
40;445
40;446
40;447
40;448
40;449
40;450
40;451
40;452
40;453
40;454
40;455
40;456
40;457
40;458
40;459
40;460
40;461
40;462
40;463
40;464
40;465
40;466
40;467
40;468
40;469
40;470
40;471
41;53
41;54
41;55
41;56
41;57
41;58
41;59
41;60
41;71
41;72
41;73
41;74
41;75
41;76
41;77
41;78
41;79
41;80
41;81
41;82
41;83
41;84
41;85
41;86
41;87
41;88
41;89
41;90
41;91
41;92
41;93
41;94
41;95
41;96
41;97
41;98
41;99
41;100
41;101
41;102
41;103
41;104
41;105
41;106
41;107
41;108
41;109
41;110
41;111
41;112
41;113
41;114
41;115
41;116
41;117
41;118
41;119
41;120
41;121
41;122
41;123
41;124
41;125
41;126
41;127
41;128
41;129
41;130
41;131
41;132
41;133
41;134
41;135
41;136
41;137
41;138
41;139
41;140
41;141
41;142
41;143
41;144
41;254
41;255
41;256
41;257
41;258
41;259
41;260
41;261
41;262
41;263
41;264
41;265
41;266
41;267
41;268
41;269
41;270
41;271
41;272
41;273
41;274
41;275
41;276
41;277
41;278
41;279
41;280
41;281
41;282
41;283
41;284
41;285
41;286
41;287
41;288
41;289
41;370
41;371
41;372
41;373
41;374
41;375
41;376
41;377
41;378
41;379
41;380
41;381
41;382
41;383
41;384
41;385
41;386
41;387
41;388
41;389
41;390
41;391
41;392
41;393
41;394
41;395
41;396
41;397
41;398
41;399
41;400
41;401
41;402
41;403
41;404
41;405
41;406
41;407
41;408
41;409
41;410
41;411
41;412
41;413
41;414
41;415
41;416
41;417
41;418
41;419
41;420
41;421
41;422
41;423
41;424
41;425
41;426
41;427
41;428
41;429
41;430
41;431
41;432
41;433
41;434
41;435
41;436
41;437
41;438
41;439
41;440
41;441
41;442
41;443
41;444
41;445
41;446
41;447
41;448
41;449
41;450
41;451
41;452
41;453
41;454
41;455
41;456
41;457
41;458
41;459
41;460
41;461
41;462
41;463
41;464
41;465
41;466
41;467
41;468
41;469
41;470
41;471
41;472
42;54
42;55
42;56
42;57
42;58
42;72
42;73
42;74
42;75
42;76
42;77
42;78
42;79
42;80
42;81
42;82
42;83
42;84
42;85
42;86
42;87
42;88
42;89
42;90
42;91
42;92
42;93
42;94
42;95
42;96
42;97
42;98
42;99
42;100
42;101
42;102
42;103
42;104
42;105
42;106
42;107
42;108
42;109
42;110
42;111
42;112
42;113
42;114
42;115
42;116
42;117
42;118
42;119
42;120
42;121
42;122
42;123
42;124
42;125
42;126
42;127
42;128
42;129
42;130
42;131
42;132
42;133
42;134
42;135
42;136
42;137
42;138
42;139
42;140
42;141
42;142
42;143
42;144
42;255
42;256
42;257
42;258
42;259
42;260
42;261
42;262
42;263
42;264
42;265
42;266
42;267
42;268
42;269
42;270
42;271
42;272
42;273
42;274
42;275
42;276
42;277
42;278
42;279
42;280
42;281
42;282
42;283
42;284
42;285
42;286
42;287
42;288
42;370
42;371
42;372
42;373
42;374
42;375
42;376
42;377
42;378
42;379
42;380
42;381
42;382
42;383
42;384
42;385
42;386
42;387
42;388
42;389
42;390
42;391
42;392
42;393
42;394
42;395
42;396
42;397
42;398
42;399
42;400
42;401
42;402
42;403
42;404
42;405
42;406
42;407
42;408
42;409
42;410
42;411
42;412
42;413
42;414
42;415
42;416
42;417
42;418
42;419
42;420
42;421
42;422
42;423
42;424
42;425
42;426
42;427
42;428
42;429
42;430
42;431
42;432
42;433
42;434
42;435
42;436
42;437
42;438
42;439
42;440
42;441
42;442
42;443
42;444
42;445
42;446
42;447
42;448
42;449
42;450
42;451
42;452
42;453
42;454
42;455
42;456
42;457
42;458
42;459
42;460
42;461
42;462
42;463
42;464
42;465
42;466
42;467
42;468
42;469
42;470
42;471
42;472
42;473
43;54
43;55
43;56
43;72
43;73
43;74
43;75
43;76
43;77
43;78
43;79
43;80
43;81
43;82
43;83
43;84
43;85
43;86
43;87
43;88
43;89
43;90
43;91
43;92
43;93
43;94
43;95
43;96
43;97
43;98
43;99
43;100
43;101
43;102
43;103
43;104
43;105
43;106
43;107
43;108
43;109
43;110
43;111
43;112
43;113
43;114
43;115
43;116
43;117
43;118
43;119
43;120
43;121
43;122
43;123
43;124
43;125
43;126
43;127
43;128
43;129
43;130
43;131
43;132
43;133
43;134
43;135
43;136
43;137
43;138
43;139
43;140
43;141
43;142
43;143
43;255
43;256
43;257
43;258
43;259
43;260
43;261
43;262
43;263
43;264
43;265
43;266
43;267
43;268
43;269
43;270
43;271
43;272
43;273
43;274
43;275
43;276
43;277
43;278
43;279
43;280
43;281
43;282
43;283
43;284
43;285
43;286
43;287
43;372
43;373
43;374
43;375
43;376
43;377
43;378
43;379
43;380
43;381
43;382
43;383
43;384
43;385
43;386
43;387
43;388
43;389
43;390
43;391
43;392
43;393
43;394
43;395
43;396
43;397
43;398
43;399
43;400
43;401
43;402
43;403
43;404
43;405
43;406
43;407
43;408
43;409
43;410
43;411
43;412
43;413
43;414
43;415
43;416
43;417
43;418
43;419
43;420
43;421
43;422
43;423
43;424
43;425
43;426
43;427
43;428
43;429
43;430
43;431
43;432
43;433
43;434
43;435
43;436
43;437
43;438
43;439
43;440
43;441
43;442
43;443
43;444
43;445
43;446
43;447
43;448
43;449
43;450
43;451
43;452
43;453
43;454
43;455
43;456
43;457
43;458
43;459
43;460
43;461
43;462
43;463
43;464
43;465
43;466
43;467
43;468
43;469
43;470
43;471
43;472
43;473
44;74
44;75
44;76
44;77
44;78
44;79
44;80
44;81
44;82
44;83
44;84
44;85
44;86
44;87
44;88
44;89
44;90
44;91
44;92
44;93
44;94
44;95
44;96
44;97
44;98
44;99
44;100
44;101
44;102
44;103
44;104
44;105
44;106
44;107
44;108
44;109
44;110
44;111
44;112
44;113
44;114
44;115
44;116
44;117
44;118
44;119
44;120
44;121
44;122
44;123
44;124
44;125
44;126
44;127
44;128
44;129
44;130
44;131
44;132
44;133
44;134
44;135
44;136
44;137
44;138
44;139
44;140
44;141
44;142
44;256
44;257
44;258
44;259
44;260
44;261
44;262
44;263
44;264
44;265
44;266
44;267
44;268
44;269
44;270
44;271
44;272
44;273
44;274
44;275
44;276
44;277
44;278
44;279
44;280
44;281
44;282
44;283
44;284
44;285
44;286
44;372
44;373
44;374
44;375
44;376
44;377
44;378
44;379
44;380
44;381
44;382
44;383
44;384
44;385
44;386
44;387
44;388
44;389
44;390
44;391
44;392
44;393
44;394
44;395
44;396
44;397
44;398
44;399
44;400
44;401
44;402
44;403
44;404
44;405
44;406
44;407
44;408
44;409
44;410
44;411
44;412
44;413
44;414
44;415
44;416
44;417
44;418
44;419
44;420
44;421
44;422
44;423
44;424
44;425
44;426
44;427
44;428
44;429
44;430
44;431
44;432
44;433
44;434
44;435
44;436
44;437
44;438
44;439
44;440
44;441
44;442
44;443
44;444
44;445
44;446
44;447
44;448
44;449
44;450
44;451
44;452
44;453
44;454
44;455
44;456
44;457
44;458
44;459
44;460
44;461
44;462
44;463
44;464
44;465
44;466
44;467
44;468
44;469
44;470
44;471
44;472
44;473
45;74
45;75
45;76
45;77
45;78
45;79
45;80
45;81
45;82
45;83
45;84
45;85
45;86
45;87
45;88
45;89
45;90
45;91
45;92
45;93
45;94
45;95
45;96
45;97
45;98
45;99
45;100
45;101
45;102
45;103
45;104
45;105
45;106
45;107
45;108
45;109
45;110
45;111
45;112
45;113
45;114
45;115
45;116
45;117
45;118
45;119
45;120
45;121
45;122
45;123
45;124
45;125
45;126
45;127
45;128
45;129
45;130
45;131
45;132
45;133
45;134
45;135
45;136
45;137
45;138
45;139
45;140
45;141
45;142
45;256
45;257
45;258
45;259
45;260
45;261
45;262
45;263
45;264
45;265
45;266
45;267
45;268
45;269
45;270
45;271
45;272
45;273
45;274
45;275
45;276
45;277
45;278
45;279
45;280
45;281
45;282
45;283
45;284
45;285
45;286
45;373
45;374
45;375
45;376
45;377
45;378
45;379
45;380
45;381
45;382
45;383
45;384
45;385
45;386
45;387
45;388
45;389
45;390
45;391
45;392
45;393
45;394
45;395
45;396
45;397
45;398
45;399
45;400
45;401
45;402
45;403
45;404
45;405
45;406
45;407
45;408
45;409
45;410
45;411
45;412
45;413
45;414
45;415
45;416
45;417
45;418
45;419
45;420
45;421
45;422
45;423
45;424
45;425
45;426
45;427
45;428
45;429
45;430
45;431
45;432
45;433
45;434
45;435
45;436
45;437
45;438
45;439
45;440
45;441
45;442
45;443
45;444
45;445
45;446
45;447
45;448
45;449
45;450
45;451
45;452
45;453
45;454
45;455
45;456
45;457
45;458
45;459
45;460
45;461
45;462
45;463
45;464
45;465
45;466
45;467
45;468
45;469
45;470
45;471
45;472
45;473
45;474
46;76
46;77
46;78
46;79
46;80
46;81
46;82
46;83
46;84
46;85
46;86
46;87
46;88
46;89
46;90
46;91
46;92
46;93
46;94
46;95
46;96
46;97
46;98
46;99
46;100
46;101
46;102
46;103
46;104
46;105
46;106
46;107
46;108
46;109
46;110
46;111
46;112
46;113
46;114
46;115
46;116
46;117
46;118
46;119
46;120
46;121
46;122
46;123
46;124
46;125
46;126
46;127
46;128
46;129
46;130
46;131
46;132
46;133
46;134
46;135
46;136
46;137
46;138
46;139
46;140
46;141
46;142
46;257
46;258
46;259
46;260
46;261
46;262
46;263
46;264
46;265
46;266
46;267
46;268
46;269
46;270
46;271
46;272
46;273
46;274
46;275
46;276
46;277
46;278
46;279
46;280
46;281
46;282
46;283
46;284
46;285
46;374
46;375
46;376
46;377
46;378
46;379
46;380
46;381
46;382
46;383
46;384
46;385
46;386
46;387
46;388
46;389
46;390
46;391
46;392
46;393
46;394
46;395
46;396
46;397
46;398
46;399
46;400
46;401
46;402
46;403
46;404
46;405
46;406
46;407
46;408
46;409
46;410
46;411
46;412
46;413
46;414
46;415
46;416
46;417
46;418
46;419
46;420
46;421
46;422
46;423
46;424
46;425
46;426
46;427
46;428
46;429
46;430
46;431
46;432
46;433
46;434
46;435
46;436
46;437
46;438
46;439
46;440
46;441
46;442
46;443
46;444
46;445
46;446
46;447
46;448
46;449
46;450
46;451
46;452
46;453
46;454
46;455
46;456
46;457
46;458
46;459
46;460
46;461
46;462
46;463
46;464
46;465
46;466
46;467
46;468
46;469
46;470
46;471
46;472
46;473
46;474
47;77
47;78
47;79
47;80
47;81
47;82
47;83
47;84
47;85
47;86
47;87
47;88
47;89
47;90
47;91
47;92
47;93
47;94
47;95
47;96
47;97
47;98
47;99
47;100
47;101
47;102
47;103
47;104
47;105
47;106
47;107
47;108
47;109
47;110
47;111
47;112
47;113
47;114
47;115
47;116
47;117
47;118
47;119
47;120
47;121
47;122
47;123
47;124
47;125
47;126
47;127
47;128
47;129
47;130
47;131
47;132
47;133
47;134
47;135
47;136
47;137
47;138
47;139
47;140
47;141
47;142
47;258
47;259
47;260
47;261
47;262
47;263
47;264
47;265
47;266
47;267
47;268
47;269
47;270
47;271
47;272
47;273
47;274
47;275
47;276
47;277
47;278
47;279
47;280
47;281
47;282
47;283
47;284
47;374
47;375
47;376
47;377
47;378
47;379
47;380
47;381
47;382
47;383
47;384
47;385
47;386
47;387
47;388
47;389
47;390
47;391
47;392
47;393
47;394
47;395
47;396
47;397
47;398
47;399
47;400
47;401
47;402
47;403
47;404
47;405
47;406
47;407
47;408
47;409
47;410
47;411
47;412
47;413
47;414
47;415
47;416
47;417
47;418
47;419
47;420
47;421
47;422
47;423
47;424
47;425
47;426
47;427
47;428
47;429
47;430
47;431
47;432
47;433
47;434
47;435
47;436
47;437
47;438
47;439
47;440
47;441
47;442
47;443
47;444
47;445
47;446
47;447
47;448
47;449
47;450
47;451
47;452
47;453
47;454
47;455
47;456
47;457
47;458
47;459
47;460
47;461
47;462
47;463
47;464
47;465
47;466
47;467
47;468
47;469
47;470
47;471
47;472
47;473
47;474
48;78
48;79
48;80
48;81
48;82
48;83
48;84
48;85
48;86
48;87
48;88
48;89
48;90
48;91
48;92
48;93
48;94
48;95
48;96
48;97
48;98
48;99
48;100
48;101
48;102
48;103
48;104
48;105
48;106
48;107
48;108
48;109
48;110
48;111
48;112
48;113
48;114
48;115
48;116
48;117
48;118
48;119
48;120
48;121
48;122
48;123
48;124
48;125
48;126
48;127
48;128
48;129
48;130
48;131
48;132
48;133
48;134
48;135
48;136
48;137
48;138
48;139
48;140
48;141
48;142
48;258
48;259
48;260
48;261
48;262
48;263
48;264
48;265
48;266
48;267
48;268
48;269
48;270
48;271
48;272
48;273
48;274
48;275
48;276
48;277
48;278
48;279
48;280
48;281
48;282
48;283
48;375
48;376
48;377
48;378
48;379
48;380
48;381
48;382
48;383
48;384
48;385
48;386
48;387
48;388
48;389
48;390
48;391
48;392
48;393
48;394
48;395
48;396
48;397
48;398
48;399
48;400
48;401
48;402
48;403
48;404
48;405
48;406
48;407
48;408
48;409
48;410
48;411
48;412
48;413
48;414
48;415
48;416
48;417
48;418
48;419
48;420
48;421
48;422
48;423
48;424
48;425
48;426
48;427
48;428
48;429
48;430
48;431
48;432
48;433
48;434
48;435
48;436
48;437
48;438
48;439
48;440
48;441
48;442
48;443
48;444
48;445
48;446
48;447
48;448
48;449
48;450
48;451
48;452
48;453
48;454
48;455
48;456
48;457
48;458
48;459
48;460
48;461
48;462
48;463
48;464
48;465
48;466
48;467
48;468
48;469
48;470
48;471
48;472
48;473
48;474
48;475
49;80
49;81
49;82
49;83
49;84
49;85
49;86
49;87
49;88
49;89
49;90
49;91
49;92
49;93
49;94
49;95
49;96
49;97
49;98
49;99
49;100
49;101
49;102
49;103
49;104
49;105
49;106
49;107
49;108
49;109
49;110
49;111
49;112
49;113
49;114
49;115
49;116
49;117
49;118
49;119
49;120
49;121
49;122
49;123
49;124
49;125
49;126
49;127
49;128
49;129
49;130
49;131
49;132
49;133
49;134
49;135
49;136
49;137
49;138
49;139
49;140
49;141
49;142
49;258
49;259
49;260
49;261
49;262
49;263
49;264
49;265
49;266
49;267
49;268
49;269
49;270
49;271
49;272
49;273
49;274
49;275
49;276
49;277
49;278
49;279
49;280
49;281
49;282
49;376
49;377
49;378
49;379
49;380
49;381
49;382
49;383
49;384
49;385
49;386
49;387
49;388
49;389
49;390
49;391
49;392
49;393
49;394
49;395
49;396
49;397
49;398
49;399
49;400
49;401
49;402
49;403
49;404
49;405
49;406
49;407
49;408
49;409
49;410
49;411
49;412
49;413
49;414
49;415
49;416
49;417
49;418
49;419
49;420
49;421
49;422
49;423
49;424
49;425
49;426
49;427
49;428
49;429
49;430
49;431
49;432
49;433
49;434
49;435
49;436
49;437
49;438
49;439
49;440
49;441
49;442
49;443
49;444
49;445
49;446
49;447
49;448
49;449
49;450
49;451
49;452
49;453
49;454
49;455
49;456
49;457
49;458
49;459
49;460
49;461
49;462
49;463
49;464
49;465
49;466
49;467
49;468
49;469
49;470
49;471
49;472
49;473
49;474
49;475
50;79
50;80
50;81
50;82
50;83
50;84
50;85
50;86
50;87
50;88
50;89
50;90
50;91
50;92
50;93
50;94
50;95
50;96
50;97
50;98
50;99
50;100
50;101
50;102
50;103
50;104
50;105
50;106
50;107
50;108
50;109
50;110
50;111
50;112
50;113
50;114
50;115
50;116
50;117
50;118
50;119
50;120
50;121
50;122
50;123
50;124
50;125
50;126
50;127
50;128
50;129
50;130
50;131
50;132
50;133
50;134
50;135
50;136
50;137
50;138
50;139
50;140
50;141
50;142
50;259
50;260
50;261
50;262
50;263
50;264
50;265
50;266
50;267
50;268
50;269
50;270
50;271
50;272
50;273
50;274
50;275
50;276
50;277
50;278
50;279
50;280
50;281
50;282
50;376
50;377
50;378
50;379
50;380
50;381
50;382
50;383
50;384
50;385
50;386
50;387
50;388
50;389
50;390
50;391
50;392
50;393
50;394
50;395
50;396
50;397
50;398
50;399
50;400
50;401
50;402
50;403
50;404
50;405
50;406
50;407
50;408
50;409
50;410
50;411
50;412
50;413
50;414
50;415
50;416
50;417
50;418
50;419
50;420
50;421
50;422
50;423
50;424
50;425
50;426
50;427
50;428
50;429
50;430
50;431
50;432
50;433
50;434
50;435
50;436
50;437
50;438
50;439
50;440
50;441
50;442
50;443
50;444
50;445
50;446
50;447
50;448
50;449
50;450
50;451
50;452
50;453
50;454
50;455
50;456
50;457
50;458
50;459
50;460
50;461
50;462
50;463
50;464
50;465
50;466
50;467
50;468
50;469
50;470
50;471
50;472
50;473
50;474
50;475
51;77
51;78
51;79
51;80
51;81
51;82
51;83
51;84
51;85
51;86
51;87
51;88
51;89
51;90
51;91
51;92
51;93
51;94
51;95
51;96
51;97
51;98
51;99
51;100
51;101
51;102
51;103
51;104
51;105
51;106
51;107
51;108
51;109
51;110
51;111
51;112
51;113
51;114
51;115
51;116
51;117
51;118
51;119
51;120
51;121
51;122
51;123
51;124
51;125
51;126
51;127
51;128
51;129
51;130
51;131
51;132
51;133
51;134
51;135
51;136
51;137
51;138
51;139
51;140
51;141
51;142
51;260
51;261
51;262
51;263
51;264
51;265
51;266
51;267
51;268
51;269
51;270
51;271
51;272
51;273
51;274
51;275
51;276
51;277
51;278
51;279
51;280
51;281
51;378
51;379
51;380
51;381
51;382
51;383
51;384
51;385
51;386
51;387
51;388
51;389
51;390
51;391
51;392
51;393
51;394
51;395
51;396
51;397
51;398
51;399
51;400
51;401
51;402
51;403
51;404
51;405
51;406
51;407
51;408
51;409
51;410
51;411
51;412
51;413
51;414
51;415
51;416
51;417
51;418
51;419
51;420
51;421
51;422
51;423
51;424
51;425
51;426
51;427
51;428
51;429
51;430
51;431
51;432
51;433
51;434
51;435
51;436
51;437
51;438
51;439
51;440
51;441
51;442
51;443
51;444
51;445
51;446
51;447
51;448
51;449
51;450
51;451
51;452
51;453
51;454
51;455
51;456
51;457
51;458
51;459
51;460
51;461
51;462
51;463
51;464
51;465
51;466
51;467
51;468
51;469
51;470
51;471
51;472
51;473
51;474
51;475
52;73
52;74
52;75
52;76
52;77
52;78
52;79
52;80
52;81
52;82
52;83
52;84
52;85
52;86
52;87
52;88
52;89
52;90
52;91
52;92
52;93
52;94
52;95
52;96
52;97
52;98
52;99
52;100
52;101
52;102
52;103
52;104
52;105
52;106
52;107
52;108
52;109
52;110
52;111
52;112
52;113
52;114
52;115
52;116
52;117
52;118
52;119
52;120
52;121
52;122
52;123
52;124
52;125
52;126
52;127
52;128
52;129
52;130
52;131
52;132
52;133
52;134
52;135
52;136
52;137
52;138
52;139
52;140
52;141
52;142
52;260
52;261
52;262
52;263
52;264
52;265
52;266
52;267
52;268
52;269
52;270
52;271
52;272
52;273
52;274
52;275
52;276
52;277
52;278
52;279
52;280
52;378
52;379
52;380
52;381
52;382
52;383
52;384
52;385
52;386
52;387
52;388
52;389
52;390
52;391
52;392
52;393
52;394
52;395
52;396
52;397
52;398
52;399
52;400
52;401
52;402
52;403
52;404
52;405
52;406
52;407
52;408
52;409
52;410
52;411
52;412
52;413
52;414
52;415
52;416
52;417
52;418
52;419
52;420
52;421
52;422
52;423
52;424
52;425
52;426
52;427
52;428
52;429
52;430
52;431
52;432
52;433
52;434
52;435
52;436
52;437
52;438
52;439
52;440
52;441
52;442
52;443
52;444
52;445
52;446
52;447
52;448
52;449
52;450
52;451
52;452
52;453
52;454
52;455
52;456
52;457
52;458
52;459
52;460
52;461
52;462
52;463
52;464
52;465
52;466
52;467
52;468
52;469
52;470
52;471
52;472
52;473
52;474
52;475
53;71
53;72
53;73
53;74
53;75
53;76
53;77
53;78
53;79
53;80
53;81
53;82
53;83
53;84
53;85
53;86
53;87
53;88
53;89
53;90
53;91
53;92
53;93
53;94
53;95
53;96
53;97
53;98
53;99
53;100
53;101
53;102
53;103
53;104
53;105
53;106
53;107
53;108
53;109
53;110
53;111
53;112
53;113
53;114
53;115
53;116
53;117
53;118
53;119
53;120
53;121
53;122
53;123
53;124
53;125
53;126
53;127
53;128
53;129
53;130
53;131
53;132
53;133
53;134
53;135
53;136
53;137
53;138
53;139
53;140
53;141
53;261
53;262
53;263
53;264
53;265
53;266
53;267
53;268
53;269
53;270
53;271
53;272
53;273
53;274
53;275
53;276
53;277
53;278
53;279
53;379
53;380
53;381
53;382
53;383
53;384
53;385
53;386
53;387
53;388
53;389
53;390
53;391
53;392
53;393
53;394
53;395
53;396
53;397
53;398
53;399
53;400
53;401
53;402
53;403
53;404
53;405
53;406
53;407
53;408
53;409
53;410
53;411
53;412
53;413
53;414
53;415
53;416
53;417
53;418
53;419
53;420
53;421
53;422
53;423
53;424
53;425
53;426
53;427
53;428
53;429
53;430
53;431
53;432
53;433
53;434
53;435
53;436
53;437
53;438
53;439
53;440
53;441
53;442
53;443
53;444
53;445
53;446
53;447
53;448
53;449
53;450
53;451
53;452
53;453
53;454
53;455
53;456
53;457
53;458
53;459
53;460
53;461
53;462
53;463
53;464
53;465
53;466
53;467
53;468
53;469
53;470
53;471
53;472
53;473
53;474
53;475
54;69
54;70
54;71
54;72
54;73
54;74
54;75
54;76
54;77
54;78
54;79
54;80
54;81
54;82
54;83
54;84
54;85
54;86
54;87
54;88
54;89
54;90
54;91
54;92
54;93
54;94
54;95
54;96
54;97
54;98
54;99
54;100
54;101
54;102
54;103
54;104
54;105
54;106
54;107
54;108
54;109
54;110
54;111
54;112
54;113
54;114
54;115
54;116
54;117
54;118
54;119
54;120
54;121
54;122
54;123
54;124
54;125
54;126
54;127
54;128
54;129
54;130
54;131
54;132
54;133
54;134
54;135
54;136
54;137
54;138
54;139
54;140
54;141
54;261
54;262
54;263
54;264
54;265
54;266
54;267
54;268
54;269
54;270
54;271
54;272
54;273
54;274
54;275
54;276
54;277
54;278
54;380
54;381
54;382
54;383
54;384
54;385
54;386
54;387
54;388
54;389
54;390
54;391
54;392
54;393
54;394
54;395
54;396
54;397
54;398
54;399
54;400
54;401
54;402
54;403
54;404
54;405
54;406
54;407
54;408
54;409
54;410
54;411
54;412
54;413
54;414
54;415
54;416
54;417
54;418
54;419
54;420
54;421
54;422
54;423
54;424
54;425
54;426
54;427
54;428
54;429
54;430
54;431
54;432
54;433
54;434
54;435
54;436
54;437
54;438
54;439
54;440
54;441
54;442
54;443
54;444
54;445
54;446
54;447
54;448
54;449
54;450
54;451
54;452
54;453
54;454
54;455
54;456
54;457
54;458
54;459
54;460
54;461
54;462
54;463
54;464
54;465
54;466
54;467
54;468
54;469
54;470
54;471
54;472
54;473
54;474
54;475
55;67
55;68
55;69
55;70
55;71
55;72
55;73
55;74
55;75
55;76
55;77
55;78
55;79
55;80
55;81
55;82
55;83
55;84
55;85
55;86
55;87
55;88
55;89
55;90
55;91
55;92
55;93
55;94
55;95
55;96
55;97
55;98
55;99
55;100
55;101
55;102
55;103
55;104
55;105
55;106
55;107
55;108
55;109
55;110
55;111
55;112
55;113
55;114
55;115
55;116
55;117
55;118
55;119
55;120
55;121
55;122
55;123
55;124
55;125
55;126
55;127
55;128
55;129
55;130
55;131
55;132
55;133
55;134
55;135
55;136
55;137
55;138
55;139
55;140
55;141
55;262
55;263
55;264
55;265
55;266
55;267
55;268
55;269
55;270
55;271
55;272
55;273
55;274
55;275
55;276
55;277
55;278
55;380
55;381
55;382
55;383
55;384
55;385
55;386
55;387
55;388
55;389
55;390
55;391
55;392
55;393
55;394
55;395
55;396
55;397
55;398
55;399
55;400
55;401
55;402
55;403
55;404
55;405
55;406
55;407
55;408
55;409
55;410
55;411
55;412
55;413
55;414
55;415
55;416
55;417
55;418
55;419
55;420
55;421
55;422
55;423
55;424
55;425
55;426
55;427
55;428
55;429
55;430
55;431
55;432
55;433
55;434
55;435
55;436
55;437
55;438
55;439
55;440
55;441
55;442
55;443
55;444
55;445
55;446
55;447
55;448
55;449
55;450
55;451
55;452
55;453
55;454
55;455
55;456
55;457
55;458
55;459
55;460
55;461
55;462
55;463
55;464
55;465
55;466
55;467
55;468
55;469
55;470
55;471
55;472
55;473
55;474
55;475
56;63
56;64
56;65
56;66
56;67
56;68
56;69
56;70
56;71
56;72
56;73
56;74
56;75
56;76
56;77
56;78
56;79
56;80
56;81
56;82
56;83
56;84
56;85
56;86
56;87
56;88
56;89
56;90
56;91
56;92
56;93
56;94
56;95
56;96
56;97
56;98
56;99
56;100
56;101
56;102
56;103
56;104
56;105
56;106
56;107
56;108
56;109
56;110
56;111
56;112
56;113
56;114
56;115
56;116
56;117
56;118
56;119
56;120
56;121
56;122
56;123
56;124
56;125
56;126
56;127
56;128
56;129
56;130
56;131
56;132
56;133
56;134
56;135
56;136
56;137
56;138
56;139
56;140
56;141
56;262
56;263
56;264
56;265
56;266
56;267
56;268
56;269
56;270
56;271
56;272
56;273
56;274
56;275
56;276
56;277
56;381
56;382
56;383
56;384
56;385
56;386
56;387
56;388
56;389
56;390
56;391
56;392
56;393
56;394
56;395
56;396
56;397
56;398
56;399
56;400
56;401
56;402
56;403
56;404
56;405
56;406
56;407
56;408
56;409
56;410
56;411
56;412
56;413
56;414
56;415
56;416
56;417
56;418
56;419
56;420
56;421
56;422
56;423
56;424
56;425
56;426
56;427
56;428
56;429
56;430
56;431
56;432
56;433
56;434
56;435
56;436
56;437
56;438
56;439
56;440
56;441
56;442
56;443
56;444
56;445
56;446
56;447
56;448
56;449
56;450
56;451
56;452
56;453
56;454
56;455
56;456
56;457
56;458
56;459
56;460
56;461
56;462
56;463
56;464
56;465
56;466
56;467
56;468
56;469
56;470
56;471
56;472
56;473
56;474
56;475
57;61
57;62
57;63
57;64
57;65
57;66
57;67
57;68
57;69
57;70
57;71
57;72
57;73
57;74
57;75
57;76
57;77
57;78
57;79
57;80
57;81
57;82
57;83
57;84
57;85
57;86
57;87
57;88
57;89
57;90
57;91
57;92
57;93
57;94
57;95
57;96
57;97
57;98
57;99
57;100
57;101
57;102
57;103
57;104
57;105
57;106
57;107
57;108
57;109
57;110
57;111
57;112
57;113
57;114
57;115
57;116
57;117
57;118
57;119
57;120
57;121
57;122
57;123
57;124
57;125
57;126
57;127
57;128
57;129
57;130
57;131
57;132
57;133
57;134
57;135
57;136
57;137
57;138
57;139
57;140
57;141
57;263
57;264
57;265
57;266
57;267
57;268
57;269
57;270
57;271
57;272
57;273
57;274
57;275
57;276
57;382
57;383
57;384
57;385
57;386
57;387
57;388
57;389
57;390
57;391
57;392
57;393
57;394
57;395
57;396
57;397
57;398
57;399
57;400
57;401
57;402
57;403
57;404
57;405
57;406
57;407
57;408
57;409
57;410
57;411
57;412
57;413
57;414
57;415
57;416
57;417
57;418
57;419
57;420
57;421
57;422
57;423
57;424
57;425
57;426
57;427
57;428
57;429
57;430
57;431
57;432
57;433
57;434
57;435
57;436
57;437
57;438
57;439
57;440
57;441
57;442
57;443
57;444
57;445
57;446
57;447
57;448
57;449
57;450
57;451
57;452
57;453
57;454
57;455
57;456
57;457
57;458
57;459
57;460
57;461
57;462
57;463
57;464
57;465
57;466
57;467
57;468
57;469
57;470
57;471
57;472
57;473
57;474
57;475
58;59
58;60
58;61
58;62
58;63
58;64
58;65
58;66
58;67
58;68
58;69
58;70
58;71
58;72
58;73
58;74
58;75
58;76
58;77
58;78
58;79
58;80
58;81
58;82
58;83
58;84
58;85
58;86
58;87
58;88
58;89
58;90
58;91
58;92
58;93
58;94
58;95
58;96
58;97
58;98
58;99
58;100
58;101
58;102
58;103
58;104
58;105
58;106
58;107
58;108
58;109
58;110
58;111
58;112
58;113
58;114
58;115
58;116
58;117
58;118
58;119
58;120
58;121
58;122
58;123
58;124
58;125
58;126
58;127
58;128
58;129
58;130
58;131
58;132
58;133
58;134
58;135
58;136
58;137
58;138
58;139
58;140
58;141
58;264
58;265
58;266
58;267
58;268
58;269
58;270
58;271
58;272
58;273
58;274
58;275
58;382
58;383
58;384
58;385
58;386
58;387
58;388
58;389
58;390
58;391
58;392
58;393
58;394
58;395
58;396
58;397
58;398
58;399
58;400
58;401
58;402
58;403
58;404
58;405
58;406
58;407
58;408
58;409
58;410
58;411
58;412
58;413
58;414
58;415
58;416
58;417
58;418
58;419
58;420
58;421
58;422
58;423
58;424
58;425
58;426
58;427
58;428
58;429
58;430
58;431
58;432
58;433
58;434
58;435
58;436
58;437
58;438
58;439
58;440
58;441
58;442
58;443
58;444
58;445
58;446
58;447
58;448
58;449
58;450
58;451
58;452
58;453
58;454
58;455
58;456
58;457
58;458
58;459
58;460
58;461
58;462
58;463
58;464
58;465
58;466
58;467
58;468
58;469
58;470
58;471
58;472
58;473
58;474
58;475
59;57
59;58
59;59
59;60
59;61
59;62
59;63
59;64
59;65
59;66
59;67
59;68
59;69
59;70
59;71
59;72
59;73
59;74
59;75
59;76
59;77
59;78
59;79
59;80
59;81
59;82
59;83
59;84
59;85
59;86
59;87
59;88
59;89
59;90
59;91
59;92
59;93
59;94
59;95
59;96
59;97
59;98
59;99
59;100
59;101
59;102
59;103
59;104
59;105
59;106
59;107
59;108
59;109
59;110
59;111
59;112
59;113
59;114
59;115
59;116
59;117
59;118
59;119
59;120
59;121
59;122
59;123
59;124
59;125
59;126
59;127
59;128
59;129
59;130
59;131
59;132
59;133
59;134
59;135
59;136
59;137
59;138
59;139
59;140
59;141
59;169
59;264
59;265
59;266
59;267
59;268
59;269
59;270
59;271
59;272
59;273
59;274
59;383
59;384
59;385
59;386
59;387
59;388
59;389
59;390
59;391
59;392
59;393
59;394
59;395
59;396
59;397
59;398
59;399
59;400
59;401
59;402
59;403
59;404
59;405
59;406
59;407
59;408
59;409
59;410
59;411
59;412
59;413
59;414
59;415
59;416
59;417
59;418
59;419
59;420
59;421
59;422
59;423
59;424
59;425
59;426
59;427
59;428
59;429
59;430
59;431
59;432
59;433
59;434
59;435
59;436
59;437
59;438
59;439
59;440
59;441
59;442
59;443
59;444
59;445
59;446
59;447
59;448
59;449
59;450
59;451
59;452
59;453
59;454
59;455
59;456
59;457
59;458
59;459
59;460
59;461
59;462
59;463
59;464
59;465
59;466
59;467
59;468
59;469
59;470
59;471
59;472
59;473
59;474
59;475
60;53
60;54
60;55
60;56
60;57
60;58
60;59
60;60
60;61
60;62
60;63
60;64
60;65
60;66
60;67
60;68
60;69
60;70
60;71
60;72
60;73
60;74
60;75
60;76
60;77
60;78
60;79
60;80
60;81
60;82
60;83
60;84
60;85
60;86
60;87
60;88
60;89
60;90
60;91
60;92
60;93
60;94
60;95
60;96
60;97
60;98
60;99
60;100
60;101
60;102
60;103
60;104
60;105
60;106
60;107
60;108
60;109
60;110
60;111
60;112
60;113
60;114
60;115
60;116
60;117
60;118
60;119
60;120
60;121
60;122
60;123
60;124
60;125
60;126
60;127
60;128
60;129
60;130
60;131
60;132
60;133
60;134
60;135
60;136
60;137
60;138
60;139
60;140
60;141
60;168
60;169
60;170
60;264
60;265
60;266
60;267
60;268
60;269
60;270
60;271
60;272
60;273
60;274
60;384
60;385
60;386
60;387
60;388
60;389
60;390
60;391
60;392
60;393
60;394
60;395
60;396
60;397
60;398
60;399
60;400
60;401
60;402
60;403
60;404
60;405
60;406
60;407
60;408
60;409
60;410
60;411
60;412
60;413
60;414
60;415
60;416
60;417
60;418
60;419
60;420
60;421
60;422
60;423
60;424
60;425
60;426
60;427
60;428
60;429
60;430
60;431
60;432
60;433
60;434
60;435
60;436
60;437
60;438
60;439
60;440
60;441
60;442
60;443
60;444
60;445
60;446
60;447
60;448
60;449
60;450
60;451
60;452
60;453
60;454
60;455
60;456
60;457
60;458
60;459
60;460
60;461
60;462
60;463
60;464
60;465
60;466
60;467
60;468
60;469
60;470
60;471
60;472
60;473
60;474
60;475
61;51
61;52
61;53
61;54
61;55
61;56
61;57
61;58
61;59
61;60
61;61
61;62
61;63
61;64
61;65
61;66
61;67
61;68
61;69
61;70
61;71
61;72
61;73
61;74
61;75
61;76
61;77
61;78
61;79
61;80
61;81
61;82
61;83
61;84
61;85
61;86
61;87
61;88
61;89
61;90
61;91
61;92
61;93
61;94
61;95
61;96
61;97
61;98
61;99
61;100
61;101
61;102
61;103
61;104
61;105
61;106
61;107
61;108
61;109
61;110
61;111
61;112
61;113
61;114
61;115
61;116
61;117
61;118
61;119
61;120
61;121
61;122
61;123
61;124
61;125
61;126
61;127
61;128
61;129
61;130
61;131
61;132
61;133
61;134
61;135
61;136
61;137
61;138
61;139
61;140
61;141
61;167
61;168
61;169
61;170
61;265
61;266
61;267
61;268
61;269
61;270
61;271
61;272
61;273
61;384
61;385
61;386
61;387
61;388
61;389
61;390
61;391
61;392
61;393
61;394
61;395
61;396
61;397
61;398
61;399
61;400
61;401
61;402
61;403
61;404
61;405
61;406
61;407
61;408
61;409
61;410
61;411
61;412
61;413
61;414
61;415
61;416
61;417
61;418
61;419
61;420
61;421
61;422
61;423
61;424
61;425
61;426
61;427
61;428
61;429
61;430
61;431
61;432
61;433
61;434
61;435
61;436
61;437
61;438
61;439
61;440
61;441
61;442
61;443
61;444
61;445
61;446
61;447
61;448
61;449
61;450
61;451
61;452
61;453
61;454
61;455
61;456
61;457
61;458
61;459
61;460
61;461
61;462
61;463
61;464
61;465
61;466
61;467
61;468
61;469
61;470
61;471
61;472
61;473
61;474
61;475
62;49
62;50
62;51
62;52
62;53
62;54
62;55
62;56
62;57
62;58
62;59
62;60
62;61
62;62
62;63
62;64
62;65
62;66
62;67
62;68
62;69
62;70
62;71
62;72
62;73
62;74
62;75
62;76
62;77
62;78
62;79
62;80
62;81
62;82
62;83
62;84
62;85
62;86
62;87
62;88
62;89
62;90
62;91
62;92
62;93
62;94
62;95
62;96
62;97
62;98
62;99
62;100
62;101
62;102
62;103
62;104
62;105
62;106
62;107
62;108
62;109
62;110
62;111
62;112
62;113
62;114
62;115
62;116
62;117
62;118
62;119
62;120
62;121
62;122
62;123
62;124
62;125
62;126
62;127
62;128
62;129
62;130
62;131
62;132
62;133
62;134
62;135
62;136
62;137
62;138
62;139
62;140
62;166
62;167
62;168
62;169
62;170
62;171
62;266
62;267
62;268
62;269
62;270
62;271
62;272
62;386
62;387
62;388
62;389
62;390
62;391
62;392
62;393
62;394
62;395
62;396
62;397
62;398
62;399
62;400
62;401
62;402
62;403
62;404
62;405
62;406
62;407
62;408
62;409
62;410
62;411
62;412
62;413
62;414
62;415
62;416
62;417
62;418
62;419
62;420
62;421
62;422
62;423
62;424
62;425
62;426
62;427
62;428
62;429
62;430
62;431
62;432
62;433
62;434
62;435
62;436
62;437
62;438
62;439
62;440
62;441
62;442
62;443
62;444
62;445
62;446
62;447
62;448
62;449
62;450
62;451
62;452
62;453
62;454
62;455
62;456
62;457
62;458
62;459
62;460
62;461
62;462
62;463
62;464
62;465
62;466
62;467
62;468
62;469
62;470
62;471
62;472
62;473
62;474
62;475
63;47
63;48
63;49
63;50
63;51
63;52
63;53
63;54
63;55
63;56
63;57
63;58
63;59
63;60
63;61
63;62
63;63
63;64
63;65
63;66
63;67
63;68
63;69
63;70
63;71
63;72
63;73
63;74
63;75
63;76
63;77
63;78
63;79
63;80
63;81
63;82
63;83
63;84
63;85
63;86
63;87
63;88
63;89
63;90
63;91
63;92
63;93
63;94
63;95
63;96
63;97
63;98
63;99
63;100
63;101
63;102
63;103
63;104
63;105
63;106
63;107
63;108
63;109
63;110
63;111
63;112
63;113
63;114
63;115
63;116
63;117
63;118
63;119
63;120
63;121
63;122
63;123
63;124
63;125
63;126
63;127
63;128
63;129
63;130
63;131
63;132
63;133
63;134
63;135
63;136
63;137
63;138
63;139
63;140
63;165
63;166
63;167
63;168
63;169
63;170
63;171
63;266
63;267
63;268
63;269
63;270
63;271
63;386
63;387
63;388
63;389
63;390
63;391
63;392
63;393
63;394
63;395
63;396
63;397
63;398
63;399
63;400
63;401
63;402
63;403
63;404
63;405
63;406
63;407
63;408
63;409
63;410
63;411
63;412
63;413
63;414
63;415
63;416
63;417
63;418
63;419
63;420
63;421
63;422
63;423
63;424
63;425
63;426
63;427
63;428
63;429
63;430
63;431
63;432
63;433
63;434
63;435
63;436
63;437
63;438
63;439
63;440
63;441
63;442
63;443
63;444
63;445
63;446
63;447
63;448
63;449
63;450
63;451
63;452
63;453
63;454
63;455
63;456
63;457
63;458
63;459
63;460
63;461
63;462
63;463
63;464
63;465
63;466
63;467
63;468
63;469
63;470
63;471
63;472
63;473
63;474
64;43
64;44
64;45
64;46
64;47
64;48
64;49
64;50
64;51
64;52
64;53
64;54
64;55
64;56
64;57
64;58
64;59
64;60
64;61
64;62
64;63
64;64
64;65
64;66
64;67
64;68
64;69
64;70
64;71
64;72
64;73
64;74
64;75
64;76
64;77
64;78
64;79
64;80
64;81
64;82
64;83
64;84
64;85
64;86
64;87
64;88
64;89
64;90
64;91
64;92
64;93
64;94
64;95
64;96
64;97
64;98
64;99
64;100
64;101
64;102
64;103
64;104
64;105
64;106
64;107
64;108
64;109
64;110
64;111
64;112
64;113
64;114
64;115
64;116
64;117
64;118
64;119
64;120
64;121
64;122
64;123
64;124
64;125
64;126
64;127
64;128
64;129
64;130
64;131
64;132
64;133
64;134
64;135
64;136
64;137
64;138
64;139
64;140
64;164
64;165
64;166
64;167
64;168
64;169
64;170
64;171
64;267
64;268
64;269
64;270
64;387
64;388
64;389
64;390
64;391
64;392
64;393
64;394
64;395
64;396
64;397
64;398
64;399
64;400
64;401
64;402
64;403
64;404
64;405
64;406
64;407
64;408
64;409
64;410
64;411
64;412
64;413
64;414
64;415
64;416
64;417
64;418
64;419
64;420
64;421
64;422
64;423
64;424
64;425
64;426
64;427
64;428
64;429
64;430
64;431
64;432
64;433
64;434
64;435
64;436
64;437
64;438
64;439
64;440
64;441
64;442
64;443
64;444
64;445
64;446
64;447
64;448
64;449
64;450
64;451
64;452
64;453
64;454
64;455
64;456
64;457
64;458
64;459
64;460
64;461
64;462
64;463
64;464
64;465
64;466
64;467
64;468
64;469
64;470
64;471
64;472
64;473
64;474
65;41
65;42
65;43
65;44
65;45
65;46
65;47
65;48
65;49
65;50
65;51
65;52
65;53
65;54
65;55
65;56
65;57
65;58
65;59
65;60
65;61
65;62
65;63
65;64
65;65
65;66
65;67
65;68
65;69
65;70
65;71
65;72
65;73
65;74
65;75
65;76
65;77
65;78
65;79
65;80
65;81
65;82
65;83
65;84
65;85
65;86
65;87
65;88
65;89
65;90
65;91
65;92
65;93
65;94
65;95
65;96
65;97
65;98
65;99
65;100
65;101
65;102
65;103
65;104
65;105
65;106
65;107
65;108
65;109
65;110
65;111
65;112
65;113
65;114
65;115
65;116
65;117
65;118
65;119
65;120
65;121
65;122
65;123
65;124
65;125
65;126
65;127
65;128
65;129
65;130
65;131
65;132
65;133
65;134
65;135
65;136
65;137
65;138
65;139
65;140
65;163
65;164
65;165
65;166
65;167
65;168
65;169
65;170
65;171
65;172
65;267
65;268
65;269
65;270
65;388
65;389
65;390
65;391
65;392
65;393
65;394
65;395
65;396
65;397
65;398
65;399
65;400
65;401
65;402
65;403
65;404
65;405
65;406
65;407
65;408
65;409
65;410
65;411
65;412
65;413
65;414
65;415
65;416
65;417
65;418
65;419
65;420
65;421
65;422
65;423
65;424
65;425
65;426
65;427
65;428
65;429
65;430
65;431
65;432
65;433
65;434
65;435
65;436
65;437
65;438
65;439
65;440
65;441
65;442
65;443
65;444
65;445
65;446
65;447
65;448
65;449
65;450
65;451
65;452
65;453
65;454
65;455
65;456
65;457
65;458
65;459
65;460
65;461
65;462
65;463
65;464
65;465
65;466
65;467
65;468
65;469
65;470
65;471
65;472
65;473
65;474
66;39
66;40
66;41
66;42
66;43
66;44
66;45
66;46
66;47
66;48
66;49
66;50
66;51
66;52
66;53
66;54
66;55
66;56
66;57
66;58
66;59
66;60
66;61
66;62
66;63
66;64
66;65
66;66
66;67
66;68
66;69
66;70
66;71
66;72
66;73
66;74
66;75
66;76
66;77
66;78
66;79
66;80
66;81
66;82
66;83
66;84
66;85
66;86
66;87
66;88
66;89
66;90
66;91
66;92
66;93
66;94
66;95
66;96
66;97
66;98
66;99
66;100
66;101
66;102
66;103
66;104
66;105
66;106
66;107
66;108
66;109
66;110
66;111
66;112
66;113
66;114
66;115
66;116
66;117
66;118
66;119
66;120
66;121
66;122
66;123
66;124
66;125
66;126
66;127
66;128
66;129
66;130
66;131
66;132
66;133
66;134
66;135
66;136
66;137
66;138
66;139
66;140
66;162
66;163
66;164
66;165
66;166
66;167
66;168
66;169
66;170
66;171
66;172
66;268
66;269
66;388
66;389
66;390
66;391
66;392
66;393
66;394
66;395
66;396
66;397
66;398
66;399
66;400
66;401
66;402
66;403
66;404
66;405
66;406
66;407
66;408
66;409
66;410
66;411
66;412
66;413
66;414
66;415
66;416
66;417
66;418
66;419
66;420
66;421
66;422
66;423
66;424
66;425
66;426
66;427
66;428
66;429
66;430
66;431
66;432
66;433
66;434
66;435
66;436
66;437
66;438
66;439
66;440
66;441
66;442
66;443
66;444
66;445
66;446
66;447
66;448
66;449
66;450
66;451
66;452
66;453
66;454
66;455
66;456
66;457
66;458
66;459
66;460
66;461
66;462
66;463
66;464
66;465
66;466
66;467
66;468
66;469
66;470
66;471
66;472
66;473
66;474
67;35
67;37
67;38
67;39
67;40
67;41
67;42
67;43
67;44
67;45
67;46
67;47
67;48
67;49
67;50
67;51
67;52
67;53
67;54
67;55
67;56
67;57
67;58
67;59
67;60
67;61
67;62
67;63
67;64
67;65
67;66
67;67
67;68
67;69
67;70
67;71
67;72
67;73
67;74
67;75
67;76
67;77
67;78
67;79
67;80
67;81
67;82
67;83
67;84
67;85
67;86
67;87
67;88
67;89
67;90
67;91
67;92
67;93
67;94
67;95
67;96
67;97
67;98
67;99
67;100
67;101
67;102
67;103
67;104
67;105
67;106
67;107
67;108
67;109
67;110
67;111
67;112
67;113
67;114
67;115
67;116
67;117
67;118
67;119
67;120
67;121
67;122
67;123
67;124
67;125
67;126
67;127
67;128
67;129
67;130
67;131
67;132
67;133
67;134
67;135
67;136
67;137
67;138
67;139
67;140
67;161
67;162
67;163
67;164
67;165
67;166
67;167
67;168
67;169
67;170
67;171
67;172
67;173
67;268
67;390
67;391
67;392
67;393
67;394
67;395
67;396
67;397
67;398
67;399
67;400
67;401
67;402
67;403
67;404
67;405
67;406
67;407
67;408
67;409
67;410
67;411
67;412
67;413
67;414
67;415
67;416
67;417
67;418
67;419
67;420
67;421
67;422
67;423
67;424
67;425
67;426
67;427
67;428
67;429
67;430
67;431
67;432
67;433
67;434
67;435
67;436
67;437
67;438
67;439
67;440
67;441
67;442
67;443
67;444
67;445
67;446
67;447
67;448
67;449
67;450
67;451
67;452
67;453
67;454
67;455
67;456
67;457
67;458
67;459
67;460
67;461
67;462
67;463
67;464
67;465
67;466
67;467
67;468
67;469
67;470
67;471
67;472
67;473
68;31
68;33
68;34
68;35
68;36
68;37
68;38
68;39
68;40
68;41
68;42
68;43
68;44
68;45
68;46
68;47
68;48
68;49
68;50
68;51
68;52
68;53
68;54
68;55
68;56
68;57
68;58
68;59
68;60
68;61
68;62
68;63
68;64
68;65
68;66
68;67
68;68
68;69
68;70
68;71
68;72
68;73
68;74
68;75
68;76
68;77
68;78
68;79
68;80
68;81
68;82
68;83
68;84
68;85
68;86
68;87
68;88
68;89
68;90
68;91
68;92
68;93
68;94
68;95
68;96
68;97
68;98
68;99
68;100
68;101
68;102
68;103
68;104
68;105
68;106
68;107
68;108
68;109
68;110
68;111
68;112
68;113
68;114
68;115
68;116
68;117
68;118
68;119
68;120
68;121
68;122
68;123
68;124
68;125
68;126
68;127
68;128
68;129
68;130
68;131
68;132
68;133
68;134
68;135
68;136
68;137
68;138
68;139
68;140
68;160
68;161
68;162
68;163
68;164
68;165
68;166
68;167
68;168
68;169
68;170
68;171
68;172
68;173
68;390
68;391
68;392
68;393
68;394
68;395
68;396
68;397
68;398
68;399
68;400
68;401
68;402
68;403
68;404
68;405
68;406
68;407
68;408
68;409
68;410
68;411
68;412
68;413
68;414
68;415
68;416
68;417
68;418
68;419
68;420
68;421
68;422
68;423
68;424
68;425
68;426
68;427
68;428
68;429
68;430
68;431
68;432
68;433
68;434
68;435
68;436
68;437
68;438
68;439
68;440
68;441
68;442
68;443
68;444
68;445
68;446
68;447
68;448
68;449
68;450
68;451
68;452
68;453
68;454
68;455
68;456
68;457
68;458
68;459
68;460
68;461
68;462
68;463
68;464
68;465
68;466
68;467
68;468
68;469
68;470
68;471
68;472
68;473
69;29
69;30
69;31
69;32
69;33
69;34
69;35
69;36
69;37
69;38
69;39
69;40
69;41
69;42
69;43
69;44
69;45
69;46
69;47
69;48
69;49
69;50
69;51
69;52
69;53
69;54
69;55
69;56
69;57
69;58
69;59
69;60
69;61
69;62
69;63
69;64
69;65
69;66
69;67
69;68
69;69
69;70
69;71
69;72
69;73
69;74
69;75
69;76
69;77
69;78
69;79
69;80
69;81
69;82
69;83
69;84
69;85
69;86
69;87
69;88
69;89
69;90
69;91
69;92
69;93
69;94
69;95
69;96
69;97
69;98
69;99
69;100
69;101
69;102
69;103
69;104
69;105
69;106
69;107
69;108
69;109
69;110
69;111
69;112
69;113
69;114
69;115
69;116
69;117
69;118
69;119
69;120
69;121
69;122
69;123
69;124
69;125
69;126
69;127
69;128
69;129
69;130
69;131
69;132
69;133
69;134
69;135
69;136
69;137
69;138
69;139
69;140
69;159
69;160
69;161
69;162
69;163
69;164
69;165
69;166
69;167
69;168
69;169
69;170
69;171
69;172
69;173
69;391
69;392
69;393
69;394
69;395
69;396
69;397
69;398
69;399
69;400
69;401
69;402
69;403
69;404
69;405
69;406
69;407
69;408
69;409
69;410
69;411
69;412
69;413
69;414
69;415
69;416
69;417
69;418
69;419
69;420
69;421
69;422
69;423
69;424
69;425
69;426
69;427
69;428
69;429
69;430
69;431
69;432
69;433
69;434
69;435
69;436
69;437
69;438
69;439
69;440
69;441
69;442
69;443
69;444
69;445
69;446
69;447
69;448
69;449
69;450
69;451
69;452
69;453
69;454
69;455
69;456
69;457
69;458
69;459
69;460
69;461
69;462
69;463
69;464
69;465
69;466
69;467
69;468
69;469
69;470
69;471
69;472
70;27
70;28
70;29
70;30
70;31
70;32
70;33
70;34
70;35
70;36
70;37
70;38
70;39
70;40
70;41
70;42
70;43
70;44
70;45
70;46
70;47
70;48
70;49
70;50
70;51
70;52
70;53
70;54
70;55
70;56
70;57
70;58
70;59
70;60
70;61
70;62
70;63
70;64
70;65
70;66
70;67
70;68
70;69
70;70
70;71
70;72
70;73
70;74
70;75
70;76
70;77
70;78
70;79
70;80
70;81
70;82
70;83
70;84
70;85
70;86
70;87
70;88
70;89
70;90
70;91
70;92
70;93
70;94
70;95
70;96
70;97
70;98
70;99
70;100
70;101
70;102
70;103
70;104
70;105
70;106
70;107
70;108
70;109
70;110
70;111
70;112
70;113
70;114
70;115
70;116
70;117
70;118
70;119
70;120
70;121
70;122
70;123
70;124
70;125
70;126
70;127
70;128
70;129
70;130
70;131
70;132
70;133
70;134
70;135
70;136
70;137
70;138
70;139
70;140
70;158
70;159
70;160
70;161
70;162
70;163
70;164
70;165
70;166
70;167
70;168
70;169
70;170
70;171
70;172
70;173
70;174
70;392
70;393
70;394
70;395
70;396
70;397
70;398
70;399
70;400
70;401
70;402
70;403
70;404
70;405
70;406
70;407
70;408
70;409
70;410
70;411
70;412
70;413
70;414
70;415
70;416
70;417
70;418
70;419
70;420
70;421
70;422
70;423
70;424
70;425
70;426
70;427
70;428
70;429
70;430
70;431
70;432
70;433
70;434
70;435
70;436
70;437
70;438
70;439
70;440
70;441
70;442
70;443
70;444
70;445
70;446
70;447
70;448
70;449
70;450
70;451
70;452
70;453
70;454
70;455
70;456
70;457
70;458
70;459
70;460
70;461
70;462
70;463
70;464
70;465
70;466
70;467
70;468
70;469
70;470
70;471
70;472
71;25
71;26
71;27
71;28
71;29
71;30
71;31
71;32
71;33
71;34
71;35
71;36
71;37
71;38
71;39
71;40
71;41
71;42
71;43
71;44
71;45
71;46
71;47
71;48
71;49
71;50
71;51
71;52
71;53
71;54
71;55
71;56
71;57
71;58
71;59
71;60
71;61
71;62
71;63
71;64
71;65
71;66
71;67
71;68
71;69
71;70
71;71
71;72
71;73
71;74
71;75
71;76
71;77
71;78
71;79
71;80
71;81
71;82
71;83
71;84
71;85
71;86
71;87
71;88
71;89
71;90
71;91
71;92
71;93
71;94
71;95
71;96
71;97
71;98
71;99
71;100
71;101
71;102
71;103
71;104
71;105
71;106
71;107
71;108
71;109
71;110
71;111
71;112
71;113
71;114
71;115
71;116
71;117
71;118
71;119
71;120
71;121
71;122
71;123
71;124
71;125
71;126
71;127
71;128
71;129
71;130
71;131
71;132
71;133
71;134
71;135
71;136
71;137
71;138
71;139
71;140
71;157
71;158
71;159
71;160
71;161
71;162
71;163
71;164
71;165
71;166
71;167
71;168
71;169
71;170
71;171
71;172
71;173
71;174
71;392
71;393
71;394
71;395
71;396
71;397
71;398
71;399
71;400
71;401
71;402
71;403
71;404
71;405
71;406
71;407
71;408
71;409
71;410
71;411
71;412
71;413
71;414
71;415
71;416
71;417
71;418
71;419
71;420
71;421
71;422
71;423
71;424
71;425
71;426
71;427
71;428
71;429
71;430
71;431
71;432
71;433
71;434
71;435
71;436
71;437
71;438
71;439
71;440
71;441
71;442
71;443
71;444
71;445
71;446
71;447
71;448
71;449
71;450
71;451
71;452
71;453
71;454
71;455
71;456
71;457
71;458
71;459
71;460
71;461
71;462
71;463
71;464
71;465
71;466
71;467
71;468
71;469
71;470
71;471
71;472
72;23
72;24
72;25
72;26
72;27
72;28
72;29
72;30
72;31
72;32
72;33
72;34
72;35
72;36
72;37
72;38
72;39
72;40
72;41
72;42
72;43
72;44
72;45
72;46
72;47
72;48
72;49
72;50
72;51
72;52
72;53
72;54
72;55
72;56
72;57
72;58
72;59
72;60
72;61
72;62
72;63
72;64
72;65
72;66
72;67
72;68
72;69
72;70
72;71
72;72
72;73
72;74
72;75
72;76
72;77
72;78
72;79
72;80
72;81
72;82
72;83
72;84
72;85
72;86
72;87
72;88
72;89
72;90
72;91
72;92
72;93
72;94
72;95
72;96
72;97
72;98
72;99
72;100
72;101
72;102
72;103
72;104
72;105
72;106
72;107
72;108
72;109
72;110
72;111
72;112
72;113
72;114
72;115
72;116
72;117
72;118
72;119
72;120
72;121
72;122
72;123
72;124
72;125
72;126
72;127
72;128
72;129
72;130
72;131
72;132
72;133
72;134
72;135
72;136
72;137
72;138
72;139
72;156
72;157
72;158
72;159
72;160
72;161
72;162
72;163
72;164
72;165
72;166
72;167
72;168
72;169
72;170
72;171
72;172
72;173
72;174
72;175
72;393
72;394
72;395
72;396
72;397
72;398
72;399
72;400
72;401
72;402
72;403
72;404
72;405
72;406
72;407
72;408
72;409
72;410
72;411
72;412
72;413
72;414
72;415
72;416
72;417
72;418
72;419
72;420
72;421
72;422
72;423
72;424
72;425
72;426
72;427
72;428
72;429
72;430
72;431
72;432
72;433
72;434
72;435
72;436
72;437
72;438
72;439
72;440
72;441
72;442
72;443
72;444
72;445
72;446
72;447
72;448
72;449
72;450
72;451
72;452
72;453
72;454
72;455
72;456
72;457
72;458
72;459
72;460
72;461
72;462
72;463
72;464
72;465
72;466
72;467
72;468
72;469
72;470
72;471
73;21
73;22
73;23
73;24
73;25
73;26
73;27
73;28
73;29
73;30
73;31
73;32
73;33
73;34
73;35
73;36
73;37
73;38
73;39
73;40
73;41
73;42
73;43
73;44
73;45
73;46
73;47
73;48
73;49
73;50
73;51
73;52
73;53
73;54
73;55
73;56
73;57
73;58
73;59
73;60
73;61
73;62
73;63
73;64
73;65
73;66
73;67
73;68
73;69
73;70
73;71
73;72
73;73
73;74
73;75
73;76
73;77
73;78
73;79
73;80
73;81
73;82
73;83
73;84
73;85
73;86
73;87
73;88
73;89
73;90
73;91
73;92
73;93
73;94
73;95
73;96
73;97
73;98
73;99
73;100
73;101
73;102
73;103
73;104
73;105
73;106
73;107
73;108
73;109
73;110
73;111
73;112
73;113
73;114
73;115
73;116
73;117
73;118
73;119
73;120
73;121
73;122
73;123
73;124
73;125
73;126
73;127
73;128
73;129
73;130
73;131
73;132
73;133
73;134
73;135
73;136
73;137
73;138
73;139
73;155
73;156
73;157
73;158
73;159
73;160
73;161
73;162
73;163
73;164
73;165
73;166
73;167
73;168
73;169
73;170
73;171
73;172
73;173
73;174
73;175
73;394
73;395
73;396
73;397
73;398
73;399
73;400
73;401
73;402
73;403
73;404
73;405
73;406
73;407
73;408
73;409
73;410
73;411
73;412
73;413
73;414
73;415
73;416
73;417
73;418
73;419
73;420
73;421
73;422
73;423
73;424
73;425
73;426
73;427
73;428
73;429
73;430
73;431
73;432
73;433
73;434
73;435
73;436
73;437
73;438
73;439
73;440
73;441
73;442
73;443
73;444
73;445
73;446
73;447
73;448
73;449
73;450
73;451
73;452
73;453
73;454
73;455
73;456
73;457
73;458
73;459
73;460
73;461
73;462
73;463
73;464
73;465
73;466
73;467
73;468
73;469
73;470
74;19
74;20
74;21
74;22
74;23
74;24
74;25
74;26
74;27
74;28
74;29
74;30
74;31
74;32
74;33
74;34
74;35
74;36
74;37
74;38
74;39
74;40
74;41
74;42
74;43
74;44
74;45
74;46
74;47
74;48
74;49
74;50
74;51
74;52
74;53
74;54
74;55
74;56
74;57
74;58
74;59
74;60
74;61
74;62
74;63
74;64
74;65
74;66
74;67
74;68
74;69
74;70
74;71
74;72
74;73
74;74
74;75
74;76
74;77
74;78
74;79
74;80
74;81
74;82
74;83
74;84
74;85
74;86
74;87
74;88
74;89
74;90
74;91
74;92
74;93
74;94
74;95
74;96
74;97
74;98
74;99
74;100
74;101
74;102
74;103
74;104
74;105
74;106
74;107
74;108
74;109
74;110
74;111
74;112
74;113
74;114
74;115
74;116
74;117
74;118
74;119
74;120
74;121
74;122
74;123
74;124
74;125
74;126
74;127
74;128
74;129
74;130
74;131
74;132
74;133
74;134
74;135
74;136
74;137
74;138
74;139
74;154
74;155
74;156
74;157
74;158
74;159
74;160
74;161
74;162
74;163
74;164
74;165
74;166
74;167
74;168
74;169
74;170
74;171
74;172
74;173
74;174
74;175
74;394
74;395
74;396
74;397
74;398
74;399
74;400
74;401
74;402
74;403
74;404
74;405
74;406
74;407
74;408
74;409
74;410
74;411
74;412
74;413
74;414
74;415
74;416
74;417
74;418
74;419
74;420
74;421
74;422
74;423
74;424
74;425
74;426
74;427
74;428
74;429
74;430
74;431
74;432
74;433
74;434
74;435
74;436
74;437
74;438
74;439
74;440
74;441
74;442
74;443
74;444
74;445
74;446
74;447
74;448
74;449
74;450
74;451
74;452
74;453
74;454
74;455
74;456
74;457
74;458
74;459
74;460
74;461
74;462
74;463
74;464
74;465
74;466
74;467
74;468
74;469
74;470
75;17
75;18
75;19
75;20
75;21
75;22
75;23
75;24
75;25
75;26
75;27
75;28
75;29
75;30
75;31
75;32
75;33
75;34
75;35
75;36
75;37
75;38
75;39
75;40
75;41
75;42
75;43
75;44
75;45
75;46
75;47
75;48
75;49
75;50
75;51
75;52
75;53
75;54
75;55
75;56
75;57
75;58
75;59
75;60
75;61
75;62
75;63
75;64
75;65
75;66
75;67
75;68
75;69
75;70
75;71
75;72
75;73
75;74
75;75
75;76
75;77
75;78
75;79
75;80
75;81
75;82
75;83
75;84
75;85
75;86
75;87
75;88
75;89
75;90
75;91
75;92
75;93
75;94
75;95
75;96
75;97
75;98
75;99
75;100
75;101
75;102
75;103
75;104
75;105
75;106
75;107
75;108
75;109
75;110
75;111
75;112
75;113
75;114
75;115
75;116
75;117
75;118
75;119
75;120
75;121
75;122
75;123
75;124
75;125
75;126
75;127
75;128
75;129
75;130
75;131
75;132
75;133
75;134
75;135
75;136
75;137
75;138
75;139
75;153
75;154
75;155
75;156
75;157
75;158
75;159
75;160
75;161
75;162
75;163
75;164
75;165
75;166
75;167
75;168
75;169
75;170
75;171
75;172
75;173
75;174
75;175
75;176
75;395
75;396
75;397
75;398
75;399
75;400
75;401
75;402
75;403
75;404
75;405
75;406
75;407
75;408
75;409
75;410
75;411
75;412
75;413
75;414
75;415
75;416
75;417
75;418
75;419
75;420
75;421
75;422
75;423
75;424
75;425
75;426
75;427
75;428
75;429
75;430
75;431
75;432
75;433
75;434
75;435
75;436
75;437
75;438
75;439
75;440
75;441
75;442
75;443
75;444
75;445
75;446
75;447
75;448
75;449
75;450
75;451
75;452
75;453
75;454
75;455
75;456
75;457
75;458
75;459
75;460
75;461
75;462
75;463
75;464
75;465
75;466
75;467
75;468
75;469
76;16
76;17
76;18
76;19
76;20
76;21
76;22
76;23
76;24
76;25
76;26
76;27
76;28
76;29
76;30
76;31
76;32
76;33
76;34
76;35
76;36
76;37
76;38
76;39
76;40
76;41
76;42
76;43
76;44
76;45
76;46
76;47
76;48
76;49
76;50
76;51
76;52
76;53
76;54
76;55
76;56
76;57
76;58
76;59
76;60
76;61
76;62
76;63
76;64
76;65
76;66
76;67
76;68
76;69
76;70
76;71
76;72
76;73
76;74
76;75
76;76
76;77
76;78
76;79
76;80
76;81
76;82
76;83
76;84
76;85
76;86
76;87
76;88
76;89
76;90
76;91
76;92
76;93
76;94
76;95
76;96
76;97
76;98
76;99
76;100
76;101
76;102
76;103
76;104
76;105
76;106
76;107
76;108
76;109
76;110
76;111
76;112
76;113
76;114
76;115
76;116
76;117
76;118
76;119
76;120
76;121
76;122
76;123
76;124
76;125
76;126
76;127
76;128
76;129
76;130
76;131
76;132
76;133
76;134
76;135
76;136
76;137
76;138
76;139
76;152
76;153
76;154
76;155
76;156
76;157
76;158
76;159
76;160
76;161
76;162
76;163
76;164
76;165
76;166
76;167
76;168
76;169
76;170
76;171
76;172
76;173
76;174
76;175
76;176
76;396
76;397
76;398
76;399
76;400
76;401
76;402
76;403
76;404
76;405
76;406
76;407
76;408
76;409
76;410
76;411
76;412
76;413
76;414
76;415
76;416
76;417
76;418
76;419
76;420
76;421
76;422
76;423
76;424
76;425
76;426
76;427
76;428
76;429
76;430
76;431
76;432
76;433
76;434
76;435
76;436
76;437
76;438
76;439
76;440
76;441
76;442
76;443
76;444
76;445
76;446
76;447
76;448
76;449
76;450
76;451
76;452
76;453
76;454
76;455
76;456
76;457
76;458
76;459
76;460
76;461
76;462
76;463
76;464
76;465
76;466
76;467
76;468
77;15
77;16
77;17
77;18
77;19
77;20
77;21
77;22
77;23
77;24
77;25
77;26
77;27
77;28
77;29
77;30
77;31
77;32
77;33
77;34
77;35
77;36
77;37
77;38
77;39
77;40
77;41
77;42
77;43
77;44
77;45
77;46
77;47
77;48
77;49
77;50
77;51
77;52
77;53
77;54
77;55
77;56
77;57
77;58
77;59
77;60
77;61
77;62
77;63
77;64
77;65
77;66
77;67
77;68
77;69
77;70
77;71
77;72
77;73
77;74
77;75
77;76
77;77
77;78
77;79
77;80
77;81
77;82
77;83
77;84
77;85
77;86
77;87
77;88
77;89
77;90
77;91
77;92
77;93
77;94
77;95
77;96
77;97
77;98
77;99
77;100
77;101
77;102
77;103
77;104
77;105
77;106
77;107
77;108
77;109
77;110
77;111
77;112
77;113
77;114
77;115
77;116
77;117
77;118
77;119
77;120
77;121
77;122
77;123
77;124
77;125
77;126
77;127
77;128
77;129
77;130
77;131
77;132
77;133
77;134
77;135
77;136
77;137
77;138
77;139
77;151
77;152
77;153
77;154
77;155
77;156
77;157
77;158
77;159
77;160
77;161
77;162
77;163
77;164
77;165
77;166
77;167
77;168
77;169
77;170
77;171
77;172
77;173
77;174
77;175
77;176
77;177
77;396
77;397
77;398
77;399
77;400
77;401
77;402
77;403
77;404
77;405
77;406
77;407
77;408
77;409
77;410
77;411
77;412
77;413
77;414
77;415
77;416
77;417
77;418
77;419
77;420
77;421
77;422
77;423
77;424
77;425
77;426
77;427
77;428
77;429
77;430
77;431
77;432
77;433
77;434
77;435
77;436
77;437
77;438
77;439
77;440
77;441
77;442
77;443
77;444
77;445
77;446
77;447
77;448
77;449
77;450
77;451
77;452
77;453
77;454
77;455
77;456
77;457
77;458
77;459
77;460
77;461
77;462
77;463
77;464
77;465
77;466
77;467
77;468
78;14
78;15
78;16
78;17
78;18
78;19
78;20
78;21
78;22
78;23
78;24
78;25
78;26
78;27
78;28
78;29
78;30
78;31
78;32
78;33
78;34
78;35
78;36
78;37
78;38
78;39
78;40
78;41
78;42
78;43
78;44
78;45
78;46
78;47
78;48
78;49
78;50
78;51
78;52
78;53
78;54
78;55
78;56
78;57
78;58
78;59
78;60
78;61
78;62
78;63
78;64
78;65
78;66
78;67
78;68
78;69
78;70
78;71
78;72
78;73
78;74
78;75
78;76
78;77
78;78
78;79
78;80
78;81
78;82
78;83
78;84
78;85
78;86
78;87
78;88
78;89
78;90
78;91
78;92
78;93
78;94
78;95
78;96
78;97
78;98
78;99
78;100
78;101
78;102
78;103
78;104
78;105
78;106
78;107
78;108
78;109
78;110
78;111
78;112
78;113
78;114
78;115
78;116
78;117
78;118
78;119
78;120
78;121
78;122
78;123
78;124
78;125
78;126
78;127
78;128
78;129
78;130
78;131
78;132
78;133
78;134
78;135
78;136
78;137
78;138
78;139
78;150
78;151
78;152
78;153
78;154
78;155
78;156
78;157
78;158
78;159
78;160
78;161
78;162
78;163
78;164
78;165
78;166
78;167
78;168
78;169
78;170
78;171
78;172
78;173
78;174
78;175
78;176
78;177
78;398
78;399
78;400
78;401
78;402
78;403
78;404
78;405
78;406
78;407
78;408
78;409
78;410
78;411
78;412
78;413
78;414
78;415
78;416
78;417
78;418
78;419
78;420
78;421
78;422
78;423
78;424
78;425
78;426
78;427
78;428
78;429
78;430
78;431
78;432
78;433
78;434
78;435
78;436
78;437
78;438
78;439
78;440
78;441
78;442
78;443
78;444
78;445
78;446
78;447
78;448
78;449
78;450
78;451
78;452
78;453
78;454
78;455
78;456
78;457
78;458
78;459
78;460
78;461
78;462
78;463
78;464
78;465
78;466
78;467
79;13
79;14
79;15
79;16
79;17
79;18
79;19
79;20
79;21
79;22
79;23
79;24
79;25
79;26
79;27
79;28
79;29
79;30
79;31
79;32
79;33
79;34
79;35
79;36
79;37
79;38
79;39
79;40
79;41
79;42
79;43
79;44
79;45
79;46
79;47
79;48
79;49
79;50
79;51
79;52
79;53
79;54
79;55
79;56
79;57
79;58
79;59
79;60
79;61
79;62
79;63
79;64
79;65
79;66
79;67
79;68
79;69
79;70
79;71
79;72
79;73
79;74
79;75
79;76
79;77
79;78
79;79
79;80
79;81
79;82
79;83
79;84
79;85
79;86
79;87
79;88
79;89
79;90
79;91
79;92
79;93
79;94
79;95
79;96
79;97
79;98
79;99
79;100
79;101
79;102
79;103
79;104
79;105
79;106
79;107
79;108
79;109
79;110
79;111
79;112
79;113
79;114
79;115
79;116
79;117
79;118
79;119
79;120
79;121
79;122
79;123
79;124
79;125
79;126
79;127
79;128
79;129
79;130
79;131
79;132
79;133
79;134
79;135
79;136
79;137
79;138
79;139
79;149
79;150
79;151
79;152
79;153
79;154
79;155
79;156
79;157
79;158
79;159
79;160
79;161
79;162
79;163
79;164
79;165
79;166
79;167
79;168
79;169
79;170
79;171
79;172
79;173
79;174
79;175
79;176
79;177
79;398
79;399
79;400
79;401
79;402
79;403
79;404
79;405
79;406
79;407
79;408
79;409
79;410
79;411
79;412
79;413
79;414
79;415
79;416
79;417
79;418
79;419
79;420
79;421
79;422
79;423
79;424
79;425
79;426
79;427
79;428
79;429
79;430
79;431
79;432
79;433
79;434
79;435
79;436
79;437
79;438
79;439
79;440
79;441
79;442
79;443
79;444
79;445
79;446
79;447
79;448
79;449
79;450
79;451
79;452
79;453
79;454
79;455
79;456
79;457
79;458
79;459
79;460
79;461
79;462
79;463
79;464
79;465
79;466
80;12
80;13
80;14
80;15
80;16
80;17
80;18
80;19
80;20
80;21
80;22
80;23
80;24
80;25
80;26
80;27
80;28
80;29
80;30
80;31
80;32
80;33
80;34
80;35
80;36
80;37
80;38
80;39
80;40
80;41
80;42
80;43
80;44
80;45
80;46
80;47
80;48
80;49
80;50
80;51
80;52
80;53
80;54
80;55
80;56
80;57
80;58
80;59
80;60
80;61
80;62
80;63
80;64
80;65
80;66
80;67
80;68
80;69
80;70
80;71
80;72
80;73
80;74
80;75
80;76
80;77
80;78
80;79
80;80
80;81
80;82
80;83
80;84
80;85
80;86
80;87
80;88
80;89
80;90
80;91
80;92
80;93
80;94
80;95
80;96
80;97
80;98
80;99
80;100
80;101
80;102
80;103
80;104
80;105
80;106
80;107
80;108
80;109
80;110
80;111
80;112
80;113
80;114
80;115
80;116
80;117
80;118
80;119
80;120
80;121
80;122
80;123
80;124
80;125
80;126
80;127
80;128
80;129
80;130
80;131
80;132
80;133
80;134
80;135
80;136
80;137
80;138
80;139
80;148
80;149
80;150
80;151
80;152
80;153
80;154
80;155
80;156
80;157
80;158
80;159
80;160
80;161
80;162
80;163
80;164
80;165
80;166
80;167
80;168
80;169
80;170
80;171
80;172
80;173
80;174
80;175
80;176
80;177
80;178
80;399
80;400
80;401
80;402
80;403
80;404
80;405
80;406
80;407
80;408
80;409
80;410
80;411
80;412
80;413
80;414
80;415
80;416
80;417
80;418
80;419
80;420
80;421
80;422
80;423
80;424
80;425
80;426
80;427
80;428
80;429
80;430
80;431
80;432
80;433
80;434
80;435
80;436
80;437
80;438
80;439
80;440
80;441
80;442
80;443
80;444
80;445
80;446
80;447
80;448
80;449
80;450
80;451
80;452
80;453
80;454
80;455
80;456
80;457
80;458
80;459
80;460
80;461
80;462
80;463
80;464
80;465
81;11
81;12
81;13
81;14
81;15
81;16
81;17
81;18
81;19
81;20
81;21
81;22
81;23
81;24
81;25
81;26
81;27
81;28
81;29
81;30
81;31
81;32
81;33
81;34
81;35
81;36
81;37
81;38
81;39
81;40
81;41
81;42
81;43
81;44
81;45
81;46
81;47
81;48
81;49
81;50
81;51
81;52
81;53
81;54
81;55
81;56
81;57
81;58
81;59
81;60
81;61
81;62
81;63
81;64
81;65
81;66
81;67
81;68
81;69
81;70
81;71
81;72
81;73
81;74
81;75
81;76
81;77
81;78
81;79
81;80
81;81
81;82
81;83
81;84
81;85
81;86
81;87
81;88
81;89
81;90
81;91
81;92
81;93
81;94
81;95
81;96
81;97
81;98
81;99
81;100
81;101
81;102
81;103
81;104
81;105
81;106
81;107
81;108
81;109
81;110
81;111
81;112
81;113
81;114
81;115
81;116
81;117
81;118
81;119
81;120
81;121
81;122
81;123
81;124
81;125
81;126
81;127
81;128
81;129
81;130
81;131
81;132
81;133
81;134
81;135
81;136
81;137
81;138
81;147
81;148
81;149
81;150
81;151
81;152
81;153
81;154
81;155
81;156
81;157
81;158
81;159
81;160
81;161
81;162
81;163
81;164
81;165
81;166
81;167
81;168
81;169
81;170
81;171
81;172
81;173
81;174
81;175
81;176
81;177
81;178
81;400
81;401
81;402
81;403
81;404
81;405
81;406
81;407
81;408
81;409
81;410
81;411
81;412
81;413
81;414
81;415
81;416
81;417
81;418
81;419
81;420
81;421
81;422
81;423
81;424
81;425
81;426
81;427
81;428
81;429
81;430
81;431
81;432
81;433
81;434
81;435
81;436
81;437
81;438
81;439
81;440
81;441
81;442
81;443
81;444
81;445
81;446
81;447
81;448
81;449
81;450
81;451
81;452
81;453
81;454
81;455
81;456
81;457
81;458
81;459
81;460
81;461
81;462
81;463
81;464
82;10
82;11
82;12
82;13
82;14
82;15
82;16
82;17
82;18
82;19
82;20
82;21
82;22
82;23
82;24
82;25
82;26
82;27
82;28
82;29
82;30
82;31
82;32
82;33
82;34
82;35
82;36
82;37
82;38
82;39
82;40
82;41
82;42
82;43
82;44
82;45
82;46
82;47
82;48
82;49
82;50
82;51
82;52
82;53
82;54
82;55
82;56
82;57
82;58
82;59
82;60
82;61
82;62
82;63
82;64
82;65
82;66
82;67
82;68
82;69
82;70
82;71
82;72
82;73
82;74
82;75
82;76
82;77
82;78
82;79
82;80
82;81
82;82
82;83
82;84
82;85
82;86
82;87
82;88
82;89
82;90
82;91
82;92
82;93
82;94
82;95
82;96
82;97
82;98
82;99
82;100
82;101
82;102
82;103
82;104
82;105
82;106
82;107
82;108
82;109
82;110
82;111
82;112
82;113
82;114
82;115
82;116
82;117
82;118
82;119
82;120
82;121
82;122
82;123
82;124
82;125
82;126
82;127
82;128
82;129
82;130
82;131
82;132
82;133
82;134
82;135
82;136
82;137
82;138
82;146
82;147
82;148
82;149
82;150
82;151
82;152
82;153
82;154
82;155
82;156
82;157
82;158
82;159
82;160
82;161
82;162
82;163
82;164
82;165
82;166
82;167
82;168
82;169
82;170
82;171
82;172
82;173
82;174
82;175
82;176
82;177
82;178
82;179
82;400
82;401
82;402
82;403
82;404
82;405
82;406
82;407
82;408
82;409
82;410
82;411
82;412
82;413
82;414
82;415
82;416
82;417
82;418
82;419
82;420
82;421
82;422
82;423
82;424
82;425
82;426
82;427
82;428
82;429
82;430
82;431
82;432
82;433
82;434
82;435
82;436
82;437
82;438
82;439
82;440
82;441
82;442
82;443
82;444
82;445
82;446
82;447
82;448
82;449
82;450
82;451
82;452
82;453
82;454
82;455
82;456
82;457
82;458
82;459
82;460
82;461
82;462
82;463
83;9
83;10
83;11
83;12
83;13
83;14
83;15
83;16
83;17
83;18
83;19
83;20
83;21
83;22
83;23
83;24
83;25
83;26
83;27
83;28
83;29
83;30
83;31
83;32
83;33
83;34
83;35
83;36
83;37
83;38
83;39
83;40
83;41
83;42
83;43
83;44
83;45
83;46
83;47
83;48
83;49
83;50
83;51
83;52
83;53
83;54
83;55
83;56
83;57
83;58
83;59
83;60
83;61
83;62
83;63
83;64
83;65
83;66
83;67
83;68
83;69
83;70
83;71
83;72
83;73
83;74
83;75
83;76
83;77
83;78
83;79
83;80
83;81
83;82
83;83
83;84
83;85
83;86
83;87
83;88
83;89
83;90
83;91
83;92
83;93
83;94
83;95
83;96
83;97
83;98
83;99
83;100
83;101
83;102
83;103
83;104
83;105
83;106
83;107
83;108
83;109
83;110
83;111
83;112
83;113
83;114
83;115
83;116
83;117
83;118
83;119
83;120
83;121
83;122
83;123
83;124
83;125
83;126
83;127
83;128
83;129
83;130
83;131
83;132
83;133
83;134
83;135
83;136
83;137
83;138
83;145
83;146
83;147
83;148
83;149
83;150
83;151
83;152
83;153
83;154
83;155
83;156
83;157
83;158
83;159
83;160
83;161
83;162
83;163
83;164
83;165
83;166
83;167
83;168
83;169
83;170
83;171
83;172
83;173
83;174
83;175
83;176
83;177
83;178
83;179
83;402
83;403
83;404
83;405
83;406
83;407
83;408
83;409
83;410
83;411
83;412
83;413
83;414
83;415
83;416
83;417
83;418
83;419
83;420
83;421
83;422
83;423
83;424
83;425
83;426
83;427
83;428
83;429
83;430
83;431
83;432
83;433
83;434
83;435
83;436
83;437
83;438
83;439
83;440
83;441
83;442
83;443
83;444
83;445
83;446
83;447
83;448
83;449
83;450
83;451
83;452
83;453
83;454
83;455
83;456
83;457
83;458
83;459
83;460
83;461
83;462
84;9
84;10
84;11
84;12
84;13
84;14
84;15
84;16
84;17
84;18
84;19
84;20
84;21
84;22
84;23
84;24
84;25
84;26
84;27
84;28
84;29
84;30
84;31
84;32
84;33
84;34
84;35
84;36
84;37
84;38
84;39
84;40
84;41
84;42
84;43
84;44
84;45
84;46
84;47
84;48
84;49
84;50
84;51
84;52
84;53
84;54
84;55
84;56
84;57
84;58
84;59
84;60
84;61
84;62
84;63
84;64
84;65
84;66
84;67
84;68
84;69
84;70
84;71
84;72
84;73
84;74
84;75
84;76
84;77
84;78
84;79
84;80
84;81
84;82
84;83
84;84
84;85
84;86
84;87
84;88
84;89
84;90
84;91
84;92
84;93
84;94
84;95
84;96
84;97
84;98
84;99
84;100
84;101
84;102
84;103
84;104
84;105
84;106
84;107
84;108
84;109
84;110
84;111
84;112
84;113
84;114
84;115
84;116
84;117
84;118
84;119
84;120
84;121
84;122
84;123
84;124
84;125
84;126
84;127
84;128
84;129
84;130
84;131
84;132
84;133
84;134
84;135
84;136
84;137
84;138
84;144
84;145
84;146
84;147
84;148
84;149
84;150
84;151
84;152
84;153
84;154
84;155
84;156
84;157
84;158
84;159
84;160
84;161
84;162
84;163
84;164
84;165
84;166
84;167
84;168
84;169
84;170
84;171
84;172
84;173
84;174
84;175
84;176
84;177
84;178
84;179
84;404
84;405
84;406
84;407
84;408
84;409
84;410
84;411
84;412
84;413
84;414
84;415
84;416
84;417
84;418
84;419
84;420
84;421
84;422
84;423
84;424
84;425
84;426
84;427
84;428
84;429
84;430
84;431
84;432
84;433
84;434
84;435
84;436
84;437
84;438
84;439
84;440
84;441
84;442
84;443
84;444
84;445
84;446
84;447
84;448
84;449
84;450
84;451
84;452
84;453
84;454
84;455
84;456
84;457
84;458
84;459
84;460
85;8
85;9
85;10
85;11
85;12
85;13
85;14
85;15
85;16
85;17
85;18
85;19
85;20
85;21
85;22
85;23
85;24
85;25
85;26
85;27
85;28
85;29
85;30
85;31
85;32
85;33
85;34
85;35
85;36
85;37
85;38
85;39
85;40
85;41
85;42
85;43
85;44
85;45
85;46
85;47
85;48
85;49
85;50
85;51
85;52
85;53
85;54
85;55
85;56
85;57
85;58
85;59
85;60
85;61
85;62
85;63
85;64
85;65
85;66
85;67
85;68
85;69
85;70
85;71
85;72
85;73
85;74
85;75
85;76
85;77
85;78
85;79
85;80
85;81
85;82
85;83
85;84
85;85
85;86
85;87
85;88
85;89
85;90
85;91
85;92
85;93
85;94
85;95
85;96
85;97
85;98
85;99
85;100
85;101
85;102
85;103
85;104
85;105
85;106
85;107
85;108
85;109
85;110
85;111
85;112
85;113
85;114
85;115
85;116
85;117
85;118
85;119
85;120
85;121
85;122
85;123
85;124
85;125
85;126
85;127
85;128
85;129
85;130
85;131
85;132
85;133
85;134
85;135
85;136
85;137
85;138
85;143
85;144
85;145
85;146
85;147
85;148
85;149
85;150
85;151
85;152
85;153
85;154
85;155
85;156
85;157
85;158
85;159
85;160
85;161
85;162
85;163
85;164
85;165
85;166
85;167
85;168
85;169
85;170
85;171
85;172
85;173
85;174
85;175
85;176
85;177
85;178
85;179
85;180
85;406
85;407
85;408
85;409
85;410
85;411
85;412
85;413
85;414
85;415
85;416
85;417
85;418
85;419
85;420
85;421
85;422
85;423
85;424
85;425
85;426
85;427
85;428
85;429
85;430
85;431
85;432
85;433
85;434
85;435
85;436
85;437
85;438
85;439
85;440
85;441
85;442
85;443
85;444
85;445
85;446
85;447
85;448
85;449
85;450
85;451
85;452
85;453
85;454
85;455
85;456
85;457
85;458
85;459
86;7
86;8
86;9
86;10
86;11
86;12
86;13
86;14
86;15
86;16
86;17
86;18
86;19
86;20
86;21
86;22
86;23
86;24
86;25
86;26
86;27
86;28
86;29
86;30
86;31
86;32
86;33
86;34
86;35
86;36
86;37
86;38
86;39
86;40
86;41
86;42
86;43
86;44
86;45
86;46
86;47
86;48
86;49
86;50
86;51
86;52
86;53
86;54
86;55
86;56
86;57
86;58
86;59
86;60
86;61
86;62
86;63
86;64
86;65
86;66
86;67
86;68
86;69
86;70
86;71
86;72
86;73
86;74
86;75
86;76
86;77
86;78
86;79
86;80
86;81
86;82
86;83
86;84
86;85
86;86
86;87
86;88
86;89
86;90
86;91
86;92
86;93
86;94
86;95
86;96
86;97
86;98
86;99
86;100
86;101
86;102
86;103
86;104
86;105
86;106
86;107
86;108
86;109
86;110
86;111
86;112
86;113
86;114
86;115
86;116
86;117
86;118
86;119
86;120
86;121
86;122
86;123
86;124
86;125
86;126
86;127
86;128
86;129
86;130
86;131
86;132
86;133
86;134
86;135
86;136
86;137
86;138
86;142
86;143
86;144
86;145
86;146
86;147
86;148
86;149
86;150
86;151
86;152
86;153
86;154
86;155
86;156
86;157
86;158
86;159
86;160
86;161
86;162
86;163
86;164
86;165
86;166
86;167
86;168
86;169
86;170
86;171
86;172
86;173
86;174
86;175
86;176
86;177
86;178
86;179
86;180
86;406
86;407
86;408
86;409
86;410
86;411
86;412
86;413
86;414
86;415
86;416
86;417
86;418
86;419
86;420
86;421
86;422
86;423
86;424
86;425
86;426
86;427
86;428
86;429
86;430
86;431
86;432
86;433
86;434
86;435
86;436
86;437
86;438
86;439
86;440
86;441
86;442
86;443
86;444
86;445
86;446
86;447
86;448
86;449
86;450
86;451
86;452
86;453
86;454
86;455
86;456
86;457
86;458
87;7
87;8
87;9
87;10
87;11
87;12
87;13
87;14
87;15
87;16
87;17
87;18
87;19
87;20
87;21
87;22
87;23
87;24
87;25
87;26
87;27
87;28
87;29
87;30
87;31
87;32
87;33
87;34
87;35
87;36
87;37
87;38
87;39
87;40
87;41
87;42
87;43
87;44
87;45
87;46
87;47
87;48
87;49
87;50
87;51
87;52
87;53
87;54
87;55
87;56
87;57
87;58
87;59
87;60
87;61
87;62
87;63
87;64
87;65
87;66
87;67
87;68
87;69
87;70
87;71
87;72
87;73
87;74
87;75
87;76
87;77
87;78
87;79
87;80
87;81
87;82
87;83
87;84
87;85
87;86
87;87
87;88
87;89
87;90
87;91
87;92
87;93
87;94
87;95
87;96
87;97
87;98
87;99
87;100
87;101
87;102
87;103
87;104
87;105
87;106
87;107
87;108
87;109
87;110
87;111
87;112
87;113
87;114
87;115
87;116
87;117
87;118
87;119
87;120
87;121
87;122
87;123
87;124
87;125
87;126
87;127
87;128
87;129
87;130
87;131
87;132
87;133
87;134
87;135
87;136
87;137
87;138
87;141
87;142
87;143
87;144
87;145
87;146
87;147
87;148
87;149
87;150
87;151
87;152
87;153
87;154
87;155
87;156
87;157
87;158
87;159
87;160
87;161
87;162
87;163
87;164
87;165
87;166
87;167
87;168
87;169
87;170
87;171
87;172
87;173
87;174
87;175
87;176
87;177
87;178
87;179
87;180
87;181
87;408
87;409
87;410
87;411
87;412
87;413
87;414
87;415
87;416
87;417
87;418
87;419
87;420
87;421
87;422
87;423
87;424
87;425
87;426
87;427
87;428
87;429
87;430
87;431
87;432
87;433
87;434
87;435
87;436
87;437
87;438
87;439
87;440
87;441
87;442
87;443
87;444
87;445
87;446
87;447
87;448
87;449
87;450
87;451
87;452
87;453
87;454
87;455
87;456
88;6
88;7
88;8
88;9
88;10
88;11
88;12
88;13
88;14
88;15
88;16
88;17
88;18
88;19
88;20
88;21
88;22
88;23
88;24
88;25
88;26
88;27
88;28
88;29
88;30
88;31
88;32
88;33
88;34
88;35
88;36
88;37
88;38
88;39
88;40
88;41
88;42
88;43
88;44
88;45
88;46
88;47
88;48
88;49
88;50
88;51
88;52
88;53
88;54
88;55
88;56
88;57
88;58
88;59
88;60
88;61
88;62
88;63
88;64
88;65
88;66
88;67
88;68
88;69
88;70
88;71
88;72
88;73
88;74
88;75
88;76
88;77
88;78
88;79
88;80
88;81
88;82
88;83
88;84
88;85
88;86
88;87
88;88
88;89
88;90
88;91
88;92
88;93
88;94
88;95
88;96
88;97
88;98
88;99
88;100
88;101
88;102
88;103
88;104
88;105
88;106
88;107
88;108
88;109
88;110
88;111
88;112
88;113
88;114
88;115
88;116
88;117
88;118
88;119
88;120
88;121
88;122
88;123
88;124
88;125
88;126
88;127
88;128
88;129
88;130
88;131
88;132
88;133
88;134
88;135
88;136
88;137
88;138
88;140
88;141
88;142
88;143
88;144
88;145
88;146
88;147
88;148
88;149
88;150
88;151
88;152
88;153
88;154
88;155
88;156
88;157
88;158
88;159
88;160
88;161
88;162
88;163
88;164
88;165
88;166
88;167
88;168
88;169
88;170
88;171
88;172
88;173
88;174
88;175
88;176
88;177
88;178
88;179
88;180
88;181
88;410
88;411
88;412
88;413
88;414
88;415
88;416
88;417
88;418
88;419
88;420
88;421
88;422
88;423
88;424
88;425
88;426
88;427
88;428
88;429
88;430
88;431
88;432
88;433
88;434
88;435
88;436
88;437
88;438
88;439
88;440
88;441
88;442
88;443
88;444
88;445
88;446
88;447
88;448
88;449
88;450
88;451
88;452
88;453
88;454
88;455
88;456
89;6
89;7
89;8
89;9
89;10
89;11
89;12
89;13
89;14
89;15
89;16
89;17
89;18
89;19
89;20
89;21
89;22
89;23
89;24
89;25
89;26
89;27
89;28
89;29
89;30
89;31
89;32
89;33
89;34
89;35
89;36
89;37
89;38
89;39
89;40
89;41
89;42
89;43
89;44
89;45
89;46
89;47
89;48
89;49
89;50
89;51
89;52
89;53
89;54
89;55
89;56
89;57
89;58
89;59
89;60
89;61
89;62
89;63
89;64
89;65
89;66
89;67
89;68
89;69
89;70
89;71
89;72
89;73
89;74
89;75
89;76
89;77
89;78
89;79
89;80
89;81
89;82
89;83
89;84
89;85
89;86
89;87
89;88
89;89
89;90
89;91
89;92
89;93
89;94
89;95
89;96
89;97
89;98
89;99
89;100
89;101
89;102
89;103
89;104
89;105
89;106
89;107
89;108
89;109
89;110
89;111
89;112
89;113
89;114
89;115
89;116
89;117
89;118
89;119
89;120
89;121
89;122
89;123
89;124
89;125
89;126
89;127
89;128
89;129
89;130
89;131
89;132
89;133
89;134
89;135
89;136
89;137
89;138
89;139
89;140
89;141
89;142
89;143
89;144
89;145
89;146
89;147
89;148
89;149
89;150
89;151
89;152
89;153
89;154
89;155
89;156
89;157
89;158
89;159
89;160
89;161
89;162
89;163
89;164
89;165
89;166
89;167
89;168
89;169
89;170
89;171
89;172
89;173
89;174
89;175
89;176
89;177
89;178
89;179
89;180
89;181
89;411
89;412
89;413
89;414
89;415
89;416
89;417
89;418
89;419
89;420
89;421
89;422
89;423
89;424
89;425
89;426
89;427
89;428
89;429
89;430
89;431
89;432
89;433
89;434
89;435
89;436
89;437
89;438
89;439
89;440
89;441
89;442
89;443
89;444
89;445
89;446
89;447
89;448
89;449
89;450
89;451
89;452
89;453
89;454
89;455
89;456
89;491
89;493
89;495
89;497
90;5
90;6
90;7
90;8
90;9
90;10
90;11
90;12
90;13
90;14
90;15
90;16
90;17
90;18
90;19
90;20
90;21
90;22
90;23
90;24
90;25
90;26
90;27
90;28
90;29
90;30
90;31
90;32
90;33
90;34
90;35
90;36
90;37
90;38
90;39
90;40
90;41
90;42
90;43
90;44
90;45
90;46
90;47
90;48
90;49
90;50
90;51
90;52
90;53
90;54
90;55
90;56
90;57
90;58
90;59
90;60
90;61
90;62
90;63
90;64
90;65
90;66
90;67
90;68
90;69
90;70
90;71
90;72
90;73
90;74
90;75
90;76
90;77
90;78
90;79
90;80
90;81
90;82
90;83
90;84
90;85
90;86
90;87
90;88
90;89
90;90
90;91
90;92
90;93
90;94
90;95
90;96
90;97
90;98
90;99
90;100
90;101
90;102
90;103
90;104
90;105
90;106
90;107
90;108
90;109
90;110
90;111
90;112
90;113
90;114
90;115
90;116
90;117
90;118
90;119
90;120
90;121
90;122
90;123
90;124
90;125
90;126
90;127
90;128
90;129
90;130
90;131
90;132
90;133
90;134
90;135
90;136
90;137
90;138
90;139
90;140
90;141
90;142
90;143
90;144
90;145
90;146
90;147
90;148
90;149
90;150
90;151
90;152
90;153
90;154
90;155
90;156
90;157
90;158
90;159
90;160
90;161
90;162
90;163
90;164
90;165
90;166
90;167
90;168
90;169
90;170
90;171
90;172
90;173
90;174
90;175
90;176
90;177
90;178
90;179
90;180
90;181
90;182
90;411
90;412
90;413
90;414
90;415
90;416
90;417
90;418
90;419
90;420
90;421
90;422
90;423
90;424
90;425
90;426
90;427
90;428
90;429
90;430
90;431
90;432
90;433
90;434
90;435
90;436
90;437
90;438
90;439
90;440
90;441
90;442
90;443
90;444
90;445
90;446
90;447
90;448
90;449
90;450
90;451
90;452
90;453
90;454
90;455
90;456
90;457
90;485
90;487
90;488
90;489
90;490
90;491
90;492
90;493
90;494
90;495
90;496
90;497
90;498
90;499
90;500
90;501
90;503
91;5
91;6
91;7
91;8
91;9
91;10
91;11
91;12
91;13
91;14
91;15
91;16
91;17
91;18
91;19
91;20
91;21
91;22
91;23
91;24
91;25
91;26
91;27
91;28
91;29
91;30
91;31
91;32
91;33
91;34
91;35
91;36
91;37
91;38
91;39
91;40
91;41
91;42
91;43
91;44
91;45
91;46
91;47
91;48
91;49
91;50
91;51
91;52
91;53
91;54
91;55
91;56
91;57
91;58
91;59
91;60
91;61
91;62
91;63
91;64
91;65
91;66
91;67
91;68
91;69
91;70
91;71
91;72
91;73
91;74
91;75
91;76
91;77
91;78
91;79
91;80
91;81
91;82
91;83
91;84
91;85
91;86
91;87
91;88
91;89
91;90
91;91
91;92
91;93
91;94
91;95
91;96
91;97
91;98
91;99
91;100
91;101
91;102
91;103
91;104
91;105
91;106
91;107
91;108
91;109
91;110
91;111
91;112
91;113
91;114
91;115
91;116
91;117
91;118
91;119
91;120
91;121
91;122
91;123
91;124
91;125
91;126
91;127
91;128
91;129
91;130
91;131
91;132
91;133
91;134
91;135
91;136
91;137
91;138
91;139
91;140
91;141
91;142
91;143
91;144
91;145
91;146
91;147
91;148
91;149
91;150
91;151
91;152
91;153
91;154
91;155
91;156
91;157
91;158
91;159
91;160
91;161
91;162
91;163
91;164
91;165
91;166
91;167
91;168
91;169
91;170
91;171
91;172
91;173
91;174
91;175
91;176
91;177
91;178
91;179
91;180
91;181
91;182
91;183
91;185
91;187
91;189
91;191
91;193
91;195
91;197
91;199
91;201
91;203
91;205
91;207
91;409
91;410
91;411
91;412
91;413
91;414
91;415
91;416
91;417
91;418
91;419
91;420
91;421
91;422
91;423
91;424
91;425
91;426
91;427
91;428
91;429
91;430
91;431
91;432
91;433
91;434
91;435
91;436
91;437
91;438
91;439
91;440
91;441
91;442
91;443
91;444
91;445
91;446
91;447
91;448
91;449
91;450
91;451
91;452
91;453
91;454
91;455
91;456
91;457
91;483
91;484
91;485
91;486
91;487
91;488
91;489
91;490
91;491
91;492
91;493
91;494
91;495
91;496
91;497
91;498
91;499
91;500
91;501
91;502
91;503
91;504
91;505
91;507
92;5
92;6
92;7
92;8
92;9
92;10
92;11
92;12
92;13
92;14
92;15
92;16
92;17
92;18
92;19
92;20
92;21
92;22
92;23
92;24
92;25
92;26
92;27
92;28
92;29
92;30
92;31
92;32
92;33
92;34
92;35
92;36
92;37
92;38
92;39
92;40
92;41
92;42
92;43
92;44
92;45
92;46
92;47
92;48
92;49
92;50
92;51
92;52
92;53
92;54
92;55
92;56
92;57
92;58
92;59
92;60
92;61
92;62
92;63
92;64
92;65
92;66
92;67
92;68
92;69
92;70
92;71
92;72
92;73
92;74
92;75
92;76
92;77
92;78
92;79
92;80
92;81
92;82
92;83
92;84
92;85
92;86
92;87
92;88
92;89
92;90
92;91
92;92
92;93
92;94
92;95
92;96
92;97
92;98
92;99
92;100
92;101
92;102
92;103
92;104
92;105
92;106
92;107
92;108
92;109
92;110
92;111
92;112
92;113
92;114
92;115
92;116
92;117
92;118
92;119
92;120
92;121
92;122
92;123
92;124
92;125
92;126
92;127
92;128
92;129
92;130
92;131
92;132
92;133
92;134
92;135
92;136
92;137
92;138
92;139
92;140
92;141
92;142
92;143
92;144
92;145
92;146
92;147
92;148
92;149
92;150
92;151
92;152
92;153
92;154
92;155
92;156
92;157
92;158
92;159
92;160
92;161
92;162
92;163
92;164
92;165
92;166
92;167
92;168
92;169
92;170
92;171
92;172
92;173
92;174
92;175
92;176
92;177
92;178
92;179
92;180
92;181
92;182
92;183
92;184
92;185
92;186
92;187
92;188
92;189
92;190
92;191
92;192
92;193
92;194
92;195
92;196
92;197
92;198
92;199
92;200
92;201
92;202
92;203
92;204
92;205
92;206
92;207
92;208
92;211
92;409
92;410
92;411
92;412
92;413
92;414
92;415
92;416
92;417
92;418
92;419
92;420
92;421
92;422
92;423
92;424
92;425
92;426
92;427
92;428
92;429
92;430
92;431
92;432
92;433
92;434
92;435
92;436
92;437
92;438
92;439
92;440
92;441
92;442
92;443
92;444
92;445
92;446
92;447
92;448
92;449
92;450
92;451
92;452
92;453
92;454
92;455
92;456
92;457
92;479
92;481
92;482
92;483
92;484
92;485
92;486
92;487
92;488
92;489
92;490
92;491
92;492
92;493
92;494
92;495
92;496
92;497
92;498
92;499
92;500
92;501
92;502
92;503
92;504
92;505
92;506
92;507
92;508
92;509
93;4
93;5
93;6
93;7
93;8
93;9
93;10
93;11
93;12
93;13
93;14
93;15
93;16
93;17
93;18
93;19
93;20
93;21
93;22
93;23
93;24
93;25
93;26
93;27
93;28
93;29
93;30
93;31
93;32
93;33
93;34
93;35
93;36
93;37
93;38
93;39
93;40
93;41
93;42
93;43
93;44
93;45
93;46
93;47
93;48
93;49
93;50
93;51
93;52
93;53
93;54
93;55
93;56
93;57
93;58
93;59
93;60
93;61
93;62
93;63
93;64
93;65
93;66
93;67
93;68
93;69
93;70
93;71
93;72
93;73
93;74
93;75
93;76
93;77
93;78
93;79
93;80
93;81
93;82
93;83
93;84
93;85
93;86
93;87
93;88
93;89
93;90
93;91
93;92
93;93
93;94
93;95
93;96
93;97
93;98
93;99
93;100
93;101
93;102
93;103
93;104
93;105
93;106
93;107
93;108
93;109
93;110
93;111
93;112
93;113
93;114
93;115
93;116
93;117
93;118
93;119
93;120
93;121
93;122
93;123
93;124
93;125
93;126
93;127
93;128
93;129
93;130
93;131
93;132
93;133
93;134
93;135
93;136
93;137
93;138
93;139
93;140
93;141
93;142
93;143
93;144
93;145
93;146
93;147
93;148
93;149
93;150
93;151
93;152
93;153
93;154
93;155
93;156
93;157
93;158
93;159
93;160
93;161
93;162
93;163
93;164
93;165
93;166
93;167
93;168
93;169
93;170
93;171
93;172
93;173
93;174
93;175
93;176
93;177
93;178
93;179
93;180
93;181
93;182
93;183
93;184
93;185
93;186
93;187
93;188
93;189
93;190
93;191
93;192
93;193
93;194
93;195
93;196
93;197
93;198
93;199
93;200
93;201
93;202
93;203
93;204
93;205
93;206
93;207
93;208
93;211
93;407
93;408
93;409
93;410
93;411
93;412
93;413
93;414
93;415
93;416
93;417
93;418
93;419
93;420
93;421
93;422
93;423
93;424
93;425
93;426
93;427
93;428
93;429
93;430
93;431
93;432
93;433
93;434
93;435
93;436
93;437
93;438
93;439
93;440
93;441
93;442
93;443
93;444
93;445
93;446
93;447
93;448
93;449
93;450
93;451
93;452
93;453
93;454
93;455
93;456
93;457
93;458
93;477
93;478
93;479
93;480
93;481
93;482
93;483
93;484
93;485
93;486
93;487
93;488
93;489
93;490
93;491
93;492
93;493
93;494
93;495
93;496
93;497
93;498
93;499
93;500
93;501
93;502
93;503
93;504
93;505
93;506
93;507
93;508
93;509
93;510
93;511
94;4
94;5
94;6
94;7
94;8
94;9
94;10
94;11
94;12
94;13
94;14
94;15
94;16
94;17
94;18
94;19
94;20
94;21
94;22
94;23
94;24
94;25
94;26
94;27
94;28
94;29
94;30
94;31
94;32
94;33
94;34
94;35
94;36
94;37
94;38
94;39
94;40
94;41
94;42
94;43
94;44
94;45
94;46
94;47
94;48
94;49
94;50
94;51
94;52
94;53
94;54
94;55
94;56
94;57
94;58
94;59
94;60
94;61
94;62
94;63
94;64
94;65
94;66
94;67
94;68
94;69
94;70
94;71
94;72
94;73
94;74
94;75
94;76
94;77
94;78
94;79
94;80
94;81
94;82
94;83
94;84
94;85
94;86
94;87
94;88
94;89
94;90
94;91
94;92
94;93
94;94
94;95
94;96
94;97
94;98
94;99
94;100
94;101
94;102
94;103
94;104
94;105
94;106
94;107
94;108
94;109
94;110
94;111
94;112
94;113
94;114
94;115
94;116
94;117
94;118
94;119
94;120
94;121
94;122
94;123
94;124
94;125
94;126
94;127
94;128
94;129
94;130
94;131
94;132
94;133
94;134
94;135
94;136
94;137
94;138
94;139
94;140
94;141
94;142
94;143
94;144
94;145
94;146
94;147
94;148
94;149
94;150
94;151
94;152
94;153
94;154
94;155
94;156
94;157
94;158
94;159
94;160
94;161
94;162
94;163
94;164
94;165
94;166
94;167
94;168
94;169
94;170
94;171
94;172
94;173
94;174
94;175
94;176
94;177
94;178
94;179
94;180
94;181
94;182
94;183
94;184
94;185
94;186
94;187
94;188
94;189
94;190
94;191
94;192
94;193
94;194
94;195
94;196
94;197
94;198
94;199
94;200
94;201
94;202
94;203
94;204
94;205
94;206
94;207
94;208
94;209
94;210
94;211
94;212
94;213
94;406
94;407
94;408
94;409
94;410
94;411
94;412
94;413
94;414
94;415
94;416
94;417
94;418
94;419
94;420
94;421
94;422
94;423
94;424
94;425
94;426
94;427
94;428
94;429
94;430
94;431
94;432
94;433
94;434
94;435
94;436
94;437
94;438
94;439
94;440
94;441
94;442
94;443
94;444
94;445
94;446
94;447
94;448
94;449
94;450
94;451
94;452
94;453
94;454
94;455
94;456
94;457
94;458
94;475
94;476
94;477
94;478
94;479
94;480
94;481
94;482
94;483
94;484
94;485
94;486
94;487
94;488
94;489
94;490
94;491
94;492
94;493
94;494
94;495
94;496
94;497
94;498
94;499
94;500
94;501
94;502
94;503
94;504
94;505
94;506
94;507
94;508
94;509
94;510
94;511
94;512
94;513
95;3
95;4
95;5
95;6
95;7
95;8
95;9
95;10
95;11
95;12
95;13
95;14
95;15
95;16
95;17
95;18
95;19
95;20
95;21
95;22
95;23
95;24
95;25
95;26
95;27
95;28
95;29
95;30
95;31
95;32
95;33
95;34
95;35
95;36
95;37
95;38
95;39
95;40
95;41
95;42
95;43
95;44
95;45
95;46
95;47
95;48
95;49
95;50
95;51
95;52
95;53
95;54
95;55
95;56
95;57
95;58
95;59
95;60
95;61
95;62
95;63
95;64
95;65
95;66
95;67
95;68
95;69
95;70
95;71
95;72
95;73
95;74
95;75
95;76
95;77
95;78
95;79
95;80
95;81
95;82
95;83
95;84
95;85
95;86
95;87
95;88
95;89
95;90
95;91
95;92
95;93
95;94
95;95
95;96
95;97
95;98
95;99
95;100
95;101
95;102
95;103
95;104
95;105
95;106
95;107
95;108
95;109
95;110
95;111
95;112
95;113
95;114
95;115
95;116
95;117
95;118
95;119
95;120
95;121
95;122
95;123
95;124
95;125
95;126
95;127
95;128
95;129
95;130
95;131
95;132
95;133
95;134
95;135
95;136
95;137
95;138
95;139
95;140
95;141
95;142
95;143
95;144
95;145
95;146
95;147
95;148
95;149
95;150
95;151
95;152
95;153
95;154
95;155
95;156
95;157
95;158
95;159
95;160
95;161
95;162
95;163
95;164
95;165
95;166
95;167
95;168
95;169
95;170
95;171
95;172
95;173
95;174
95;175
95;176
95;177
95;178
95;179
95;180
95;181
95;182
95;183
95;184
95;185
95;186
95;187
95;188
95;189
95;190
95;191
95;192
95;193
95;194
95;195
95;196
95;197
95;198
95;199
95;200
95;201
95;202
95;203
95;204
95;205
95;206
95;207
95;208
95;209
95;210
95;211
95;212
95;213
95;405
95;406
95;407
95;408
95;409
95;410
95;411
95;412
95;413
95;414
95;415
95;416
95;417
95;418
95;419
95;420
95;421
95;422
95;423
95;424
95;425
95;426
95;427
95;428
95;429
95;430
95;431
95;432
95;433
95;434
95;435
95;436
95;437
95;438
95;439
95;440
95;441
95;442
95;443
95;444
95;445
95;446
95;447
95;448
95;449
95;450
95;451
95;452
95;453
95;454
95;455
95;456
95;457
95;458
95;459
95;475
95;476
95;477
95;478
95;479
95;480
95;481
95;482
95;483
95;484
95;485
95;486
95;487
95;488
95;489
95;490
95;491
95;492
95;493
95;494
95;495
95;496
95;497
95;498
95;499
95;500
95;501
95;502
95;503
95;504
95;505
95;506
95;507
95;508
95;509
95;510
95;511
95;512
95;513
95;514
95;515
96;3
96;4
96;5
96;6
96;7
96;8
96;9
96;10
96;11
96;12
96;13
96;14
96;15
96;16
96;17
96;18
96;19
96;20
96;21
96;22
96;23
96;24
96;25
96;26
96;27
96;28
96;29
96;30
96;31
96;32
96;33
96;34
96;35
96;36
96;37
96;38
96;39
96;40
96;41
96;42
96;43
96;44
96;45
96;46
96;47
96;48
96;49
96;50
96;51
96;52
96;53
96;54
96;55
96;56
96;57
96;58
96;59
96;60
96;61
96;62
96;63
96;64
96;65
96;66
96;67
96;68
96;69
96;70
96;71
96;72
96;73
96;74
96;75
96;76
96;77
96;78
96;79
96;80
96;81
96;82
96;83
96;84
96;85
96;86
96;87
96;88
96;89
96;90
96;91
96;92
96;93
96;94
96;95
96;96
96;97
96;98
96;99
96;100
96;101
96;102
96;103
96;104
96;105
96;106
96;107
96;108
96;109
96;110
96;111
96;112
96;113
96;114
96;115
96;116
96;117
96;118
96;119
96;120
96;121
96;122
96;123
96;124
96;125
96;126
96;127
96;128
96;129
96;130
96;131
96;132
96;133
96;134
96;135
96;136
96;137
96;138
96;139
96;140
96;141
96;142
96;143
96;144
96;145
96;146
96;147
96;148
96;149
96;150
96;151
96;152
96;153
96;154
96;155
96;156
96;157
96;158
96;159
96;160
96;161
96;162
96;163
96;164
96;165
96;166
96;167
96;168
96;169
96;170
96;171
96;172
96;173
96;174
96;175
96;176
96;177
96;178
96;179
96;180
96;181
96;182
96;183
96;184
96;185
96;186
96;187
96;188
96;189
96;190
96;191
96;192
96;193
96;194
96;195
96;196
96;197
96;198
96;199
96;200
96;201
96;202
96;203
96;204
96;205
96;206
96;207
96;208
96;209
96;210
96;211
96;212
96;213
96;214
96;215
96;404
96;405
96;406
96;407
96;408
96;409
96;410
96;411
96;412
96;413
96;414
96;415
96;416
96;417
96;418
96;419
96;420
96;421
96;422
96;423
96;424
96;425
96;426
96;427
96;428
96;429
96;430
96;431
96;432
96;433
96;434
96;435
96;436
96;437
96;438
96;439
96;440
96;441
96;442
96;443
96;444
96;445
96;446
96;447
96;448
96;449
96;450
96;451
96;452
96;453
96;454
96;455
96;456
96;457
96;458
96;459
96;473
96;474
96;475
96;476
96;477
96;478
96;479
96;480
96;481
96;482
96;483
96;484
96;485
96;486
96;487
96;488
96;489
96;490
96;491
96;492
96;493
96;494
96;495
96;496
96;497
96;498
96;499
96;500
96;501
96;502
96;503
96;504
96;505
96;506
96;507
96;508
96;509
96;510
96;511
96;512
96;513
96;514
96;515
97;3
97;4
97;5
97;6
97;7
97;8
97;9
97;10
97;11
97;12
97;13
97;14
97;15
97;16
97;17
97;18
97;19
97;20
97;21
97;22
97;23
97;24
97;25
97;26
97;27
97;28
97;29
97;30
97;31
97;32
97;33
97;34
97;35
97;36
97;37
97;38
97;39
97;40
97;41
97;42
97;43
97;44
97;45
97;46
97;47
97;48
97;49
97;50
97;51
97;52
97;53
97;54
97;55
97;56
97;57
97;58
97;59
97;60
97;61
97;62
97;63
97;64
97;65
97;66
97;67
97;68
97;69
97;70
97;71
97;72
97;73
97;74
97;75
97;76
97;77
97;78
97;79
97;80
97;81
97;82
97;83
97;84
97;85
97;86
97;87
97;88
97;89
97;90
97;91
97;92
97;93
97;94
97;95
97;96
97;97
97;98
97;99
97;100
97;101
97;102
97;103
97;104
97;105
97;106
97;107
97;108
97;109
97;110
97;111
97;112
97;113
97;114
97;115
97;116
97;117
97;118
97;119
97;120
97;121
97;122
97;123
97;124
97;125
97;126
97;127
97;128
97;129
97;130
97;131
97;132
97;133
97;134
97;135
97;136
97;137
97;138
97;139
97;140
97;141
97;142
97;143
97;144
97;145
97;146
97;147
97;148
97;149
97;150
97;151
97;152
97;153
97;154
97;155
97;156
97;157
97;158
97;159
97;160
97;161
97;162
97;163
97;164
97;165
97;166
97;167
97;168
97;169
97;170
97;171
97;172
97;173
97;174
97;175
97;176
97;177
97;178
97;179
97;180
97;181
97;182
97;183
97;184
97;185
97;186
97;187
97;188
97;189
97;190
97;191
97;192
97;193
97;194
97;195
97;196
97;197
97;198
97;199
97;200
97;201
97;202
97;203
97;204
97;205
97;206
97;207
97;208
97;209
97;210
97;211
97;212
97;213
97;214
97;215
97;403
97;404
97;405
97;406
97;407
97;408
97;409
97;410
97;411
97;412
97;413
97;414
97;415
97;416
97;417
97;418
97;419
97;420
97;421
97;422
97;423
97;424
97;425
97;426
97;427
97;428
97;429
97;430
97;431
97;432
97;433
97;434
97;435
97;436
97;437
97;438
97;439
97;440
97;441
97;442
97;443
97;444
97;445
97;446
97;447
97;448
97;449
97;450
97;451
97;452
97;453
97;454
97;455
97;456
97;457
97;458
97;459
97;471
97;472
97;473
97;474
97;475
97;476
97;477
97;478
97;479
97;480
97;481
97;482
97;483
97;484
97;485
97;486
97;487
97;488
97;489
97;490
97;491
97;492
97;493
97;494
97;495
97;496
97;497
97;498
97;499
97;500
97;501
97;502
97;503
97;504
97;505
97;506
97;507
97;508
97;509
97;510
97;511
97;512
97;513
97;514
97;515
97;516
97;517
98;3
98;4
98;5
98;6
98;7
98;8
98;9
98;10
98;11
98;12
98;13
98;14
98;15
98;16
98;17
98;18
98;19
98;20
98;21
98;22
98;23
98;24
98;25
98;26
98;27
98;28
98;29
98;30
98;31
98;32
98;33
98;34
98;35
98;36
98;37
98;38
98;39
98;40
98;41
98;42
98;43
98;44
98;45
98;46
98;47
98;48
98;49
98;50
98;51
98;52
98;53
98;54
98;55
98;56
98;57
98;58
98;59
98;60
98;61
98;62
98;63
98;64
98;65
98;66
98;67
98;68
98;69
98;70
98;71
98;72
98;73
98;74
98;75
98;76
98;77
98;78
98;79
98;80
98;81
98;82
98;83
98;84
98;85
98;86
98;87
98;88
98;89
98;90
98;91
98;92
98;93
98;94
98;95
98;96
98;97
98;98
98;99
98;100
98;101
98;102
98;103
98;104
98;105
98;106
98;107
98;108
98;109
98;110
98;111
98;112
98;113
98;114
98;115
98;116
98;117
98;118
98;119
98;120
98;121
98;122
98;123
98;124
98;125
98;126
98;127
98;128
98;129
98;130
98;131
98;132
98;133
98;134
98;135
98;136
98;137
98;138
98;139
98;140
98;141
98;142
98;143
98;144
98;145
98;146
98;147
98;148
98;149
98;150
98;151
98;152
98;153
98;154
98;155
98;156
98;157
98;158
98;159
98;160
98;161
98;162
98;163
98;164
98;165
98;166
98;167
98;168
98;169
98;170
98;171
98;172
98;173
98;174
98;175
98;176
98;177
98;178
98;179
98;180
98;181
98;182
98;183
98;184
98;185
98;186
98;187
98;188
98;189
98;190
98;191
98;192
98;193
98;194
98;195
98;196
98;197
98;198
98;199
98;200
98;201
98;202
98;203
98;204
98;205
98;206
98;207
98;208
98;209
98;210
98;211
98;212
98;213
98;214
98;215
98;216
98;217
98;402
98;403
98;404
98;405
98;406
98;407
98;408
98;409
98;410
98;411
98;412
98;413
98;414
98;415
98;416
98;417
98;418
98;419
98;420
98;421
98;422
98;423
98;424
98;425
98;426
98;427
98;428
98;429
98;430
98;431
98;432
98;433
98;434
98;435
98;436
98;437
98;438
98;439
98;440
98;441
98;442
98;443
98;444
98;445
98;446
98;447
98;448
98;449
98;450
98;451
98;452
98;453
98;454
98;455
98;456
98;457
98;458
98;459
98;460
98;471
98;472
98;473
98;474
98;475
98;476
98;477
98;478
98;479
98;480
98;481
98;482
98;483
98;484
98;485
98;486
98;487
98;488
98;489
98;490
98;491
98;492
98;493
98;494
98;495
98;496
98;497
98;498
98;499
98;500
98;501
98;502
98;503
98;504
98;505
98;506
98;507
98;508
98;509
98;510
98;511
98;512
98;513
98;514
98;515
98;516
98;517
98;518
99;3
99;4
99;5
99;6
99;7
99;8
99;9
99;10
99;11
99;12
99;13
99;14
99;15
99;16
99;17
99;18
99;19
99;20
99;21
99;22
99;23
99;24
99;25
99;26
99;27
99;28
99;29
99;30
99;31
99;32
99;33
99;34
99;35
99;36
99;37
99;38
99;39
99;40
99;41
99;42
99;43
99;44
99;45
99;46
99;47
99;48
99;49
99;50
99;51
99;52
99;53
99;54
99;55
99;56
99;57
99;58
99;59
99;60
99;61
99;62
99;63
99;64
99;65
99;66
99;67
99;68
99;69
99;70
99;71
99;72
99;73
99;74
99;75
99;76
99;77
99;78
99;79
99;80
99;81
99;82
99;83
99;84
99;85
99;88
99;89
99;90
99;91
99;92
99;93
99;94
99;95
99;96
99;97
99;98
99;99
99;100
99;101
99;102
99;103
99;104
99;105
99;106
99;107
99;108
99;109
99;110
99;111
99;112
99;113
99;114
99;115
99;116
99;117
99;118
99;119
99;120
99;121
99;122
99;123
99;124
99;125
99;126
99;127
99;128
99;129
99;130
99;131
99;132
99;133
99;134
99;135
99;136
99;137
99;138
99;139
99;140
99;141
99;142
99;143
99;144
99;145
99;146
99;147
99;148
99;149
99;150
99;151
99;152
99;153
99;154
99;155
99;156
99;157
99;158
99;159
99;160
99;161
99;162
99;163
99;164
99;165
99;166
99;167
99;168
99;169
99;170
99;171
99;172
99;173
99;174
99;175
99;176
99;177
99;178
99;179
99;180
99;181
99;182
99;183
99;184
99;185
99;186
99;187
99;188
99;189
99;190
99;191
99;192
99;193
99;194
99;195
99;196
99;197
99;198
99;199
99;200
99;201
99;202
99;203
99;204
99;205
99;206
99;207
99;208
99;209
99;210
99;211
99;212
99;213
99;214
99;215
99;216
99;217
99;401
99;402
99;403
99;404
99;405
99;406
99;407
99;408
99;409
99;410
99;411
99;412
99;413
99;414
99;415
99;416
99;417
99;418
99;419
99;420
99;421
99;422
99;423
99;424
99;425
99;426
99;427
99;428
99;429
99;430
99;431
99;432
99;433
99;434
99;435
99;436
99;437
99;438
99;439
99;440
99;441
99;442
99;443
99;444
99;445
99;446
99;447
99;448
99;449
99;450
99;451
99;452
99;453
99;454
99;455
99;456
99;457
99;458
99;459
99;460
99;469
99;470
99;471
99;472
99;473
99;474
99;475
99;476
99;477
99;478
99;479
99;480
99;481
99;482
99;483
99;484
99;485
99;486
99;487
99;488
99;489
99;490
99;491
99;492
99;493
99;494
99;495
99;496
99;497
99;498
99;499
99;500
99;501
99;502
99;503
99;504
99;505
99;506
99;507
99;508
99;509
99;510
99;511
99;512
99;513
99;514
99;515
99;516
99;517
99;518
99;519
100;3
100;4
100;5
100;6
100;7
100;8
100;9
100;10
100;11
100;12
100;13
100;14
100;15
100;16
100;17
100;18
100;19
100;20
100;21
100;22
100;23
100;24
100;25
100;26
100;27
100;28
100;29
100;30
100;31
100;32
100;33
100;34
100;35
100;36
100;37
100;38
100;39
100;40
100;41
100;42
100;43
100;44
100;45
100;46
100;47
100;48
100;49
100;50
100;51
100;52
100;53
100;54
100;55
100;56
100;57
100;58
100;59
100;60
100;61
100;62
100;63
100;64
100;65
100;66
100;67
100;68
100;69
100;70
100;71
100;72
100;73
100;74
100;75
100;76
100;77
100;78
100;79
100;80
100;81
100;82
100;83
100;84
100;85
100;90
100;91
100;92
100;93
100;94
100;95
100;96
100;97
100;98
100;99
100;100
100;101
100;102
100;103
100;104
100;105
100;106
100;107
100;108
100;109
100;110
100;111
100;112
100;113
100;114
100;115
100;116
100;117
100;118
100;119
100;120
100;121
100;122
100;123
100;124
100;125
100;126
100;127
100;128
100;129
100;130
100;131
100;132
100;133
100;134
100;135
100;136
100;137
100;138
100;139
100;140
100;141
100;142
100;143
100;144
100;145
100;146
100;147
100;148
100;149
100;150
100;151
100;152
100;153
100;154
100;155
100;156
100;157
100;158
100;159
100;160
100;161
100;162
100;163
100;164
100;165
100;166
100;167
100;168
100;169
100;170
100;171
100;172
100;173
100;174
100;175
100;176
100;177
100;178
100;179
100;180
100;181
100;182
100;183
100;184
100;185
100;186
100;187
100;188
100;189
100;190
100;191
100;192
100;193
100;194
100;195
100;196
100;197
100;198
100;199
100;200
100;201
100;202
100;203
100;204
100;205
100;206
100;207
100;208
100;209
100;210
100;211
100;212
100;213
100;214
100;215
100;216
100;217
100;218
100;219
100;400
100;401
100;402
100;403
100;404
100;405
100;406
100;407
100;408
100;409
100;410
100;411
100;412
100;413
100;414
100;415
100;416
100;417
100;418
100;419
100;420
100;421
100;422
100;423
100;424
100;425
100;426
100;427
100;428
100;429
100;430
100;431
100;432
100;433
100;434
100;435
100;436
100;437
100;438
100;439
100;440
100;441
100;442
100;443
100;444
100;445
100;446
100;447
100;448
100;449
100;450
100;451
100;452
100;453
100;454
100;455
100;456
100;457
100;458
100;459
100;460
100;469
100;470
100;471
100;472
100;473
100;474
100;475
100;476
100;477
100;478
100;479
100;480
100;481
100;482
100;483
100;484
100;485
100;486
100;487
100;488
100;489
100;490
100;491
100;492
100;493
100;494
100;495
100;496
100;497
100;498
100;499
100;500
100;501
100;502
100;503
100;504
100;505
100;506
100;507
100;508
100;509
100;510
100;511
100;512
100;513
100;514
100;515
100;516
100;517
100;518
100;519
100;520
101;3
101;4
101;5
101;6
101;7
101;8
101;9
101;10
101;11
101;12
101;13
101;14
101;15
101;16
101;17
101;18
101;19
101;20
101;21
101;22
101;23
101;24
101;25
101;26
101;27
101;28
101;29
101;30
101;31
101;32
101;33
101;34
101;35
101;36
101;37
101;38
101;39
101;40
101;41
101;42
101;43
101;44
101;45
101;46
101;47
101;48
101;49
101;50
101;51
101;52
101;53
101;54
101;55
101;56
101;57
101;58
101;59
101;60
101;61
101;62
101;63
101;64
101;65
101;66
101;67
101;68
101;69
101;70
101;71
101;72
101;73
101;74
101;75
101;76
101;77
101;78
101;79
101;80
101;81
101;82
101;83
101;84
101;85
101;92
101;93
101;94
101;95
101;96
101;97
101;98
101;99
101;100
101;101
101;102
101;103
101;104
101;105
101;106
101;107
101;108
101;109
101;110
101;111
101;112
101;113
101;114
101;115
101;116
101;117
101;118
101;119
101;120
101;121
101;122
101;123
101;124
101;125
101;126
101;127
101;128
101;129
101;130
101;131
101;132
101;133
101;134
101;135
101;136
101;137
101;138
101;139
101;140
101;141
101;142
101;143
101;144
101;145
101;146
101;147
101;148
101;149
101;150
101;151
101;152
101;153
101;154
101;155
101;156
101;157
101;158
101;159
101;160
101;161
101;162
101;163
101;164
101;165
101;166
101;167
101;168
101;169
101;170
101;171
101;172
101;173
101;174
101;175
101;176
101;177
101;178
101;179
101;180
101;181
101;182
101;183
101;184
101;185
101;186
101;187
101;188
101;189
101;190
101;191
101;192
101;193
101;194
101;195
101;196
101;197
101;198
101;199
101;200
101;201
101;202
101;203
101;204
101;205
101;206
101;207
101;208
101;209
101;210
101;211
101;212
101;213
101;214
101;215
101;216
101;217
101;218
101;219
101;399
101;400
101;401
101;402
101;403
101;404
101;405
101;406
101;407
101;408
101;409
101;410
101;411
101;412
101;413
101;414
101;415
101;416
101;417
101;418
101;419
101;420
101;421
101;422
101;423
101;424
101;425
101;426
101;427
101;428
101;429
101;430
101;431
101;432
101;433
101;434
101;435
101;436
101;437
101;438
101;439
101;440
101;441
101;442
101;443
101;444
101;445
101;446
101;447
101;448
101;449
101;450
101;451
101;452
101;453
101;454
101;455
101;456
101;457
101;458
101;459
101;460
101;461
101;467
101;468
101;469
101;470
101;471
101;472
101;473
101;474
101;475
101;476
101;477
101;478
101;479
101;480
101;481
101;482
101;483
101;484
101;485
101;486
101;487
101;488
101;489
101;490
101;491
101;492
101;493
101;494
101;495
101;496
101;497
101;498
101;499
101;500
101;501
101;502
101;503
101;504
101;505
101;506
101;507
101;508
101;509
101;510
101;511
101;512
101;513
101;514
101;515
101;516
101;517
101;518
101;519
101;520
101;521
102;3
102;4
102;5
102;6
102;7
102;8
102;9
102;10
102;11
102;12
102;13
102;14
102;15
102;16
102;17
102;18
102;19
102;20
102;21
102;22
102;23
102;24
102;25
102;26
102;27
102;28
102;29
102;30
102;31
102;32
102;33
102;34
102;35
102;36
102;37
102;38
102;39
102;40
102;41
102;42
102;43
102;44
102;45
102;46
102;47
102;48
102;49
102;50
102;51
102;52
102;53
102;54
102;55
102;56
102;57
102;58
102;59
102;60
102;61
102;62
102;63
102;64
102;65
102;66
102;67
102;68
102;69
102;70
102;71
102;72
102;73
102;74
102;75
102;76
102;77
102;78
102;79
102;80
102;81
102;82
102;83
102;84
102;85
102;86
102;94
102;95
102;96
102;97
102;98
102;99
102;100
102;101
102;102
102;103
102;104
102;105
102;106
102;107
102;108
102;109
102;110
102;111
102;112
102;113
102;114
102;115
102;116
102;117
102;118
102;119
102;120
102;121
102;122
102;123
102;124
102;125
102;126
102;127
102;128
102;129
102;130
102;131
102;132
102;133
102;134
102;135
102;136
102;137
102;138
102;139
102;140
102;141
102;142
102;143
102;144
102;145
102;146
102;147
102;148
102;149
102;150
102;151
102;152
102;153
102;154
102;155
102;156
102;157
102;158
102;159
102;160
102;161
102;162
102;163
102;164
102;165
102;166
102;167
102;168
102;169
102;170
102;171
102;172
102;173
102;174
102;175
102;176
102;177
102;178
102;179
102;180
102;181
102;182
102;183
102;184
102;185
102;186
102;187
102;188
102;189
102;190
102;191
102;192
102;193
102;194
102;195
102;196
102;197
102;198
102;199
102;200
102;201
102;202
102;203
102;204
102;205
102;206
102;207
102;208
102;209
102;210
102;211
102;212
102;213
102;214
102;215
102;216
102;217
102;218
102;219
102;220
102;221
102;398
102;399
102;400
102;401
102;402
102;403
102;404
102;405
102;406
102;407
102;408
102;409
102;410
102;411
102;412
102;413
102;414
102;415
102;416
102;417
102;418
102;419
102;420
102;421
102;422
102;423
102;424
102;425
102;426
102;427
102;428
102;429
102;430
102;431
102;432
102;433
102;434
102;435
102;436
102;437
102;438
102;439
102;440
102;441
102;442
102;443
102;444
102;445
102;446
102;447
102;448
102;449
102;450
102;451
102;452
102;453
102;454
102;455
102;456
102;457
102;458
102;459
102;460
102;461
102;467
102;468
102;469
102;470
102;471
102;472
102;473
102;474
102;475
102;476
102;477
102;478
102;479
102;480
102;481
102;482
102;483
102;484
102;485
102;486
102;487
102;488
102;489
102;490
102;491
102;492
102;493
102;494
102;495
102;496
102;497
102;498
102;499
102;500
102;501
102;502
102;503
102;504
102;505
102;506
102;507
102;508
102;509
102;510
102;511
102;512
102;513
102;514
102;515
102;516
102;517
102;518
102;519
102;520
102;521
102;522
103;3
103;4
103;5
103;6
103;7
103;8
103;9
103;10
103;11
103;12
103;13
103;14
103;15
103;16
103;17
103;18
103;19
103;20
103;21
103;22
103;23
103;24
103;25
103;26
103;27
103;28
103;29
103;30
103;31
103;32
103;33
103;34
103;35
103;36
103;37
103;38
103;39
103;40
103;41
103;42
103;43
103;44
103;45
103;46
103;47
103;48
103;49
103;50
103;51
103;52
103;53
103;54
103;55
103;56
103;57
103;58
103;59
103;60
103;61
103;62
103;63
103;64
103;65
103;66
103;67
103;68
103;69
103;70
103;71
103;72
103;73
103;74
103;75
103;76
103;77
103;78
103;79
103;80
103;81
103;82
103;83
103;84
103;85
103;86
103;95
103;96
103;97
103;98
103;99
103;100
103;101
103;102
103;103
103;104
103;105
103;106
103;107
103;108
103;109
103;110
103;111
103;112
103;113
103;114
103;115
103;116
103;117
103;118
103;119
103;120
103;121
103;122
103;123
103;124
103;125
103;126
103;127
103;128
103;129
103;130
103;131
103;132
103;133
103;134
103;135
103;136
103;137
103;138
103;139
103;140
103;141
103;142
103;143
103;144
103;145
103;146
103;147
103;148
103;149
103;150
103;151
103;152
103;153
103;154
103;155
103;156
103;157
103;158
103;159
103;160
103;161
103;162
103;163
103;164
103;165
103;166
103;167
103;168
103;169
103;170
103;171
103;172
103;173
103;174
103;175
103;176
103;177
103;178
103;179
103;180
103;181
103;182
103;183
103;184
103;185
103;186
103;187
103;188
103;189
103;190
103;191
103;192
103;193
103;194
103;195
103;196
103;197
103;198
103;199
103;200
103;201
103;202
103;203
103;204
103;205
103;206
103;207
103;208
103;209
103;210
103;211
103;212
103;213
103;214
103;215
103;216
103;217
103;218
103;219
103;220
103;221
103;397
103;398
103;399
103;400
103;401
103;402
103;403
103;404
103;405
103;406
103;407
103;408
103;409
103;410
103;411
103;412
103;413
103;414
103;415
103;416
103;417
103;418
103;419
103;420
103;421
103;422
103;423
103;424
103;425
103;426
103;427
103;428
103;429
103;430
103;431
103;432
103;433
103;434
103;435
103;436
103;437
103;438
103;439
103;440
103;441
103;442
103;443
103;444
103;445
103;446
103;447
103;448
103;449
103;450
103;451
103;452
103;453
103;454
103;455
103;456
103;457
103;458
103;459
103;460
103;461
103;466
103;467
103;468
103;469
103;470
103;471
103;472
103;473
103;474
103;475
103;476
103;477
103;478
103;479
103;480
103;481
103;482
103;483
103;484
103;485
103;486
103;487
103;488
103;489
103;490
103;491
103;492
103;493
103;494
103;495
103;496
103;497
103;498
103;499
103;500
103;501
103;502
103;503
103;504
103;505
103;506
103;507
103;508
103;509
103;510
103;511
103;512
103;513
103;514
103;515
103;516
103;517
103;518
103;519
103;520
103;521
103;522
103;523
104;3
104;4
104;5
104;6
104;7
104;8
104;9
104;10
104;11
104;12
104;13
104;14
104;15
104;16
104;17
104;18
104;19
104;20
104;21
104;22
104;23
104;24
104;25
104;26
104;27
104;28
104;29
104;30
104;31
104;32
104;33
104;34
104;35
104;36
104;37
104;38
104;39
104;40
104;41
104;42
104;43
104;44
104;45
104;46
104;47
104;48
104;49
104;50
104;51
104;52
104;53
104;54
104;55
104;56
104;57
104;58
104;59
104;60
104;61
104;62
104;63
104;64
104;65
104;66
104;67
104;68
104;69
104;70
104;71
104;72
104;73
104;74
104;75
104;76
104;77
104;78
104;79
104;80
104;81
104;82
104;83
104;84
104;85
104;86
104;96
104;97
104;98
104;99
104;100
104;101
104;102
104;103
104;104
104;105
104;106
104;107
104;108
104;109
104;110
104;111
104;112
104;113
104;114
104;115
104;116
104;117
104;118
104;119
104;120
104;121
104;122
104;123
104;124
104;125
104;126
104;127
104;128
104;129
104;130
104;131
104;132
104;133
104;134
104;135
104;136
104;137
104;138
104;139
104;140
104;141
104;142
104;143
104;144
104;145
104;146
104;147
104;148
104;149
104;150
104;151
104;152
104;153
104;154
104;155
104;156
104;157
104;158
104;159
104;160
104;161
104;162
104;163
104;164
104;165
104;166
104;167
104;168
104;169
104;170
104;171
104;172
104;173
104;174
104;175
104;176
104;177
104;178
104;179
104;180
104;181
104;182
104;183
104;184
104;185
104;186
104;187
104;188
104;189
104;190
104;191
104;192
104;193
104;194
104;195
104;196
104;197
104;198
104;199
104;200
104;201
104;202
104;203
104;204
104;205
104;206
104;207
104;208
104;209
104;210
104;211
104;212
104;213
104;214
104;215
104;216
104;217
104;218
104;219
104;220
104;221
104;222
104;223
104;395
104;396
104;397
104;398
104;399
104;400
104;401
104;402
104;403
104;404
104;405
104;406
104;407
104;408
104;409
104;410
104;411
104;412
104;413
104;414
104;415
104;416
104;417
104;418
104;419
104;420
104;421
104;422
104;423
104;424
104;425
104;426
104;427
104;428
104;429
104;430
104;431
104;432
104;433
104;434
104;435
104;436
104;437
104;438
104;439
104;440
104;441
104;442
104;443
104;444
104;445
104;446
104;447
104;448
104;449
104;450
104;451
104;452
104;453
104;454
104;455
104;456
104;457
104;458
104;459
104;460
104;461
104;462
104;465
104;466
104;467
104;468
104;469
104;470
104;471
104;472
104;473
104;474
104;475
104;476
104;477
104;478
104;479
104;480
104;481
104;482
104;483
104;484
104;485
104;486
104;487
104;488
104;489
104;490
104;491
104;492
104;493
104;494
104;495
104;496
104;497
104;498
104;499
104;500
104;501
104;502
104;503
104;504
104;505
104;506
104;507
104;508
104;509
104;510
104;511
104;512
104;513
104;514
104;515
104;516
104;517
104;518
104;519
104;520
104;521
104;522
104;523
105;3
105;4
105;5
105;6
105;7
105;8
105;9
105;10
105;11
105;12
105;13
105;14
105;15
105;16
105;17
105;18
105;19
105;20
105;21
105;22
105;23
105;24
105;25
105;26
105;27
105;28
105;29
105;30
105;31
105;32
105;33
105;34
105;35
105;36
105;37
105;38
105;39
105;40
105;41
105;42
105;43
105;44
105;45
105;46
105;47
105;48
105;49
105;50
105;51
105;52
105;53
105;54
105;55
105;56
105;57
105;58
105;59
105;60
105;61
105;62
105;63
105;64
105;65
105;66
105;67
105;68
105;69
105;70
105;71
105;72
105;73
105;74
105;75
105;76
105;77
105;78
105;79
105;80
105;81
105;82
105;83
105;84
105;85
105;98
105;99
105;100
105;101
105;102
105;103
105;104
105;105
105;106
105;107
105;108
105;109
105;110
105;111
105;112
105;113
105;114
105;115
105;116
105;117
105;118
105;119
105;120
105;121
105;122
105;123
105;124
105;125
105;126
105;127
105;128
105;129
105;130
105;131
105;132
105;133
105;134
105;135
105;136
105;137
105;138
105;139
105;140
105;141
105;142
105;143
105;144
105;145
105;146
105;147
105;148
105;149
105;150
105;151
105;152
105;153
105;154
105;155
105;156
105;157
105;158
105;159
105;160
105;161
105;162
105;163
105;164
105;165
105;166
105;167
105;168
105;169
105;170
105;171
105;172
105;173
105;174
105;175
105;176
105;177
105;178
105;179
105;180
105;181
105;182
105;183
105;184
105;185
105;186
105;187
105;188
105;189
105;190
105;191
105;192
105;193
105;194
105;195
105;196
105;197
105;198
105;199
105;200
105;201
105;202
105;203
105;204
105;205
105;206
105;207
105;208
105;209
105;210
105;211
105;212
105;213
105;214
105;215
105;216
105;217
105;218
105;219
105;220
105;221
105;222
105;223
105;395
105;396
105;397
105;398
105;399
105;400
105;401
105;402
105;403
105;404
105;405
105;406
105;407
105;408
105;409
105;410
105;411
105;412
105;413
105;414
105;415
105;416
105;417
105;418
105;419
105;420
105;421
105;422
105;423
105;424
105;425
105;426
105;427
105;428
105;429
105;430
105;431
105;432
105;433
105;434
105;435
105;436
105;437
105;438
105;439
105;440
105;441
105;442
105;443
105;444
105;445
105;446
105;447
105;448
105;449
105;450
105;451
105;452
105;453
105;454
105;455
105;456
105;457
105;458
105;459
105;460
105;461
105;462
105;465
105;466
105;467
105;468
105;469
105;470
105;471
105;472
105;473
105;474
105;475
105;476
105;477
105;478
105;479
105;480
105;481
105;482
105;483
105;484
105;485
105;486
105;487
105;488
105;489
105;490
105;491
105;492
105;493
105;494
105;495
105;496
105;497
105;498
105;499
105;500
105;501
105;502
105;503
105;504
105;505
105;506
105;507
105;508
105;509
105;510
105;511
105;512
105;513
105;514
105;515
105;516
105;517
105;518
105;519
105;520
105;521
105;522
105;523
105;524
106;3
106;4
106;5
106;6
106;7
106;8
106;9
106;10
106;11
106;12
106;13
106;14
106;15
106;16
106;17
106;18
106;19
106;20
106;21
106;22
106;23
106;24
106;25
106;26
106;27
106;28
106;29
106;30
106;31
106;32
106;33
106;34
106;35
106;36
106;37
106;38
106;39
106;40
106;41
106;42
106;43
106;44
106;45
106;46
106;47
106;48
106;49
106;50
106;51
106;52
106;53
106;54
106;55
106;56
106;57
106;58
106;59
106;60
106;61
106;62
106;63
106;64
106;65
106;66
106;67
106;68
106;69
106;70
106;71
106;72
106;73
106;74
106;75
106;76
106;77
106;78
106;79
106;80
106;81
106;82
106;83
106;84
106;85
106;100
106;101
106;102
106;103
106;104
106;105
106;106
106;107
106;108
106;109
106;110
106;111
106;112
106;113
106;114
106;115
106;116
106;117
106;118
106;119
106;120
106;121
106;122
106;123
106;124
106;125
106;126
106;127
106;128
106;129
106;130
106;131
106;132
106;133
106;134
106;135
106;136
106;137
106;138
106;139
106;140
106;141
106;142
106;143
106;144
106;145
106;146
106;147
106;148
106;149
106;150
106;151
106;152
106;153
106;154
106;155
106;156
106;157
106;158
106;159
106;160
106;161
106;162
106;163
106;164
106;165
106;166
106;167
106;168
106;169
106;170
106;171
106;172
106;173
106;174
106;175
106;176
106;177
106;178
106;179
106;180
106;181
106;182
106;183
106;184
106;185
106;186
106;187
106;188
106;189
106;190
106;191
106;192
106;193
106;194
106;195
106;196
106;197
106;198
106;199
106;200
106;201
106;202
106;203
106;204
106;205
106;206
106;207
106;208
106;209
106;210
106;211
106;212
106;213
106;214
106;215
106;216
106;217
106;218
106;219
106;220
106;221
106;222
106;223
106;224
106;225
106;393
106;394
106;395
106;396
106;397
106;398
106;399
106;400
106;401
106;402
106;403
106;404
106;405
106;406
106;407
106;408
106;409
106;410
106;411
106;412
106;413
106;414
106;415
106;416
106;417
106;418
106;419
106;420
106;421
106;422
106;423
106;424
106;425
106;426
106;427
106;428
106;429
106;430
106;431
106;432
106;433
106;434
106;435
106;436
106;437
106;438
106;439
106;440
106;441
106;442
106;443
106;444
106;445
106;446
106;447
106;448
106;449
106;450
106;451
106;452
106;453
106;454
106;455
106;456
106;457
106;458
106;459
106;460
106;461
106;462
106;463
106;464
106;465
106;466
106;467
106;468
106;469
106;470
106;471
106;472
106;473
106;474
106;475
106;476
106;477
106;478
106;479
106;480
106;481
106;482
106;483
106;484
106;485
106;486
106;487
106;488
106;489
106;490
106;491
106;492
106;493
106;494
106;495
106;496
106;497
106;498
106;499
106;500
106;501
106;502
106;503
106;504
106;505
106;506
106;507
106;508
106;509
106;510
106;511
106;512
106;513
106;514
106;515
106;516
106;517
106;518
106;519
106;520
106;521
106;522
106;523
106;524
106;525
107;3
107;4
107;5
107;6
107;7
107;8
107;9
107;10
107;11
107;12
107;13
107;14
107;15
107;16
107;17
107;18
107;19
107;20
107;21
107;22
107;23
107;24
107;25
107;26
107;27
107;28
107;29
107;30
107;31
107;32
107;33
107;34
107;35
107;36
107;37
107;38
107;39
107;40
107;41
107;42
107;43
107;44
107;45
107;46
107;47
107;48
107;49
107;50
107;51
107;52
107;53
107;54
107;55
107;56
107;57
107;58
107;59
107;60
107;61
107;62
107;63
107;64
107;65
107;66
107;67
107;68
107;69
107;70
107;71
107;72
107;73
107;74
107;75
107;76
107;77
107;78
107;79
107;80
107;81
107;82
107;83
107;84
107;85
107;102
107;103
107;104
107;105
107;106
107;107
107;108
107;109
107;110
107;111
107;112
107;113
107;114
107;115
107;116
107;117
107;118
107;119
107;120
107;121
107;122
107;123
107;124
107;125
107;126
107;127
107;128
107;129
107;130
107;131
107;132
107;133
107;134
107;135
107;136
107;137
107;138
107;139
107;140
107;141
107;142
107;143
107;144
107;145
107;146
107;147
107;148
107;149
107;150
107;151
107;152
107;153
107;154
107;155
107;156
107;157
107;158
107;159
107;160
107;161
107;162
107;163
107;164
107;165
107;166
107;167
107;168
107;169
107;170
107;171
107;172
107;173
107;174
107;175
107;176
107;177
107;178
107;179
107;180
107;181
107;182
107;183
107;184
107;185
107;186
107;187
107;188
107;189
107;190
107;191
107;192
107;193
107;194
107;195
107;196
107;197
107;198
107;199
107;200
107;201
107;202
107;203
107;204
107;205
107;206
107;207
107;208
107;209
107;210
107;211
107;212
107;213
107;214
107;215
107;216
107;217
107;218
107;219
107;220
107;221
107;222
107;223
107;224
107;225
107;393
107;394
107;395
107;396
107;397
107;398
107;399
107;400
107;401
107;402
107;403
107;404
107;405
107;406
107;407
107;408
107;409
107;410
107;411
107;412
107;413
107;414
107;415
107;416
107;417
107;418
107;419
107;420
107;421
107;422
107;423
107;424
107;425
107;426
107;427
107;428
107;429
107;430
107;431
107;432
107;433
107;434
107;435
107;436
107;437
107;438
107;439
107;440
107;441
107;442
107;443
107;444
107;445
107;446
107;447
107;448
107;449
107;450
107;451
107;452
107;453
107;454
107;455
107;456
107;457
107;458
107;459
107;460
107;461
107;462
107;463
107;464
107;465
107;466
107;467
107;468
107;469
107;470
107;471
107;472
107;473
107;474
107;475
107;476
107;477
107;478
107;479
107;480
107;481
107;482
107;483
107;484
107;485
107;486
107;487
107;488
107;489
107;490
107;491
107;492
107;493
107;494
107;495
107;496
107;497
107;498
107;499
107;500
107;501
107;502
107;503
107;504
107;505
107;506
107;507
107;508
107;509
107;510
107;511
107;512
107;513
107;514
107;515
107;516
107;517
107;518
107;519
107;520
107;521
107;522
107;523
107;524
107;525
108;3
108;4
108;5
108;6
108;7
108;8
108;9
108;10
108;11
108;12
108;13
108;14
108;15
108;16
108;17
108;18
108;19
108;20
108;21
108;22
108;23
108;24
108;25
108;26
108;27
108;28
108;29
108;30
108;31
108;32
108;33
108;34
108;35
108;36
108;37
108;38
108;39
108;40
108;41
108;42
108;43
108;44
108;45
108;46
108;47
108;48
108;49
108;50
108;51
108;52
108;53
108;54
108;55
108;56
108;57
108;58
108;59
108;60
108;61
108;62
108;63
108;64
108;65
108;66
108;67
108;68
108;69
108;70
108;71
108;72
108;73
108;74
108;75
108;76
108;77
108;78
108;79
108;80
108;81
108;82
108;83
108;84
108;85
108;102
108;103
108;104
108;105
108;106
108;107
108;108
108;109
108;110
108;111
108;112
108;113
108;114
108;115
108;116
108;117
108;118
108;119
108;120
108;121
108;122
108;123
108;124
108;125
108;126
108;127
108;128
108;129
108;130
108;131
108;132
108;133
108;134
108;135
108;136
108;137
108;138
108;139
108;140
108;141
108;142
108;143
108;144
108;145
108;146
108;147
108;148
108;149
108;150
108;151
108;152
108;153
108;154
108;155
108;156
108;157
108;158
108;159
108;160
108;161
108;162
108;163
108;164
108;165
108;166
108;167
108;168
108;169
108;170
108;171
108;172
108;173
108;174
108;175
108;176
108;177
108;178
108;179
108;180
108;181
108;182
108;183
108;184
108;185
108;186
108;187
108;188
108;189
108;190
108;191
108;192
108;193
108;194
108;195
108;196
108;197
108;198
108;199
108;200
108;201
108;202
108;203
108;204
108;205
108;206
108;207
108;208
108;209
108;210
108;211
108;212
108;213
108;214
108;215
108;216
108;217
108;218
108;219
108;220
108;221
108;222
108;223
108;224
108;225
108;226
108;227
108;391
108;392
108;393
108;394
108;395
108;396
108;397
108;398
108;399
108;400
108;401
108;402
108;403
108;404
108;405
108;406
108;407
108;408
108;409
108;410
108;411
108;412
108;413
108;414
108;415
108;416
108;417
108;418
108;419
108;420
108;421
108;422
108;423
108;424
108;425
108;426
108;427
108;428
108;429
108;430
108;431
108;432
108;433
108;434
108;435
108;436
108;437
108;438
108;439
108;440
108;441
108;442
108;443
108;444
108;445
108;446
108;447
108;448
108;449
108;450
108;451
108;452
108;453
108;454
108;455
108;456
108;457
108;458
108;459
108;460
108;461
108;462
108;463
108;464
108;465
108;466
108;467
108;468
108;469
108;470
108;471
108;472
108;473
108;474
108;475
108;476
108;477
108;478
108;479
108;480
108;481
108;482
108;483
108;484
108;485
108;486
108;487
108;488
108;489
108;490
108;491
108;492
108;493
108;494
108;495
108;496
108;497
108;498
108;499
108;500
108;501
108;502
108;503
108;504
108;505
108;506
108;507
108;508
108;509
108;510
108;511
108;512
108;513
108;514
108;515
108;516
108;517
108;518
108;519
108;520
108;521
108;522
108;523
108;524
108;525
109;3
109;4
109;5
109;6
109;7
109;8
109;9
109;10
109;11
109;12
109;13
109;14
109;15
109;16
109;17
109;18
109;19
109;20
109;21
109;22
109;23
109;24
109;25
109;26
109;27
109;28
109;29
109;30
109;31
109;32
109;33
109;34
109;35
109;36
109;37
109;38
109;39
109;40
109;41
109;42
109;43
109;44
109;45
109;46
109;47
109;48
109;49
109;50
109;51
109;52
109;53
109;54
109;55
109;56
109;57
109;58
109;59
109;60
109;61
109;62
109;63
109;64
109;65
109;66
109;67
109;68
109;69
109;70
109;71
109;72
109;73
109;74
109;75
109;76
109;77
109;78
109;79
109;80
109;81
109;82
109;83
109;84
109;85
109;101
109;102
109;103
109;104
109;105
109;106
109;107
109;108
109;109
109;110
109;111
109;112
109;113
109;114
109;115
109;116
109;117
109;118
109;119
109;120
109;121
109;122
109;123
109;124
109;125
109;126
109;127
109;128
109;129
109;130
109;131
109;132
109;133
109;134
109;135
109;136
109;137
109;138
109;139
109;140
109;141
109;142
109;143
109;144
109;145
109;146
109;147
109;148
109;149
109;150
109;151
109;152
109;153
109;154
109;155
109;156
109;157
109;158
109;159
109;160
109;161
109;162
109;163
109;164
109;165
109;166
109;167
109;168
109;169
109;170
109;171
109;172
109;173
109;174
109;175
109;176
109;177
109;178
109;179
109;180
109;181
109;182
109;183
109;184
109;185
109;186
109;187
109;188
109;189
109;190
109;191
109;192
109;193
109;194
109;195
109;196
109;197
109;198
109;199
109;200
109;201
109;202
109;203
109;204
109;205
109;206
109;207
109;208
109;209
109;210
109;211
109;212
109;213
109;214
109;215
109;216
109;217
109;218
109;219
109;220
109;221
109;222
109;223
109;224
109;225
109;226
109;227
109;391
109;392
109;393
109;394
109;395
109;396
109;397
109;398
109;399
109;400
109;401
109;402
109;403
109;404
109;405
109;406
109;407
109;408
109;409
109;410
109;411
109;412
109;413
109;414
109;415
109;416
109;417
109;418
109;419
109;420
109;421
109;422
109;423
109;424
109;425
109;426
109;427
109;428
109;429
109;430
109;431
109;432
109;433
109;434
109;435
109;436
109;437
109;438
109;439
109;440
109;441
109;442
109;443
109;444
109;445
109;446
109;447
109;448
109;449
109;450
109;451
109;452
109;453
109;454
109;455
109;456
109;457
109;458
109;459
109;460
109;461
109;462
109;463
109;464
109;465
109;466
109;467
109;468
109;469
109;470
109;471
109;472
109;473
109;474
109;475
109;476
109;477
109;478
109;479
109;480
109;481
109;482
109;483
109;484
109;485
109;486
109;487
109;488
109;489
109;490
109;491
109;492
109;493
109;494
109;495
109;496
109;497
109;498
109;499
109;500
109;501
109;502
109;503
109;504
109;505
109;506
109;507
109;508
109;509
109;510
109;511
109;512
109;513
109;514
109;515
109;516
109;517
109;518
109;519
109;520
109;521
109;522
109;523
109;524
109;525
109;526
110;3
110;4
110;5
110;6
110;7
110;8
110;9
110;10
110;11
110;12
110;13
110;14
110;15
110;16
110;17
110;18
110;19
110;20
110;21
110;22
110;23
110;24
110;25
110;26
110;27
110;28
110;29
110;30
110;31
110;32
110;33
110;34
110;35
110;36
110;37
110;38
110;39
110;40
110;41
110;42
110;43
110;44
110;45
110;46
110;47
110;48
110;49
110;50
110;51
110;52
110;53
110;54
110;55
110;56
110;57
110;58
110;59
110;60
110;61
110;62
110;63
110;64
110;65
110;66
110;67
110;68
110;69
110;70
110;71
110;72
110;73
110;74
110;75
110;76
110;77
110;78
110;79
110;80
110;81
110;82
110;83
110;84
110;85
110;99
110;100
110;101
110;102
110;103
110;104
110;105
110;106
110;107
110;108
110;109
110;110
110;111
110;112
110;113
110;114
110;115
110;116
110;117
110;118
110;119
110;120
110;121
110;122
110;123
110;124
110;125
110;126
110;127
110;128
110;129
110;130
110;131
110;132
110;133
110;134
110;135
110;136
110;137
110;138
110;139
110;140
110;141
110;142
110;143
110;144
110;145
110;146
110;147
110;148
110;149
110;150
110;151
110;152
110;153
110;154
110;155
110;156
110;157
110;158
110;159
110;160
110;161
110;162
110;163
110;164
110;165
110;166
110;167
110;168
110;169
110;170
110;171
110;172
110;173
110;174
110;175
110;176
110;177
110;178
110;179
110;180
110;181
110;182
110;183
110;184
110;185
110;186
110;187
110;188
110;189
110;190
110;191
110;192
110;193
110;194
110;195
110;196
110;197
110;198
110;199
110;200
110;201
110;202
110;203
110;204
110;205
110;206
110;207
110;208
110;209
110;210
110;211
110;212
110;213
110;214
110;215
110;216
110;217
110;218
110;219
110;220
110;221
110;222
110;223
110;224
110;225
110;226
110;227
110;228
110;229
110;389
110;390
110;391
110;392
110;393
110;394
110;395
110;396
110;397
110;398
110;399
110;400
110;401
110;402
110;403
110;404
110;405
110;406
110;407
110;408
110;409
110;410
110;411
110;412
110;413
110;414
110;415
110;416
110;417
110;418
110;419
110;420
110;421
110;422
110;423
110;424
110;425
110;426
110;427
110;428
110;429
110;430
110;431
110;432
110;433
110;434
110;435
110;436
110;437
110;438
110;439
110;440
110;441
110;442
110;443
110;444
110;445
110;446
110;447
110;448
110;449
110;450
110;451
110;452
110;453
110;454
110;455
110;456
110;457
110;458
110;459
110;460
110;461
110;462
110;463
110;464
110;465
110;466
110;467
110;468
110;469
110;470
110;471
110;472
110;473
110;474
110;475
110;476
110;477
110;478
110;479
110;480
110;481
110;482
110;483
110;484
110;485
110;486
110;487
110;488
110;489
110;490
110;491
110;492
110;493
110;494
110;495
110;496
110;497
110;498
110;499
110;500
110;501
110;502
110;503
110;504
110;505
110;506
110;507
110;508
110;509
110;510
110;511
110;512
110;513
110;514
110;515
110;516
110;517
110;518
110;519
110;520
110;521
110;522
110;523
110;524
110;525
110;526
111;4
111;5
111;6
111;7
111;8
111;9
111;10
111;11
111;12
111;13
111;14
111;15
111;16
111;17
111;18
111;19
111;20
111;21
111;22
111;23
111;24
111;25
111;26
111;27
111;28
111;29
111;30
111;31
111;32
111;33
111;34
111;35
111;36
111;37
111;38
111;39
111;40
111;41
111;42
111;43
111;44
111;45
111;46
111;47
111;48
111;49
111;50
111;51
111;52
111;53
111;54
111;55
111;56
111;57
111;58
111;59
111;60
111;61
111;62
111;63
111;64
111;65
111;66
111;67
111;68
111;69
111;70
111;71
111;72
111;73
111;74
111;75
111;76
111;77
111;78
111;79
111;80
111;81
111;82
111;83
111;84
111;97
111;98
111;99
111;100
111;101
111;102
111;103
111;104
111;105
111;106
111;107
111;108
111;109
111;110
111;111
111;112
111;113
111;114
111;115
111;116
111;117
111;118
111;119
111;120
111;121
111;122
111;123
111;124
111;125
111;126
111;127
111;128
111;129
111;130
111;131
111;132
111;133
111;134
111;135
111;136
111;137
111;138
111;139
111;140
111;141
111;142
111;143
111;144
111;145
111;146
111;147
111;148
111;149
111;150
111;151
111;152
111;153
111;154
111;155
111;156
111;157
111;158
111;159
111;160
111;161
111;162
111;163
111;164
111;165
111;166
111;167
111;168
111;169
111;170
111;171
111;172
111;173
111;174
111;175
111;176
111;177
111;178
111;179
111;180
111;181
111;182
111;183
111;184
111;185
111;186
111;187
111;188
111;189
111;190
111;191
111;192
111;193
111;194
111;195
111;196
111;197
111;198
111;199
111;200
111;201
111;202
111;203
111;204
111;205
111;206
111;207
111;208
111;209
111;210
111;211
111;212
111;213
111;214
111;215
111;216
111;217
111;218
111;219
111;220
111;221
111;222
111;223
111;224
111;225
111;226
111;227
111;228
111;229
111;389
111;390
111;391
111;392
111;393
111;394
111;395
111;396
111;397
111;398
111;399
111;400
111;401
111;402
111;403
111;404
111;405
111;406
111;407
111;408
111;409
111;410
111;411
111;412
111;413
111;414
111;415
111;416
111;417
111;418
111;419
111;420
111;421
111;422
111;423
111;424
111;425
111;426
111;427
111;428
111;429
111;430
111;431
111;432
111;433
111;434
111;435
111;436
111;437
111;438
111;439
111;440
111;441
111;442
111;443
111;444
111;445
111;446
111;447
111;448
111;449
111;450
111;451
111;452
111;453
111;454
111;455
111;456
111;457
111;458
111;459
111;460
111;461
111;462
111;463
111;464
111;465
111;466
111;467
111;468
111;469
111;470
111;471
111;472
111;473
111;474
111;475
111;476
111;477
111;478
111;479
111;480
111;481
111;482
111;483
111;484
111;485
111;486
111;487
111;488
111;489
111;490
111;491
111;492
111;493
111;494
111;495
111;496
111;497
111;498
111;499
111;500
111;501
111;502
111;503
111;504
111;505
111;506
111;507
111;508
111;509
111;510
111;511
111;512
111;513
111;514
111;515
111;516
111;517
111;518
111;519
111;520
111;521
111;522
111;523
111;524
111;525
111;526
111;527
112;4
112;5
112;6
112;7
112;8
112;9
112;10
112;11
112;12
112;13
112;14
112;15
112;16
112;17
112;18
112;19
112;20
112;21
112;22
112;23
112;24
112;25
112;26
112;27
112;28
112;29
112;30
112;31
112;32
112;33
112;34
112;35
112;36
112;37
112;38
112;39
112;40
112;41
112;42
112;43
112;44
112;45
112;46
112;47
112;48
112;49
112;50
112;51
112;52
112;53
112;54
112;55
112;56
112;57
112;58
112;59
112;60
112;61
112;62
112;63
112;64
112;65
112;66
112;67
112;68
112;69
112;70
112;71
112;72
112;73
112;74
112;75
112;76
112;77
112;78
112;79
112;80
112;81
112;82
112;83
112;84
112;95
112;96
112;97
112;98
112;99
112;100
112;101
112;102
112;103
112;104
112;105
112;106
112;107
112;108
112;109
112;110
112;111
112;112
112;113
112;114
112;115
112;116
112;117
112;118
112;119
112;120
112;121
112;122
112;123
112;124
112;125
112;126
112;127
112;128
112;129
112;130
112;131
112;132
112;133
112;134
112;135
112;136
112;137
112;138
112;139
112;140
112;141
112;142
112;143
112;144
112;145
112;146
112;147
112;148
112;149
112;150
112;151
112;152
112;153
112;154
112;155
112;156
112;157
112;158
112;159
112;160
112;161
112;162
112;163
112;164
112;165
112;166
112;167
112;168
112;169
112;170
112;171
112;172
112;173
112;174
112;175
112;176
112;177
112;178
112;179
112;180
112;181
112;182
112;183
112;184
112;185
112;186
112;187
112;188
112;189
112;190
112;191
112;192
112;193
112;194
112;195
112;196
112;197
112;198
112;199
112;200
112;201
112;202
112;203
112;204
112;205
112;206
112;207
112;208
112;209
112;210
112;211
112;212
112;213
112;214
112;215
112;216
112;217
112;218
112;219
112;220
112;221
112;222
112;223
112;224
112;225
112;226
112;227
112;228
112;229
112;230
112;231
112;387
112;388
112;389
112;390
112;391
112;392
112;393
112;394
112;395
112;396
112;397
112;398
112;399
112;400
112;401
112;402
112;403
112;404
112;405
112;406
112;407
112;408
112;409
112;410
112;411
112;412
112;413
112;414
112;415
112;416
112;417
112;418
112;419
112;420
112;421
112;422
112;423
112;424
112;425
112;426
112;427
112;428
112;429
112;430
112;431
112;432
112;433
112;434
112;435
112;436
112;437
112;438
112;439
112;440
112;441
112;442
112;443
112;444
112;445
112;446
112;447
112;448
112;449
112;450
112;451
112;452
112;453
112;454
112;455
112;456
112;457
112;458
112;459
112;460
112;461
112;462
112;463
112;464
112;465
112;466
112;467
112;468
112;469
112;470
112;471
112;472
112;473
112;474
112;475
112;476
112;477
112;478
112;479
112;480
112;481
112;482
112;483
112;484
112;485
112;486
112;487
112;488
112;489
112;490
112;491
112;492
112;493
112;494
112;495
112;496
112;497
112;498
112;499
112;500
112;501
112;502
112;503
112;504
112;505
112;506
112;507
112;508
112;509
112;510
112;511
112;512
112;513
112;514
112;515
112;516
112;517
112;518
112;519
112;520
112;521
112;522
112;523
112;524
112;525
112;526
112;527
113;4
113;5
113;6
113;7
113;8
113;9
113;10
113;11
113;12
113;13
113;14
113;15
113;16
113;17
113;18
113;19
113;20
113;21
113;22
113;23
113;24
113;25
113;26
113;27
113;28
113;29
113;30
113;31
113;32
113;33
113;34
113;35
113;36
113;37
113;38
113;39
113;40
113;41
113;42
113;43
113;44
113;45
113;46
113;47
113;48
113;49
113;50
113;51
113;52
113;53
113;54
113;55
113;56
113;57
113;58
113;59
113;60
113;61
113;62
113;63
113;64
113;65
113;66
113;67
113;68
113;69
113;70
113;71
113;72
113;73
113;74
113;75
113;76
113;77
113;78
113;79
113;80
113;81
113;82
113;83
113;84
113;93
113;94
113;95
113;96
113;97
113;98
113;99
113;100
113;101
113;102
113;103
113;104
113;105
113;106
113;107
113;108
113;109
113;110
113;111
113;112
113;113
113;114
113;115
113;116
113;117
113;118
113;119
113;120
113;121
113;122
113;123
113;124
113;125
113;126
113;127
113;128
113;129
113;130
113;131
113;132
113;133
113;134
113;135
113;136
113;137
113;138
113;139
113;140
113;141
113;142
113;143
113;144
113;145
113;146
113;147
113;148
113;149
113;150
113;151
113;152
113;153
113;154
113;155
113;156
113;157
113;158
113;159
113;160
113;161
113;162
113;163
113;164
113;165
113;166
113;167
113;168
113;169
113;170
113;171
113;172
113;173
113;174
113;175
113;176
113;177
113;178
113;179
113;180
113;181
113;182
113;183
113;184
113;185
113;186
113;187
113;188
113;189
113;190
113;191
113;192
113;193
113;194
113;195
113;196
113;197
113;198
113;199
113;200
113;201
113;202
113;203
113;204
113;205
113;206
113;207
113;208
113;209
113;210
113;211
113;212
113;213
113;214
113;215
113;216
113;217
113;218
113;219
113;220
113;221
113;222
113;223
113;224
113;225
113;226
113;227
113;228
113;229
113;230
113;231
113;387
113;388
113;389
113;390
113;391
113;392
113;393
113;394
113;395
113;396
113;397
113;398
113;399
113;400
113;401
113;402
113;403
113;404
113;405
113;406
113;407
113;408
113;409
113;410
113;411
113;412
113;413
113;414
113;415
113;416
113;417
113;418
113;419
113;420
113;421
113;422
113;423
113;424
113;425
113;426
113;427
113;428
113;429
113;430
113;431
113;432
113;433
113;434
113;435
113;436
113;437
113;438
113;439
113;440
113;441
113;442
113;443
113;444
113;445
113;446
113;447
113;448
113;449
113;450
113;451
113;452
113;453
113;454
113;455
113;456
113;457
113;458
113;459
113;460
113;461
113;462
113;463
113;464
113;465
113;466
113;467
113;468
113;469
113;470
113;471
113;472
113;473
113;474
113;475
113;476
113;477
113;478
113;479
113;480
113;481
113;482
113;483
113;484
113;485
113;486
113;487
113;488
113;489
113;490
113;491
113;492
113;493
113;494
113;495
113;496
113;497
113;498
113;499
113;500
113;501
113;502
113;503
113;504
113;505
113;506
113;507
113;508
113;509
113;510
113;511
113;512
113;513
113;514
113;515
113;516
113;517
113;518
113;519
113;520
113;521
113;522
113;523
113;524
113;525
113;526
113;527
114;5
114;6
114;7
114;8
114;9
114;10
114;11
114;12
114;13
114;14
114;15
114;16
114;17
114;18
114;19
114;20
114;21
114;22
114;23
114;24
114;25
114;26
114;27
114;28
114;29
114;30
114;31
114;32
114;33
114;34
114;35
114;36
114;37
114;38
114;39
114;40
114;41
114;42
114;43
114;44
114;45
114;46
114;47
114;48
114;49
114;50
114;51
114;52
114;53
114;54
114;55
114;56
114;57
114;58
114;59
114;60
114;61
114;62
114;63
114;64
114;65
114;66
114;67
114;68
114;69
114;70
114;71
114;72
114;73
114;74
114;75
114;76
114;77
114;78
114;79
114;80
114;81
114;82
114;83
114;84
114;92
114;93
114;94
114;95
114;96
114;97
114;98
114;99
114;100
114;101
114;102
114;103
114;104
114;105
114;106
114;107
114;108
114;109
114;110
114;111
114;112
114;113
114;114
114;115
114;116
114;117
114;118
114;119
114;120
114;121
114;122
114;123
114;124
114;125
114;126
114;127
114;128
114;129
114;130
114;131
114;132
114;133
114;134
114;135
114;136
114;137
114;138
114;139
114;140
114;141
114;142
114;143
114;144
114;145
114;146
114;147
114;148
114;149
114;150
114;151
114;152
114;153
114;154
114;155
114;156
114;157
114;158
114;159
114;160
114;161
114;162
114;163
114;164
114;165
114;166
114;167
114;168
114;169
114;170
114;171
114;172
114;173
114;174
114;175
114;176
114;177
114;178
114;179
114;180
114;181
114;182
114;183
114;184
114;185
114;186
114;187
114;188
114;189
114;190
114;191
114;192
114;193
114;194
114;195
114;196
114;197
114;198
114;199
114;200
114;201
114;202
114;203
114;204
114;205
114;206
114;207
114;208
114;209
114;210
114;211
114;212
114;213
114;214
114;215
114;216
114;217
114;218
114;219
114;220
114;221
114;222
114;223
114;224
114;225
114;226
114;227
114;228
114;229
114;230
114;231
114;232
114;233
114;385
114;386
114;387
114;388
114;389
114;390
114;391
114;392
114;393
114;394
114;395
114;396
114;397
114;398
114;399
114;400
114;401
114;402
114;403
114;404
114;405
114;406
114;407
114;408
114;409
114;410
114;411
114;412
114;413
114;414
114;415
114;416
114;417
114;418
114;419
114;420
114;421
114;422
114;423
114;424
114;425
114;426
114;427
114;428
114;429
114;430
114;431
114;432
114;433
114;434
114;435
114;436
114;437
114;438
114;439
114;440
114;441
114;442
114;443
114;444
114;445
114;446
114;447
114;448
114;449
114;450
114;451
114;452
114;453
114;454
114;455
114;456
114;457
114;458
114;459
114;460
114;461
114;462
114;463
114;464
114;465
114;466
114;467
114;468
114;469
114;470
114;471
114;472
114;473
114;474
114;475
114;476
114;477
114;478
114;479
114;480
114;481
114;482
114;483
114;484
114;485
114;486
114;487
114;488
114;489
114;490
114;491
114;492
114;493
114;494
114;495
114;496
114;497
114;498
114;499
114;500
114;501
114;502
114;503
114;504
114;505
114;506
114;507
114;508
114;509
114;510
114;511
114;512
114;513
114;514
114;515
114;516
114;517
114;518
114;519
114;520
114;521
114;522
114;523
114;524
114;525
114;526
114;527
115;5
115;6
115;7
115;8
115;9
115;10
115;11
115;12
115;13
115;14
115;15
115;16
115;17
115;18
115;19
115;20
115;21
115;22
115;23
115;24
115;25
115;26
115;27
115;28
115;29
115;30
115;31
115;32
115;33
115;34
115;35
115;36
115;37
115;38
115;39
115;40
115;41
115;42
115;43
115;44
115;45
115;46
115;47
115;48
115;49
115;50
115;51
115;52
115;53
115;54
115;55
115;56
115;57
115;58
115;59
115;60
115;61
115;62
115;63
115;64
115;65
115;66
115;67
115;68
115;69
115;70
115;71
115;72
115;73
115;74
115;75
115;76
115;77
115;78
115;79
115;80
115;81
115;82
115;83
115;91
115;92
115;93
115;94
115;95
115;96
115;97
115;98
115;99
115;100
115;101
115;102
115;103
115;104
115;105
115;106
115;107
115;108
115;109
115;110
115;111
115;112
115;113
115;114
115;115
115;116
115;117
115;118
115;119
115;120
115;121
115;122
115;123
115;124
115;125
115;126
115;127
115;128
115;129
115;130
115;131
115;132
115;133
115;134
115;135
115;136
115;137
115;138
115;139
115;140
115;141
115;142
115;143
115;144
115;145
115;146
115;147
115;148
115;149
115;150
115;151
115;152
115;153
115;154
115;155
115;156
115;157
115;158
115;159
115;160
115;161
115;162
115;163
115;164
115;165
115;166
115;167
115;168
115;169
115;170
115;171
115;172
115;173
115;174
115;175
115;176
115;177
115;178
115;179
115;180
115;181
115;182
115;183
115;184
115;185
115;186
115;187
115;188
115;189
115;190
115;191
115;192
115;193
115;194
115;195
115;196
115;197
115;198
115;199
115;200
115;201
115;202
115;203
115;204
115;205
115;206
115;207
115;208
115;209
115;210
115;211
115;212
115;213
115;214
115;215
115;216
115;217
115;218
115;219
115;220
115;221
115;222
115;223
115;224
115;225
115;226
115;227
115;228
115;229
115;230
115;231
115;232
115;233
115;384
115;385
115;386
115;387
115;388
115;389
115;390
115;391
115;392
115;393
115;394
115;395
115;396
115;397
115;398
115;399
115;400
115;401
115;402
115;403
115;404
115;405
115;406
115;407
115;408
115;409
115;410
115;411
115;412
115;413
115;414
115;415
115;416
115;417
115;418
115;419
115;420
115;421
115;422
115;423
115;424
115;425
115;426
115;427
115;428
115;429
115;430
115;431
115;432
115;433
115;434
115;435
115;436
115;437
115;438
115;439
115;440
115;441
115;442
115;443
115;444
115;445
115;446
115;447
115;448
115;449
115;450
115;451
115;452
115;453
115;454
115;455
115;456
115;457
115;458
115;459
115;460
115;461
115;462
115;463
115;464
115;465
115;466
115;467
115;468
115;469
115;470
115;471
115;472
115;473
115;474
115;475
115;476
115;477
115;478
115;479
115;480
115;481
115;482
115;483
115;484
115;485
115;486
115;487
115;488
115;489
115;490
115;491
115;492
115;493
115;494
115;495
115;496
115;497
115;498
115;499
115;500
115;501
115;502
115;503
115;504
115;505
115;506
115;507
115;508
115;509
115;510
115;511
115;512
115;513
115;514
115;515
115;516
115;517
115;518
115;519
115;520
115;521
115;522
115;523
115;524
115;525
115;526
115;527
116;6
116;7
116;8
116;9
116;10
116;11
116;12
116;13
116;14
116;15
116;16
116;17
116;18
116;19
116;20
116;21
116;22
116;23
116;24
116;25
116;26
116;27
116;28
116;29
116;30
116;31
116;32
116;33
116;34
116;35
116;36
116;37
116;38
116;39
116;40
116;41
116;42
116;43
116;44
116;45
116;46
116;47
116;48
116;49
116;50
116;51
116;52
116;53
116;54
116;55
116;56
116;57
116;58
116;59
116;60
116;61
116;62
116;63
116;64
116;65
116;66
116;67
116;68
116;69
116;70
116;71
116;72
116;73
116;74
116;75
116;76
116;77
116;78
116;79
116;80
116;81
116;82
116;83
116;89
116;90
116;91
116;92
116;93
116;94
116;95
116;96
116;97
116;98
116;99
116;100
116;101
116;102
116;103
116;104
116;105
116;106
116;107
116;108
116;109
116;110
116;111
116;112
116;113
116;114
116;115
116;116
116;117
116;118
116;119
116;120
116;121
116;122
116;123
116;124
116;125
116;126
116;127
116;128
116;129
116;130
116;131
116;132
116;133
116;134
116;135
116;136
116;137
116;138
116;139
116;140
116;141
116;142
116;143
116;144
116;145
116;146
116;147
116;148
116;149
116;150
116;151
116;152
116;153
116;154
116;155
116;156
116;157
116;158
116;159
116;160
116;161
116;162
116;163
116;164
116;165
116;166
116;167
116;168
116;169
116;170
116;171
116;172
116;173
116;174
116;175
116;176
116;177
116;178
116;179
116;180
116;181
116;182
116;183
116;184
116;185
116;186
116;187
116;188
116;189
116;190
116;191
116;192
116;193
116;194
116;195
116;196
116;197
116;198
116;199
116;200
116;201
116;202
116;203
116;204
116;205
116;206
116;207
116;208
116;209
116;210
116;211
116;212
116;213
116;214
116;215
116;216
116;217
116;218
116;219
116;220
116;221
116;222
116;223
116;224
116;225
116;226
116;227
116;228
116;229
116;230
116;231
116;232
116;233
116;234
116;235
116;383
116;384
116;385
116;386
116;387
116;388
116;389
116;390
116;391
116;392
116;393
116;394
116;395
116;396
116;397
116;398
116;399
116;400
116;401
116;402
116;403
116;404
116;405
116;406
116;407
116;408
116;409
116;410
116;411
116;412
116;413
116;414
116;415
116;416
116;417
116;418
116;419
116;420
116;421
116;422
116;423
116;424
116;425
116;426
116;427
116;428
116;429
116;430
116;431
116;432
116;433
116;434
116;435
116;436
116;437
116;438
116;439
116;440
116;441
116;442
116;443
116;444
116;445
116;446
116;447
116;448
116;449
116;450
116;451
116;452
116;453
116;454
116;455
116;456
116;457
116;458
116;459
116;460
116;461
116;462
116;463
116;464
116;465
116;466
116;467
116;468
116;469
116;470
116;471
116;472
116;473
116;474
116;475
116;476
116;477
116;478
116;479
116;480
116;481
116;482
116;483
116;484
116;485
116;486
116;487
116;488
116;489
116;490
116;491
116;492
116;493
116;494
116;495
116;496
116;497
116;498
116;499
116;500
116;501
116;502
116;503
116;504
116;505
116;506
116;507
116;508
116;509
116;510
116;511
116;512
116;513
116;514
116;515
116;516
116;517
116;518
116;519
116;520
116;521
116;522
116;523
116;524
116;525
116;526
116;527
116;528
117;6
117;7
117;8
117;9
117;10
117;11
117;12
117;13
117;14
117;15
117;16
117;17
117;18
117;19
117;20
117;21
117;22
117;23
117;24
117;25
117;26
117;27
117;28
117;29
117;30
117;31
117;32
117;33
117;34
117;35
117;36
117;37
117;38
117;39
117;40
117;41
117;42
117;43
117;44
117;45
117;46
117;47
117;48
117;49
117;50
117;51
117;52
117;53
117;54
117;55
117;56
117;57
117;58
117;59
117;60
117;61
117;62
117;63
117;64
117;65
117;66
117;67
117;68
117;69
117;70
117;71
117;72
117;73
117;74
117;75
117;76
117;77
117;78
117;79
117;80
117;81
117;82
117;87
117;88
117;89
117;90
117;91
117;92
117;93
117;94
117;95
117;96
117;97
117;98
117;99
117;100
117;101
117;102
117;103
117;104
117;105
117;106
117;107
117;108
117;109
117;110
117;111
117;112
117;113
117;114
117;115
117;116
117;117
117;118
117;119
117;120
117;121
117;122
117;123
117;124
117;125
117;126
117;127
117;128
117;129
117;130
117;131
117;132
117;133
117;134
117;135
117;136
117;137
117;138
117;139
117;140
117;141
117;142
117;143
117;144
117;145
117;146
117;147
117;148
117;149
117;150
117;151
117;152
117;153
117;154
117;155
117;156
117;157
117;158
117;159
117;160
117;161
117;162
117;163
117;164
117;165
117;166
117;167
117;168
117;169
117;170
117;171
117;172
117;173
117;174
117;175
117;176
117;177
117;178
117;179
117;180
117;181
117;182
117;183
117;184
117;185
117;186
117;187
117;188
117;189
117;190
117;191
117;192
117;193
117;194
117;195
117;196
117;197
117;198
117;199
117;200
117;201
117;202
117;203
117;204
117;205
117;206
117;207
117;208
117;209
117;210
117;211
117;212
117;213
117;214
117;215
117;216
117;217
117;218
117;219
117;220
117;221
117;222
117;223
117;224
117;225
117;226
117;227
117;228
117;229
117;230
117;231
117;232
117;233
117;234
117;235
117;382
117;383
117;384
117;385
117;386
117;387
117;388
117;389
117;390
117;391
117;392
117;393
117;394
117;395
117;396
117;397
117;398
117;399
117;400
117;401
117;402
117;403
117;404
117;405
117;406
117;407
117;408
117;409
117;410
117;411
117;412
117;413
117;414
117;415
117;416
117;417
117;418
117;419
117;420
117;421
117;422
117;423
117;424
117;425
117;426
117;427
117;428
117;429
117;430
117;431
117;432
117;433
117;434
117;435
117;436
117;437
117;438
117;439
117;440
117;441
117;442
117;443
117;444
117;445
117;446
117;447
117;448
117;449
117;450
117;451
117;452
117;453
117;454
117;455
117;456
117;457
117;458
117;459
117;460
117;461
117;462
117;463
117;464
117;465
117;466
117;467
117;468
117;469
117;470
117;471
117;472
117;473
117;474
117;475
117;476
117;477
117;478
117;479
117;480
117;481
117;482
117;483
117;484
117;485
117;486
117;487
117;488
117;489
117;490
117;491
117;492
117;493
117;494
117;495
117;496
117;497
117;498
117;499
117;500
117;501
117;502
117;503
117;504
117;505
117;506
117;507
117;508
117;509
117;510
117;511
117;512
117;513
117;514
117;515
117;516
117;517
117;518
117;519
117;520
117;521
117;522
117;523
117;524
117;525
117;526
117;527
117;528
118;6
118;7
118;8
118;9
118;10
118;11
118;12
118;13
118;14
118;15
118;16
118;17
118;18
118;19
118;20
118;21
118;22
118;23
118;24
118;25
118;26
118;27
118;28
118;29
118;30
118;31
118;32
118;33
118;34
118;35
118;36
118;37
118;38
118;39
118;40
118;41
118;42
118;43
118;44
118;45
118;46
118;47
118;48
118;49
118;50
118;51
118;52
118;53
118;54
118;55
118;56
118;57
118;58
118;59
118;60
118;61
118;62
118;63
118;64
118;65
118;66
118;67
118;68
118;69
118;70
118;71
118;72
118;73
118;74
118;75
118;76
118;77
118;78
118;79
118;80
118;81
118;82
118;85
118;86
118;87
118;88
118;89
118;90
118;91
118;92
118;93
118;94
118;95
118;96
118;97
118;98
118;99
118;100
118;101
118;102
118;103
118;104
118;105
118;106
118;107
118;108
118;109
118;110
118;111
118;112
118;113
118;114
118;115
118;116
118;117
118;118
118;119
118;120
118;121
118;122
118;123
118;124
118;125
118;126
118;127
118;128
118;129
118;130
118;131
118;132
118;133
118;134
118;135
118;136
118;137
118;138
118;139
118;140
118;141
118;142
118;143
118;144
118;145
118;146
118;147
118;148
118;149
118;150
118;151
118;152
118;153
118;154
118;155
118;156
118;157
118;158
118;159
118;160
118;161
118;162
118;163
118;164
118;165
118;166
118;167
118;168
118;169
118;170
118;171
118;172
118;173
118;174
118;175
118;176
118;177
118;178
118;179
118;180
118;181
118;182
118;183
118;184
118;185
118;186
118;187
118;188
118;189
118;190
118;191
118;192
118;193
118;194
118;195
118;196
118;197
118;198
118;199
118;200
118;201
118;202
118;203
118;204
118;205
118;206
118;207
118;208
118;209
118;210
118;211
118;212
118;213
118;214
118;215
118;216
118;217
118;218
118;219
118;220
118;221
118;222
118;223
118;224
118;225
118;226
118;227
118;228
118;229
118;230
118;231
118;232
118;233
118;234
118;235
118;236
118;237
118;381
118;382
118;383
118;384
118;385
118;386
118;387
118;388
118;389
118;390
118;391
118;392
118;393
118;394
118;395
118;396
118;397
118;398
118;399
118;400
118;401
118;402
118;403
118;404
118;405
118;406
118;407
118;408
118;409
118;410
118;411
118;412
118;413
118;414
118;415
118;416
118;417
118;418
118;419
118;420
118;421
118;422
118;423
118;424
118;425
118;426
118;427
118;428
118;429
118;430
118;431
118;432
118;433
118;434
118;435
118;436
118;437
118;438
118;439
118;440
118;441
118;442
118;443
118;444
118;445
118;446
118;447
118;448
118;449
118;450
118;451
118;452
118;453
118;454
118;455
118;456
118;457
118;458
118;459
118;460
118;461
118;462
118;463
118;464
118;465
118;466
118;467
118;468
118;469
118;470
118;471
118;472
118;473
118;474
118;475
118;476
118;477
118;478
118;479
118;480
118;481
118;482
118;483
118;484
118;485
118;486
118;487
118;488
118;489
118;490
118;491
118;492
118;493
118;494
118;495
118;496
118;497
118;498
118;499
118;500
118;501
118;502
118;503
118;504
118;505
118;506
118;507
118;508
118;509
118;510
118;511
118;512
118;513
118;514
118;515
118;516
118;517
118;518
118;519
118;520
118;521
118;522
118;523
118;524
118;525
118;526
118;527
118;528
119;7
119;8
119;9
119;10
119;11
119;12
119;13
119;14
119;15
119;16
119;17
119;18
119;19
119;20
119;21
119;22
119;23
119;24
119;25
119;26
119;27
119;28
119;29
119;30
119;31
119;32
119;33
119;34
119;35
119;36
119;37
119;38
119;39
119;40
119;41
119;42
119;43
119;44
119;45
119;46
119;47
119;48
119;49
119;50
119;51
119;52
119;53
119;54
119;55
119;56
119;57
119;58
119;59
119;60
119;61
119;62
119;63
119;64
119;65
119;66
119;67
119;68
119;69
119;70
119;71
119;72
119;73
119;74
119;75
119;76
119;77
119;78
119;79
119;80
119;81
119;83
119;84
119;85
119;86
119;87
119;88
119;89
119;90
119;91
119;92
119;93
119;94
119;95
119;96
119;97
119;98
119;99
119;100
119;101
119;102
119;103
119;104
119;105
119;106
119;107
119;108
119;109
119;110
119;111
119;112
119;113
119;114
119;115
119;116
119;117
119;118
119;119
119;120
119;121
119;122
119;123
119;124
119;125
119;126
119;127
119;128
119;129
119;130
119;131
119;132
119;133
119;134
119;135
119;136
119;137
119;138
119;139
119;140
119;141
119;142
119;143
119;144
119;145
119;146
119;147
119;148
119;149
119;150
119;151
119;152
119;153
119;154
119;155
119;156
119;157
119;158
119;159
119;160
119;161
119;162
119;163
119;164
119;165
119;166
119;167
119;168
119;169
119;170
119;171
119;172
119;173
119;174
119;175
119;176
119;177
119;178
119;179
119;180
119;181
119;182
119;183
119;184
119;185
119;186
119;187
119;188
119;189
119;190
119;191
119;192
119;193
119;194
119;195
119;196
119;197
119;198
119;199
119;200
119;201
119;202
119;203
119;204
119;205
119;206
119;207
119;208
119;209
119;210
119;211
119;212
119;213
119;214
119;215
119;216
119;217
119;218
119;219
119;220
119;221
119;222
119;223
119;224
119;225
119;226
119;227
119;228
119;229
119;230
119;231
119;232
119;233
119;234
119;235
119;236
119;237
119;380
119;381
119;382
119;383
119;384
119;385
119;386
119;387
119;388
119;389
119;390
119;391
119;392
119;393
119;394
119;395
119;396
119;397
119;398
119;399
119;400
119;401
119;402
119;403
119;404
119;405
119;406
119;407
119;408
119;409
119;410
119;411
119;412
119;413
119;414
119;415
119;416
119;417
119;418
119;419
119;420
119;421
119;422
119;423
119;424
119;425
119;426
119;427
119;428
119;429
119;430
119;431
119;432
119;433
119;434
119;435
119;436
119;437
119;438
119;439
119;440
119;441
119;442
119;443
119;444
119;445
119;446
119;447
119;448
119;449
119;450
119;451
119;452
119;453
119;454
119;455
119;456
119;457
119;458
119;459
119;460
119;461
119;462
119;463
119;464
119;465
119;466
119;467
119;468
119;469
119;470
119;471
119;472
119;473
119;474
119;475
119;476
119;477
119;478
119;479
119;480
119;481
119;482
119;483
119;484
119;485
119;486
119;487
119;488
119;489
119;490
119;491
119;492
119;493
119;494
119;495
119;496
119;497
119;498
119;499
119;500
119;501
119;502
119;503
119;504
119;505
119;506
119;507
119;508
119;509
119;510
119;511
119;512
119;513
119;514
119;515
119;516
119;517
119;518
119;519
119;520
119;521
119;522
119;523
119;524
119;525
119;526
119;527
119;528
120;8
120;9
120;10
120;11
120;12
120;13
120;14
120;15
120;16
120;17
120;18
120;19
120;20
120;21
120;22
120;23
120;24
120;25
120;26
120;27
120;28
120;29
120;30
120;31
120;32
120;33
120;34
120;35
120;36
120;37
120;38
120;39
120;40
120;41
120;42
120;43
120;44
120;45
120;46
120;47
120;48
120;49
120;50
120;51
120;52
120;53
120;54
120;55
120;56
120;57
120;58
120;59
120;60
120;61
120;62
120;63
120;64
120;65
120;66
120;67
120;68
120;69
120;70
120;71
120;72
120;73
120;74
120;75
120;76
120;77
120;78
120;79
120;80
120;81
120;82
120;83
120;84
120;85
120;86
120;87
120;88
120;89
120;90
120;91
120;92
120;93
120;94
120;95
120;96
120;97
120;98
120;99
120;100
120;101
120;102
120;103
120;104
120;105
120;106
120;107
120;108
120;109
120;110
120;111
120;112
120;113
120;114
120;115
120;116
120;117
120;118
120;119
120;120
120;121
120;122
120;123
120;124
120;125
120;126
120;127
120;128
120;129
120;130
120;131
120;132
120;133
120;134
120;135
120;136
120;137
120;138
120;139
120;140
120;141
120;142
120;143
120;144
120;145
120;146
120;147
120;148
120;149
120;150
120;151
120;152
120;153
120;154
120;155
120;156
120;157
120;158
120;159
120;160
120;161
120;162
120;163
120;164
120;165
120;166
120;167
120;168
120;169
120;170
120;171
120;172
120;173
120;174
120;175
120;176
120;177
120;178
120;179
120;180
120;181
120;182
120;183
120;184
120;185
120;186
120;187
120;188
120;189
120;190
120;191
120;192
120;193
120;194
120;195
120;196
120;197
120;198
120;199
120;200
120;201
120;202
120;203
120;204
120;205
120;206
120;207
120;208
120;209
120;210
120;211
120;212
120;213
120;214
120;215
120;216
120;217
120;218
120;219
120;220
120;221
120;222
120;223
120;224
120;225
120;226
120;227
120;228
120;229
120;230
120;231
120;232
120;233
120;234
120;235
120;236
120;237
120;238
120;239
120;379
120;380
120;381
120;382
120;383
120;384
120;385
120;386
120;387
120;388
120;389
120;390
120;391
120;392
120;393
120;394
120;395
120;396
120;397
120;398
120;399
120;400
120;401
120;402
120;403
120;404
120;405
120;406
120;407
120;408
120;409
120;410
120;411
120;412
120;413
120;414
120;415
120;416
120;417
120;418
120;419
120;420
120;421
120;422
120;423
120;424
120;425
120;426
120;427
120;428
120;429
120;430
120;431
120;432
120;433
120;434
120;435
120;436
120;437
120;438
120;439
120;440
120;441
120;442
120;443
120;444
120;445
120;446
120;447
120;448
120;449
120;450
120;451
120;452
120;453
120;454
120;455
120;456
120;457
120;458
120;459
120;460
120;461
120;462
120;463
120;464
120;465
120;466
120;467
120;468
120;469
120;470
120;471
120;472
120;473
120;474
120;475
120;476
120;477
120;478
120;479
120;480
120;481
120;482
120;483
120;484
120;485
120;486
120;487
120;488
120;489
120;490
120;491
120;492
120;493
120;494
120;495
120;496
120;497
120;498
120;499
120;500
120;501
120;502
120;503
120;504
120;505
120;506
120;507
120;508
120;509
120;510
120;511
120;512
120;513
120;514
120;515
120;516
120;517
120;518
120;519
120;520
120;521
120;522
120;523
120;524
120;525
120;526
120;527
120;528
121;8
121;9
121;10
121;11
121;12
121;13
121;14
121;15
121;16
121;17
121;18
121;19
121;20
121;21
121;22
121;23
121;24
121;25
121;26
121;27
121;28
121;29
121;30
121;31
121;32
121;33
121;34
121;35
121;36
121;37
121;38
121;39
121;40
121;41
121;42
121;43
121;44
121;45
121;46
121;47
121;48
121;49
121;50
121;51
121;52
121;53
121;54
121;55
121;56
121;57
121;58
121;59
121;60
121;61
121;62
121;63
121;64
121;65
121;66
121;67
121;68
121;69
121;70
121;71
121;72
121;73
121;74
121;75
121;76
121;77
121;78
121;79
121;80
121;81
121;82
121;83
121;84
121;85
121;86
121;87
121;88
121;89
121;90
121;91
121;92
121;93
121;94
121;95
121;96
121;97
121;98
121;99
121;100
121;101
121;102
121;103
121;104
121;105
121;106
121;107
121;108
121;109
121;110
121;111
121;112
121;113
121;114
121;115
121;116
121;117
121;118
121;119
121;120
121;121
121;122
121;123
121;124
121;125
121;126
121;127
121;128
121;129
121;130
121;131
121;132
121;133
121;134
121;135
121;136
121;137
121;138
121;139
121;140
121;141
121;142
121;143
121;144
121;145
121;146
121;147
121;148
121;149
121;150
121;151
121;152
121;153
121;154
121;155
121;156
121;157
121;158
121;159
121;160
121;161
121;162
121;163
121;164
121;165
121;166
121;167
121;168
121;169
121;170
121;171
121;172
121;173
121;174
121;175
121;176
121;177
121;178
121;179
121;180
121;181
121;182
121;183
121;184
121;185
121;186
121;187
121;188
121;189
121;190
121;191
121;192
121;193
121;194
121;195
121;196
121;197
121;198
121;199
121;200
121;201
121;202
121;203
121;204
121;205
121;206
121;207
121;208
121;209
121;210
121;211
121;212
121;213
121;214
121;215
121;216
121;217
121;218
121;219
121;220
121;221
121;222
121;223
121;224
121;225
121;226
121;227
121;228
121;229
121;230
121;231
121;232
121;233
121;234
121;235
121;236
121;237
121;238
121;239
121;378
121;379
121;380
121;381
121;382
121;383
121;384
121;385
121;386
121;387
121;388
121;389
121;390
121;391
121;392
121;393
121;394
121;395
121;396
121;397
121;398
121;399
121;400
121;401
121;402
121;403
121;404
121;405
121;406
121;407
121;408
121;409
121;410
121;411
121;412
121;413
121;414
121;415
121;416
121;417
121;418
121;419
121;420
121;421
121;422
121;423
121;424
121;425
121;426
121;427
121;428
121;429
121;430
121;431
121;432
121;433
121;434
121;435
121;436
121;437
121;438
121;439
121;440
121;441
121;442
121;443
121;444
121;445
121;446
121;447
121;448
121;449
121;450
121;451
121;452
121;453
121;454
121;455
121;456
121;457
121;458
121;459
121;460
121;461
121;462
121;463
121;464
121;465
121;466
121;467
121;468
121;469
121;470
121;471
121;472
121;473
121;474
121;475
121;476
121;477
121;478
121;479
121;480
121;481
121;482
121;483
121;484
121;485
121;486
121;487
121;488
121;489
121;490
121;491
121;492
121;493
121;494
121;495
121;496
121;497
121;498
121;499
121;500
121;501
121;502
121;503
121;504
121;505
121;506
121;507
121;508
121;509
121;510
121;511
121;512
121;513
121;514
121;515
121;516
121;517
121;518
121;519
121;520
121;521
121;522
121;523
121;524
121;525
121;526
121;527
121;528
122;9
122;10
122;11
122;12
122;13
122;14
122;15
122;16
122;17
122;18
122;19
122;20
122;21
122;22
122;23
122;24
122;25
122;26
122;27
122;28
122;29
122;30
122;31
122;32
122;33
122;34
122;35
122;36
122;37
122;38
122;39
122;40
122;41
122;42
122;43
122;44
122;45
122;46
122;47
122;48
122;49
122;50
122;51
122;52
122;53
122;54
122;55
122;56
122;57
122;58
122;59
122;60
122;61
122;62
122;63
122;64
122;65
122;66
122;67
122;68
122;69
122;70
122;71
122;72
122;73
122;74
122;75
122;76
122;77
122;78
122;79
122;80
122;81
122;82
122;83
122;84
122;85
122;86
122;87
122;88
122;89
122;90
122;91
122;92
122;93
122;94
122;95
122;96
122;97
122;98
122;99
122;100
122;101
122;102
122;103
122;104
122;105
122;106
122;107
122;108
122;109
122;110
122;111
122;112
122;113
122;114
122;115
122;116
122;117
122;118
122;119
122;120
122;121
122;122
122;123
122;124
122;125
122;126
122;127
122;128
122;129
122;130
122;131
122;132
122;133
122;134
122;135
122;136
122;137
122;138
122;139
122;140
122;141
122;142
122;143
122;144
122;145
122;146
122;147
122;148
122;149
122;150
122;151
122;152
122;153
122;154
122;155
122;156
122;157
122;158
122;159
122;160
122;161
122;162
122;163
122;164
122;165
122;166
122;167
122;168
122;169
122;170
122;171
122;172
122;173
122;174
122;175
122;176
122;177
122;178
122;179
122;180
122;181
122;182
122;183
122;184
122;185
122;186
122;187
122;188
122;189
122;190
122;191
122;192
122;193
122;194
122;195
122;196
122;197
122;198
122;199
122;200
122;201
122;202
122;203
122;204
122;205
122;206
122;207
122;208
122;209
122;210
122;211
122;212
122;213
122;214
122;215
122;216
122;217
122;218
122;219
122;220
122;221
122;222
122;223
122;224
122;225
122;226
122;227
122;228
122;229
122;230
122;231
122;232
122;233
122;234
122;235
122;236
122;237
122;238
122;239
122;240
122;241
122;377
122;378
122;379
122;380
122;381
122;382
122;383
122;384
122;385
122;386
122;387
122;388
122;389
122;390
122;391
122;392
122;393
122;394
122;395
122;396
122;397
122;398
122;399
122;400
122;401
122;402
122;403
122;404
122;405
122;406
122;407
122;408
122;409
122;410
122;411
122;412
122;413
122;414
122;415
122;416
122;417
122;418
122;419
122;420
122;421
122;422
122;423
122;424
122;425
122;426
122;427
122;428
122;429
122;430
122;431
122;432
122;433
122;434
122;435
122;436
122;437
122;438
122;439
122;440
122;441
122;442
122;443
122;444
122;445
122;446
122;447
122;448
122;449
122;450
122;451
122;452
122;453
122;454
122;455
122;456
122;457
122;458
122;459
122;460
122;461
122;462
122;463
122;464
122;465
122;466
122;467
122;468
122;469
122;470
122;471
122;472
122;473
122;474
122;475
122;476
122;477
122;478
122;479
122;480
122;481
122;482
122;483
122;484
122;485
122;486
122;487
122;488
122;489
122;490
122;491
122;492
122;493
122;494
122;495
122;496
122;497
122;498
122;499
122;500
122;501
122;502
122;503
122;504
122;505
122;506
122;507
122;508
122;509
122;510
122;511
122;512
122;513
122;514
122;515
122;516
122;517
122;518
122;519
122;520
122;521
122;522
122;523
122;524
122;525
122;526
122;527
123;10
123;11
123;12
123;13
123;14
123;15
123;16
123;17
123;18
123;19
123;20
123;21
123;22
123;23
123;24
123;25
123;26
123;27
123;28
123;29
123;30
123;31
123;32
123;33
123;34
123;35
123;36
123;37
123;38
123;39
123;40
123;41
123;42
123;43
123;44
123;45
123;46
123;47
123;48
123;49
123;50
123;51
123;52
123;53
123;54
123;55
123;56
123;57
123;58
123;59
123;60
123;61
123;62
123;63
123;64
123;65
123;66
123;67
123;68
123;69
123;70
123;71
123;72
123;73
123;74
123;75
123;76
123;77
123;78
123;79
123;80
123;81
123;82
123;83
123;84
123;85
123;86
123;87
123;88
123;89
123;90
123;91
123;92
123;93
123;94
123;95
123;96
123;97
123;98
123;99
123;100
123;101
123;102
123;103
123;104
123;105
123;106
123;107
123;108
123;109
123;110
123;111
123;112
123;113
123;114
123;115
123;116
123;117
123;118
123;119
123;120
123;121
123;122
123;123
123;124
123;125
123;126
123;127
123;128
123;129
123;130
123;131
123;132
123;133
123;134
123;135
123;136
123;137
123;138
123;139
123;140
123;141
123;142
123;143
123;144
123;145
123;146
123;147
123;148
123;149
123;150
123;151
123;152
123;153
123;154
123;155
123;156
123;157
123;158
123;159
123;160
123;161
123;162
123;163
123;164
123;165
123;166
123;167
123;168
123;169
123;170
123;171
123;172
123;173
123;174
123;175
123;176
123;177
123;178
123;179
123;180
123;181
123;182
123;183
123;184
123;185
123;186
123;187
123;188
123;189
123;190
123;191
123;192
123;193
123;194
123;195
123;196
123;197
123;198
123;199
123;200
123;201
123;202
123;203
123;204
123;205
123;206
123;207
123;208
123;209
123;210
123;211
123;212
123;213
123;214
123;215
123;216
123;217
123;218
123;219
123;220
123;221
123;222
123;223
123;224
123;225
123;226
123;227
123;228
123;229
123;230
123;231
123;232
123;233
123;234
123;235
123;236
123;237
123;238
123;239
123;240
123;241
123;376
123;377
123;378
123;379
123;380
123;381
123;382
123;383
123;384
123;385
123;386
123;387
123;388
123;389
123;390
123;391
123;392
123;393
123;394
123;395
123;396
123;397
123;398
123;399
123;400
123;401
123;402
123;403
123;404
123;405
123;406
123;407
123;408
123;409
123;410
123;411
123;412
123;413
123;414
123;415
123;416
123;417
123;418
123;419
123;420
123;421
123;422
123;423
123;424
123;425
123;426
123;427
123;428
123;429
123;430
123;431
123;432
123;433
123;434
123;435
123;436
123;437
123;438
123;439
123;440
123;441
123;442
123;443
123;444
123;445
123;446
123;447
123;448
123;449
123;450
123;451
123;452
123;453
123;454
123;455
123;456
123;457
123;458
123;459
123;460
123;461
123;462
123;463
123;464
123;465
123;466
123;467
123;468
123;469
123;470
123;471
123;472
123;473
123;474
123;475
123;476
123;477
123;478
123;479
123;480
123;481
123;482
123;483
123;484
123;485
123;486
123;487
123;488
123;489
123;490
123;491
123;492
123;493
123;494
123;495
123;496
123;497
123;498
123;499
123;500
123;501
123;502
123;503
123;504
123;505
123;506
123;507
123;508
123;509
123;510
123;511
123;512
123;513
123;514
123;515
123;516
123;517
123;518
123;519
123;520
123;521
123;522
123;523
123;524
123;525
123;526
123;527
124;10
124;11
124;12
124;13
124;14
124;15
124;16
124;17
124;18
124;19
124;20
124;21
124;22
124;23
124;24
124;25
124;26
124;27
124;28
124;29
124;30
124;31
124;32
124;33
124;34
124;35
124;36
124;37
124;38
124;39
124;40
124;41
124;42
124;43
124;44
124;45
124;46
124;47
124;48
124;49
124;50
124;51
124;52
124;53
124;54
124;55
124;56
124;57
124;58
124;59
124;60
124;61
124;62
124;63
124;64
124;65
124;66
124;67
124;68
124;69
124;70
124;71
124;72
124;73
124;74
124;75
124;76
124;77
124;78
124;79
124;80
124;81
124;82
124;83
124;84
124;85
124;86
124;87
124;88
124;89
124;90
124;91
124;92
124;93
124;94
124;95
124;96
124;97
124;98
124;99
124;100
124;101
124;102
124;103
124;104
124;105
124;106
124;107
124;108
124;109
124;110
124;111
124;112
124;113
124;114
124;115
124;116
124;117
124;118
124;119
124;120
124;121
124;122
124;123
124;124
124;125
124;126
124;127
124;128
124;129
124;130
124;131
124;132
124;133
124;134
124;135
124;136
124;137
124;138
124;139
124;140
124;141
124;142
124;143
124;144
124;145
124;146
124;147
124;148
124;149
124;150
124;151
124;152
124;153
124;154
124;155
124;156
124;157
124;158
124;159
124;160
124;161
124;162
124;163
124;164
124;165
124;166
124;167
124;168
124;169
124;170
124;171
124;172
124;173
124;174
124;175
124;176
124;177
124;178
124;179
124;180
124;181
124;182
124;183
124;184
124;185
124;186
124;187
124;188
124;189
124;190
124;191
124;192
124;193
124;194
124;195
124;196
124;197
124;198
124;199
124;200
124;201
124;202
124;203
124;204
124;205
124;206
124;207
124;208
124;209
124;210
124;211
124;212
124;213
124;214
124;215
124;216
124;217
124;218
124;219
124;220
124;221
124;222
124;223
124;224
124;225
124;226
124;227
124;228
124;229
124;230
124;231
124;232
124;233
124;234
124;235
124;236
124;237
124;238
124;239
124;240
124;241
124;242
124;243
124;375
124;376
124;377
124;378
124;379
124;380
124;381
124;382
124;383
124;384
124;385
124;386
124;387
124;388
124;389
124;390
124;391
124;392
124;393
124;394
124;395
124;396
124;397
124;398
124;399
124;400
124;401
124;402
124;403
124;404
124;405
124;406
124;407
124;408
124;409
124;410
124;411
124;412
124;413
124;414
124;415
124;416
124;417
124;418
124;419
124;420
124;421
124;422
124;423
124;424
124;425
124;426
124;427
124;428
124;429
124;430
124;431
124;432
124;433
124;434
124;435
124;436
124;437
124;438
124;439
124;440
124;441
124;442
124;443
124;444
124;445
124;446
124;447
124;448
124;449
124;450
124;451
124;452
124;453
124;454
124;455
124;456
124;457
124;458
124;459
124;460
124;461
124;462
124;463
124;464
124;465
124;466
124;467
124;468
124;469
124;470
124;471
124;472
124;473
124;474
124;475
124;476
124;477
124;478
124;479
124;480
124;481
124;482
124;483
124;484
124;485
124;486
124;487
124;488
124;489
124;490
124;491
124;492
124;493
124;494
124;495
124;496
124;497
124;498
124;499
124;500
124;501
124;502
124;503
124;504
124;505
124;506
124;507
124;508
124;509
124;510
124;511
124;512
124;513
124;514
124;515
124;516
124;517
124;518
124;519
124;520
124;521
124;522
124;523
124;524
124;525
124;526
124;527
125;12
125;13
125;14
125;15
125;16
125;17
125;18
125;19
125;20
125;21
125;22
125;23
125;24
125;25
125;26
125;27
125;28
125;29
125;30
125;31
125;32
125;33
125;34
125;35
125;36
125;37
125;38
125;39
125;40
125;41
125;42
125;43
125;44
125;45
125;46
125;47
125;48
125;49
125;50
125;51
125;52
125;53
125;54
125;55
125;56
125;57
125;58
125;59
125;60
125;61
125;62
125;63
125;64
125;65
125;66
125;67
125;68
125;69
125;70
125;71
125;72
125;73
125;74
125;75
125;76
125;77
125;78
125;79
125;80
125;81
125;82
125;83
125;84
125;85
125;86
125;87
125;88
125;89
125;90
125;91
125;92
125;93
125;94
125;95
125;96
125;97
125;98
125;99
125;100
125;101
125;102
125;103
125;104
125;105
125;106
125;107
125;108
125;109
125;110
125;111
125;112
125;113
125;114
125;115
125;116
125;117
125;118
125;119
125;120
125;121
125;122
125;123
125;124
125;125
125;126
125;127
125;128
125;129
125;130
125;131
125;132
125;133
125;134
125;135
125;136
125;137
125;138
125;139
125;140
125;141
125;142
125;143
125;144
125;145
125;146
125;147
125;148
125;149
125;150
125;151
125;152
125;153
125;154
125;155
125;156
125;157
125;158
125;159
125;160
125;161
125;162
125;163
125;164
125;165
125;166
125;167
125;168
125;169
125;170
125;171
125;172
125;173
125;174
125;175
125;176
125;177
125;178
125;179
125;180
125;181
125;182
125;183
125;184
125;185
125;186
125;187
125;188
125;189
125;190
125;191
125;192
125;193
125;194
125;195
125;196
125;197
125;198
125;199
125;200
125;201
125;202
125;203
125;204
125;205
125;206
125;207
125;208
125;209
125;210
125;211
125;212
125;213
125;214
125;215
125;216
125;217
125;218
125;219
125;220
125;221
125;222
125;223
125;224
125;225
125;226
125;227
125;228
125;229
125;230
125;231
125;232
125;233
125;234
125;235
125;236
125;237
125;238
125;239
125;240
125;241
125;242
125;243
125;373
125;374
125;375
125;376
125;377
125;378
125;379
125;380
125;381
125;382
125;383
125;384
125;385
125;386
125;387
125;388
125;389
125;390
125;391
125;392
125;393
125;394
125;395
125;396
125;397
125;398
125;399
125;400
125;401
125;402
125;403
125;404
125;405
125;406
125;407
125;408
125;409
125;410
125;411
125;412
125;413
125;414
125;415
125;416
125;417
125;418
125;419
125;420
125;421
125;422
125;423
125;424
125;425
125;426
125;427
125;428
125;429
125;430
125;431
125;432
125;433
125;434
125;435
125;436
125;437
125;438
125;439
125;440
125;441
125;442
125;443
125;444
125;445
125;446
125;447
125;448
125;449
125;450
125;451
125;452
125;453
125;454
125;455
125;456
125;457
125;458
125;459
125;460
125;461
125;462
125;463
125;464
125;465
125;466
125;467
125;468
125;469
125;470
125;471
125;472
125;473
125;474
125;475
125;476
125;477
125;478
125;479
125;480
125;481
125;482
125;483
125;484
125;485
125;486
125;487
125;488
125;489
125;490
125;491
125;492
125;493
125;494
125;495
125;496
125;497
125;498
125;499
125;500
125;501
125;502
125;503
125;504
125;505
125;506
125;507
125;508
125;509
125;510
125;511
125;512
125;513
125;514
125;515
125;516
125;517
125;518
125;519
125;520
125;521
125;522
125;523
125;524
125;525
125;526
125;527
126;12
126;13
126;14
126;15
126;16
126;17
126;18
126;19
126;20
126;21
126;22
126;23
126;24
126;25
126;26
126;27
126;28
126;29
126;30
126;31
126;32
126;33
126;34
126;35
126;36
126;37
126;38
126;39
126;40
126;41
126;42
126;43
126;44
126;45
126;46
126;47
126;48
126;49
126;50
126;51
126;52
126;53
126;54
126;55
126;56
126;57
126;58
126;59
126;60
126;61
126;62
126;63
126;64
126;65
126;66
126;67
126;68
126;69
126;70
126;71
126;72
126;73
126;74
126;75
126;76
126;77
126;78
126;79
126;80
126;81
126;82
126;83
126;84
126;85
126;86
126;87
126;88
126;89
126;90
126;91
126;92
126;93
126;94
126;95
126;96
126;97
126;98
126;99
126;100
126;101
126;102
126;103
126;104
126;105
126;106
126;107
126;108
126;109
126;110
126;111
126;112
126;113
126;114
126;115
126;116
126;117
126;118
126;119
126;120
126;121
126;122
126;123
126;124
126;125
126;126
126;127
126;128
126;129
126;130
126;131
126;132
126;133
126;134
126;135
126;136
126;137
126;138
126;139
126;140
126;141
126;142
126;143
126;144
126;145
126;146
126;147
126;148
126;149
126;150
126;151
126;152
126;153
126;154
126;155
126;156
126;157
126;158
126;159
126;160
126;161
126;162
126;163
126;164
126;165
126;166
126;167
126;168
126;169
126;170
126;171
126;172
126;173
126;174
126;175
126;176
126;177
126;178
126;179
126;180
126;181
126;182
126;183
126;184
126;185
126;186
126;187
126;188
126;189
126;190
126;191
126;192
126;193
126;194
126;195
126;196
126;197
126;198
126;199
126;200
126;201
126;202
126;203
126;204
126;205
126;206
126;207
126;208
126;209
126;210
126;211
126;212
126;213
126;214
126;215
126;216
126;217
126;218
126;219
126;220
126;221
126;222
126;223
126;224
126;225
126;226
126;227
126;228
126;229
126;230
126;231
126;232
126;233
126;234
126;235
126;236
126;237
126;238
126;239
126;240
126;241
126;242
126;243
126;244
126;245
126;373
126;374
126;375
126;376
126;377
126;378
126;379
126;380
126;381
126;382
126;383
126;384
126;385
126;386
126;387
126;388
126;389
126;390
126;391
126;392
126;393
126;394
126;395
126;396
126;397
126;398
126;399
126;400
126;401
126;402
126;403
126;404
126;405
126;406
126;407
126;408
126;409
126;410
126;411
126;412
126;413
126;414
126;415
126;416
126;417
126;418
126;419
126;420
126;421
126;422
126;423
126;424
126;425
126;426
126;427
126;428
126;429
126;430
126;431
126;432
126;433
126;434
126;435
126;436
126;437
126;438
126;439
126;440
126;441
126;442
126;443
126;444
126;445
126;446
126;447
126;448
126;449
126;450
126;451
126;452
126;453
126;454
126;455
126;456
126;457
126;458
126;459
126;460
126;461
126;462
126;463
126;464
126;465
126;466
126;467
126;468
126;469
126;470
126;471
126;472
126;473
126;474
126;475
126;476
126;477
126;478
126;479
126;480
126;481
126;482
126;483
126;484
126;485
126;486
126;487
126;488
126;489
126;490
126;491
126;492
126;493
126;494
126;495
126;496
126;497
126;498
126;499
126;500
126;501
126;502
126;503
126;504
126;505
126;506
126;507
126;508
126;509
126;510
126;511
126;512
126;513
126;514
126;515
126;516
126;517
126;518
126;519
126;520
126;521
126;522
126;523
126;524
126;525
126;526
127;14
127;15
127;16
127;17
127;18
127;19
127;20
127;21
127;22
127;23
127;24
127;25
127;26
127;27
127;28
127;29
127;30
127;31
127;32
127;33
127;34
127;35
127;36
127;37
127;38
127;39
127;40
127;41
127;42
127;43
127;44
127;45
127;46
127;47
127;48
127;49
127;50
127;51
127;52
127;53
127;54
127;55
127;56
127;57
127;58
127;59
127;60
127;61
127;62
127;63
127;64
127;65
127;66
127;67
127;68
127;69
127;70
127;71
127;72
127;73
127;74
127;75
127;76
127;77
127;78
127;79
127;80
127;81
127;82
127;83
127;84
127;85
127;86
127;87
127;88
127;89
127;90
127;91
127;92
127;93
127;94
127;95
127;96
127;97
127;98
127;99
127;100
127;101
127;102
127;103
127;104
127;105
127;106
127;107
127;108
127;109
127;110
127;111
127;112
127;113
127;114
127;115
127;116
127;117
127;118
127;119
127;120
127;121
127;122
127;123
127;124
127;125
127;126
127;127
127;128
127;129
127;130
127;131
127;132
127;133
127;134
127;135
127;136
127;137
127;138
127;139
127;140
127;141
127;142
127;143
127;144
127;145
127;146
127;147
127;148
127;149
127;150
127;151
127;152
127;153
127;154
127;155
127;156
127;157
127;158
127;159
127;160
127;161
127;162
127;163
127;164
127;165
127;166
127;167
127;168
127;169
127;170
127;171
127;172
127;173
127;174
127;175
127;176
127;177
127;178
127;179
127;180
127;181
127;182
127;183
127;184
127;185
127;186
127;187
127;188
127;189
127;190
127;191
127;192
127;193
127;194
127;195
127;196
127;197
127;198
127;199
127;200
127;201
127;202
127;203
127;204
127;205
127;206
127;207
127;208
127;209
127;210
127;211
127;212
127;213
127;214
127;215
127;216
127;217
127;218
127;219
127;220
127;221
127;222
127;223
127;224
127;225
127;226
127;227
127;228
127;229
127;230
127;231
127;232
127;233
127;234
127;235
127;236
127;237
127;238
127;239
127;240
127;241
127;242
127;243
127;244
127;245
127;371
127;372
127;373
127;374
127;375
127;376
127;377
127;378
127;379
127;380
127;381
127;382
127;383
127;384
127;385
127;386
127;387
127;388
127;389
127;390
127;391
127;392
127;393
127;394
127;395
127;396
127;397
127;398
127;399
127;400
127;401
127;402
127;403
127;404
127;405
127;406
127;407
127;408
127;409
127;410
127;411
127;412
127;413
127;414
127;415
127;416
127;417
127;418
127;419
127;420
127;421
127;422
127;423
127;424
127;425
127;426
127;427
127;428
127;429
127;430
127;431
127;432
127;433
127;434
127;435
127;436
127;437
127;438
127;439
127;440
127;441
127;442
127;443
127;444
127;445
127;446
127;447
127;448
127;449
127;450
127;451
127;452
127;453
127;454
127;455
127;456
127;457
127;458
127;459
127;460
127;461
127;462
127;463
127;464
127;465
127;466
127;467
127;468
127;469
127;470
127;471
127;472
127;473
127;474
127;475
127;476
127;477
127;478
127;479
127;480
127;481
127;482
127;483
127;484
127;485
127;486
127;487
127;488
127;489
127;490
127;491
127;492
127;493
127;494
127;495
127;496
127;497
127;498
127;499
127;500
127;501
127;502
127;503
127;504
127;505
127;506
127;507
127;508
127;509
127;510
127;511
127;512
127;513
127;514
127;515
127;516
127;517
127;518
127;519
127;520
127;521
127;522
127;523
127;524
127;525
127;526
128;14
128;15
128;16
128;17
128;18
128;19
128;20
128;21
128;22
128;23
128;24
128;25
128;26
128;27
128;28
128;29
128;30
128;31
128;32
128;33
128;34
128;35
128;36
128;37
128;38
128;39
128;40
128;41
128;42
128;43
128;44
128;45
128;46
128;47
128;48
128;49
128;50
128;51
128;52
128;53
128;54
128;55
128;56
128;57
128;58
128;59
128;60
128;61
128;62
128;63
128;64
128;65
128;66
128;67
128;68
128;69
128;70
128;71
128;72
128;73
128;74
128;75
128;76
128;77
128;78
128;79
128;80
128;81
128;82
128;83
128;84
128;85
128;86
128;87
128;88
128;89
128;90
128;91
128;92
128;93
128;94
128;95
128;96
128;97
128;98
128;99
128;100
128;101
128;102
128;103
128;104
128;105
128;106
128;107
128;108
128;109
128;110
128;111
128;112
128;113
128;114
128;115
128;116
128;117
128;118
128;119
128;120
128;121
128;122
128;123
128;124
128;125
128;126
128;127
128;128
128;129
128;130
128;131
128;132
128;133
128;134
128;135
128;136
128;137
128;138
128;139
128;140
128;141
128;142
128;143
128;144
128;145
128;146
128;147
128;148
128;149
128;150
128;151
128;152
128;153
128;154
128;155
128;156
128;157
128;158
128;159
128;160
128;161
128;162
128;163
128;164
128;165
128;166
128;167
128;168
128;169
128;170
128;171
128;172
128;173
128;174
128;175
128;176
128;177
128;178
128;179
128;180
128;181
128;182
128;183
128;184
128;185
128;186
128;187
128;188
128;189
128;190
128;191
128;192
128;193
128;194
128;195
128;196
128;197
128;198
128;199
128;200
128;201
128;202
128;203
128;204
128;205
128;206
128;207
128;208
128;209
128;210
128;211
128;212
128;213
128;214
128;215
128;216
128;217
128;218
128;219
128;220
128;221
128;222
128;223
128;224
128;225
128;226
128;227
128;228
128;229
128;230
128;231
128;232
128;233
128;234
128;235
128;236
128;237
128;238
128;239
128;240
128;241
128;242
128;243
128;244
128;245
128;246
128;247
128;371
128;372
128;373
128;374
128;375
128;376
128;377
128;378
128;379
128;380
128;381
128;382
128;383
128;384
128;385
128;386
128;387
128;388
128;389
128;390
128;391
128;392
128;393
128;394
128;395
128;396
128;397
128;398
128;399
128;400
128;401
128;402
128;403
128;404
128;405
128;406
128;407
128;408
128;409
128;410
128;411
128;412
128;413
128;414
128;415
128;416
128;417
128;418
128;419
128;420
128;421
128;422
128;423
128;424
128;425
128;426
128;427
128;428
128;429
128;430
128;431
128;432
128;433
128;434
128;435
128;436
128;437
128;438
128;439
128;440
128;441
128;442
128;443
128;444
128;445
128;446
128;447
128;448
128;449
128;450
128;451
128;452
128;453
128;454
128;455
128;456
128;457
128;458
128;459
128;460
128;461
128;462
128;463
128;464
128;465
128;466
128;467
128;468
128;469
128;470
128;471
128;472
128;473
128;474
128;475
128;476
128;477
128;478
128;479
128;480
128;481
128;482
128;483
128;484
128;485
128;486
128;487
128;488
128;489
128;490
128;491
128;492
128;493
128;494
128;495
128;496
128;497
128;498
128;499
128;500
128;501
128;502
128;503
128;504
128;505
128;506
128;507
128;508
128;509
128;510
128;511
128;512
128;513
128;514
128;515
128;516
128;517
128;518
128;519
128;520
128;521
128;522
128;523
128;524
128;525
128;526
129;16
129;17
129;18
129;19
129;20
129;21
129;22
129;23
129;24
129;25
129;26
129;27
129;28
129;29
129;30
129;31
129;32
129;33
129;34
129;35
129;36
129;37
129;38
129;39
129;40
129;41
129;42
129;43
129;44
129;45
129;46
129;47
129;48
129;49
129;50
129;51
129;52
129;53
129;54
129;55
129;56
129;57
129;58
129;59
129;60
129;61
129;62
129;63
129;64
129;65
129;66
129;67
129;68
129;69
129;70
129;71
129;72
129;73
129;74
129;75
129;76
129;77
129;78
129;79
129;80
129;81
129;82
129;83
129;84
129;85
129;86
129;87
129;88
129;89
129;90
129;91
129;92
129;93
129;94
129;95
129;96
129;97
129;98
129;99
129;100
129;101
129;102
129;103
129;104
129;105
129;106
129;107
129;108
129;109
129;110
129;111
129;112
129;113
129;114
129;115
129;116
129;117
129;118
129;119
129;120
129;121
129;122
129;123
129;124
129;125
129;126
129;127
129;128
129;129
129;130
129;131
129;132
129;133
129;134
129;135
129;136
129;137
129;138
129;139
129;140
129;141
129;142
129;143
129;144
129;145
129;146
129;147
129;148
129;149
129;150
129;151
129;152
129;153
129;154
129;155
129;156
129;157
129;158
129;159
129;160
129;161
129;162
129;163
129;164
129;165
129;166
129;167
129;168
129;169
129;170
129;171
129;172
129;173
129;174
129;175
129;176
129;177
129;178
129;179
129;180
129;181
129;182
129;183
129;184
129;185
129;186
129;187
129;188
129;189
129;190
129;191
129;192
129;193
129;194
129;195
129;196
129;197
129;198
129;199
129;200
129;201
129;202
129;203
129;204
129;205
129;206
129;207
129;208
129;209
129;210
129;211
129;212
129;213
129;214
129;215
129;216
129;217
129;218
129;219
129;220
129;221
129;222
129;223
129;224
129;225
129;226
129;227
129;228
129;229
129;230
129;231
129;232
129;233
129;234
129;235
129;236
129;237
129;238
129;239
129;240
129;241
129;242
129;243
129;244
129;245
129;246
129;247
129;369
129;370
129;371
129;372
129;373
129;374
129;375
129;376
129;377
129;378
129;379
129;380
129;381
129;382
129;383
129;384
129;385
129;386
129;387
129;388
129;389
129;390
129;391
129;392
129;393
129;394
129;395
129;396
129;397
129;398
129;399
129;400
129;401
129;402
129;403
129;404
129;405
129;406
129;407
129;408
129;409
129;410
129;411
129;412
129;413
129;414
129;415
129;416
129;417
129;418
129;419
129;420
129;421
129;422
129;423
129;424
129;425
129;426
129;427
129;428
129;429
129;430
129;431
129;432
129;433
129;434
129;435
129;436
129;437
129;438
129;439
129;440
129;441
129;442
129;443
129;444
129;445
129;446
129;447
129;448
129;449
129;450
129;451
129;452
129;453
129;454
129;455
129;456
129;457
129;458
129;459
129;460
129;461
129;462
129;463
129;464
129;465
129;466
129;467
129;468
129;469
129;470
129;471
129;472
129;473
129;474
129;475
129;476
129;477
129;478
129;479
129;480
129;481
129;482
129;483
129;484
129;485
129;486
129;487
129;488
129;489
129;490
129;491
129;492
129;493
129;494
129;495
129;496
129;497
129;498
129;499
129;500
129;501
129;502
129;503
129;504
129;505
129;506
129;507
129;508
129;509
129;510
129;511
129;512
129;513
129;514
129;515
129;516
129;517
129;518
129;519
129;520
129;521
129;522
129;523
129;524
129;525
129;526
130;16
130;17
130;18
130;19
130;20
130;21
130;22
130;23
130;24
130;25
130;26
130;27
130;28
130;29
130;30
130;31
130;32
130;33
130;34
130;35
130;36
130;37
130;38
130;39
130;40
130;41
130;42
130;43
130;44
130;45
130;46
130;47
130;48
130;49
130;50
130;51
130;52
130;53
130;54
130;55
130;56
130;57
130;58
130;59
130;60
130;61
130;62
130;63
130;64
130;65
130;66
130;67
130;68
130;69
130;70
130;71
130;72
130;73
130;74
130;75
130;76
130;77
130;78
130;79
130;80
130;81
130;82
130;83
130;84
130;85
130;86
130;87
130;88
130;89
130;90
130;91
130;92
130;93
130;94
130;95
130;96
130;97
130;98
130;99
130;100
130;101
130;102
130;103
130;104
130;105
130;106
130;107
130;108
130;109
130;110
130;111
130;112
130;113
130;114
130;115
130;116
130;117
130;118
130;119
130;120
130;121
130;122
130;123
130;124
130;125
130;126
130;127
130;128
130;129
130;130
130;131
130;132
130;133
130;134
130;135
130;136
130;137
130;138
130;139
130;140
130;141
130;142
130;143
130;144
130;145
130;146
130;147
130;148
130;149
130;150
130;151
130;152
130;153
130;154
130;155
130;156
130;157
130;158
130;159
130;160
130;161
130;162
130;163
130;164
130;165
130;166
130;167
130;168
130;169
130;170
130;171
130;172
130;173
130;174
130;175
130;176
130;177
130;178
130;179
130;180
130;181
130;182
130;183
130;184
130;185
130;186
130;187
130;188
130;189
130;190
130;191
130;192
130;193
130;194
130;195
130;196
130;197
130;198
130;199
130;200
130;201
130;202
130;203
130;204
130;205
130;206
130;207
130;208
130;209
130;210
130;211
130;212
130;213
130;214
130;215
130;216
130;217
130;218
130;219
130;220
130;221
130;222
130;223
130;224
130;225
130;226
130;227
130;228
130;229
130;230
130;231
130;232
130;233
130;234
130;235
130;236
130;237
130;238
130;239
130;240
130;241
130;242
130;243
130;244
130;245
130;246
130;247
130;248
130;249
130;369
130;370
130;371
130;372
130;373
130;374
130;375
130;376
130;377
130;378
130;379
130;380
130;381
130;382
130;383
130;384
130;385
130;386
130;387
130;388
130;389
130;390
130;391
130;392
130;393
130;394
130;395
130;396
130;397
130;398
130;399
130;400
130;401
130;402
130;403
130;404
130;405
130;406
130;407
130;408
130;409
130;410
130;411
130;412
130;413
130;414
130;415
130;416
130;417
130;418
130;419
130;420
130;421
130;422
130;423
130;424
130;425
130;426
130;427
130;428
130;429
130;430
130;431
130;432
130;433
130;434
130;435
130;436
130;437
130;438
130;439
130;440
130;441
130;442
130;443
130;444
130;445
130;446
130;447
130;448
130;449
130;450
130;451
130;452
130;453
130;454
130;455
130;456
130;457
130;458
130;459
130;460
130;461
130;462
130;463
130;464
130;465
130;466
130;467
130;468
130;469
130;470
130;471
130;472
130;473
130;474
130;475
130;476
130;477
130;478
130;479
130;480
130;481
130;482
130;483
130;484
130;485
130;486
130;487
130;488
130;489
130;490
130;491
130;492
130;493
130;494
130;495
130;496
130;497
130;498
130;499
130;500
130;501
130;502
130;503
130;504
130;505
130;506
130;507
130;508
130;509
130;510
130;511
130;512
130;513
130;514
130;515
130;516
130;517
130;518
130;519
130;520
130;521
130;522
130;523
130;524
130;525
131;18
131;19
131;20
131;21
131;22
131;23
131;24
131;25
131;26
131;27
131;28
131;29
131;30
131;31
131;32
131;33
131;34
131;35
131;36
131;37
131;38
131;39
131;40
131;41
131;42
131;43
131;44
131;45
131;46
131;47
131;48
131;49
131;50
131;51
131;52
131;53
131;54
131;55
131;56
131;57
131;58
131;59
131;60
131;61
131;62
131;63
131;64
131;65
131;66
131;67
131;68
131;69
131;70
131;71
131;72
131;73
131;74
131;75
131;76
131;77
131;78
131;79
131;80
131;81
131;82
131;83
131;84
131;85
131;86
131;87
131;88
131;89
131;90
131;91
131;92
131;93
131;94
131;95
131;96
131;97
131;98
131;99
131;100
131;101
131;102
131;103
131;104
131;105
131;106
131;107
131;108
131;109
131;110
131;111
131;112
131;113
131;114
131;115
131;116
131;117
131;118
131;119
131;120
131;121
131;122
131;123
131;124
131;125
131;126
131;127
131;128
131;129
131;130
131;131
131;132
131;133
131;134
131;135
131;136
131;137
131;138
131;139
131;140
131;141
131;142
131;143
131;144
131;145
131;146
131;147
131;148
131;149
131;150
131;151
131;152
131;153
131;154
131;155
131;156
131;157
131;158
131;159
131;160
131;161
131;162
131;163
131;164
131;165
131;166
131;167
131;168
131;169
131;170
131;171
131;172
131;173
131;174
131;175
131;176
131;177
131;178
131;179
131;180
131;181
131;182
131;183
131;184
131;185
131;186
131;187
131;188
131;189
131;190
131;191
131;192
131;193
131;194
131;195
131;196
131;197
131;198
131;199
131;200
131;201
131;202
131;203
131;204
131;205
131;206
131;207
131;208
131;209
131;210
131;211
131;212
131;213
131;214
131;215
131;216
131;217
131;218
131;219
131;220
131;221
131;222
131;223
131;224
131;225
131;226
131;227
131;228
131;229
131;230
131;231
131;232
131;233
131;234
131;235
131;236
131;237
131;238
131;239
131;240
131;241
131;242
131;243
131;244
131;245
131;246
131;247
131;248
131;249
131;367
131;368
131;369
131;370
131;371
131;372
131;373
131;374
131;375
131;376
131;377
131;378
131;379
131;380
131;381
131;382
131;383
131;384
131;385
131;386
131;387
131;388
131;389
131;390
131;391
131;392
131;393
131;394
131;395
131;396
131;397
131;398
131;399
131;400
131;401
131;402
131;403
131;404
131;405
131;406
131;407
131;408
131;409
131;410
131;411
131;412
131;413
131;414
131;415
131;416
131;417
131;418
131;419
131;420
131;421
131;422
131;423
131;424
131;425
131;426
131;427
131;428
131;429
131;430
131;431
131;432
131;433
131;434
131;435
131;436
131;437
131;438
131;439
131;440
131;441
131;442
131;443
131;444
131;445
131;446
131;447
131;448
131;449
131;450
131;451
131;452
131;453
131;454
131;455
131;456
131;457
131;458
131;459
131;460
131;461
131;462
131;463
131;464
131;465
131;466
131;467
131;468
131;469
131;470
131;471
131;472
131;473
131;474
131;475
131;476
131;477
131;478
131;479
131;480
131;481
131;482
131;483
131;484
131;485
131;486
131;487
131;488
131;489
131;490
131;491
131;492
131;493
131;494
131;495
131;496
131;497
131;498
131;499
131;500
131;501
131;502
131;503
131;504
131;505
131;506
131;507
131;508
131;509
131;510
131;511
131;512
131;513
131;514
131;515
131;516
131;517
131;518
131;519
131;520
131;521
131;522
131;523
131;524
132;20
132;21
132;22
132;23
132;24
132;25
132;26
132;27
132;28
132;29
132;30
132;31
132;32
132;33
132;34
132;35
132;36
132;37
132;38
132;39
132;40
132;41
132;42
132;43
132;44
132;45
132;46
132;47
132;48
132;49
132;50
132;51
132;52
132;53
132;54
132;55
132;56
132;57
132;58
132;59
132;60
132;61
132;62
132;63
132;64
132;65
132;66
132;67
132;68
132;69
132;70
132;71
132;72
132;73
132;74
132;75
132;76
132;77
132;78
132;79
132;80
132;81
132;82
132;83
132;84
132;85
132;86
132;87
132;88
132;89
132;90
132;91
132;92
132;93
132;94
132;95
132;96
132;97
132;98
132;99
132;100
132;101
132;102
132;103
132;104
132;105
132;106
132;107
132;108
132;109
132;110
132;111
132;112
132;113
132;114
132;115
132;116
132;117
132;118
132;119
132;120
132;121
132;122
132;123
132;124
132;125
132;126
132;127
132;128
132;129
132;130
132;131
132;132
132;133
132;134
132;135
132;136
132;137
132;138
132;139
132;140
132;141
132;142
132;143
132;144
132;145
132;146
132;147
132;148
132;149
132;150
132;151
132;152
132;153
132;154
132;155
132;156
132;157
132;158
132;159
132;160
132;161
132;162
132;163
132;164
132;165
132;166
132;167
132;168
132;169
132;170
132;171
132;172
132;173
132;174
132;175
132;176
132;177
132;178
132;179
132;180
132;181
132;182
132;183
132;184
132;185
132;186
132;187
132;188
132;189
132;190
132;191
132;192
132;193
132;194
132;195
132;196
132;197
132;198
132;199
132;200
132;201
132;202
132;203
132;204
132;205
132;206
132;207
132;208
132;209
132;210
132;211
132;212
132;213
132;214
132;215
132;216
132;217
132;218
132;219
132;220
132;221
132;222
132;223
132;224
132;225
132;226
132;227
132;228
132;229
132;230
132;231
132;232
132;233
132;234
132;235
132;236
132;237
132;238
132;239
132;240
132;241
132;242
132;243
132;244
132;245
132;246
132;247
132;248
132;249
132;250
132;251
132;367
132;368
132;369
132;370
132;371
132;372
132;373
132;374
132;375
132;376
132;377
132;378
132;379
132;380
132;381
132;382
132;383
132;384
132;385
132;386
132;387
132;388
132;389
132;390
132;391
132;392
132;393
132;394
132;395
132;396
132;397
132;398
132;399
132;400
132;401
132;402
132;403
132;404
132;405
132;406
132;407
132;408
132;409
132;410
132;411
132;412
132;413
132;414
132;415
132;416
132;417
132;418
132;419
132;420
132;421
132;422
132;423
132;424
132;425
132;426
132;427
132;428
132;429
132;430
132;431
132;432
132;433
132;434
132;435
132;436
132;437
132;438
132;439
132;440
132;441
132;442
132;443
132;444
132;445
132;446
132;447
132;448
132;449
132;450
132;451
132;452
132;453
132;454
132;455
132;456
132;457
132;458
132;459
132;460
132;461
132;462
132;463
132;464
132;465
132;466
132;467
132;468
132;469
132;470
132;471
132;472
132;473
132;474
132;475
132;476
132;477
132;478
132;479
132;480
132;481
132;482
132;483
132;484
132;485
132;486
132;487
132;488
132;489
132;490
132;491
132;492
132;493
132;494
132;495
132;496
132;497
132;498
132;499
132;500
132;501
132;502
132;503
132;504
132;505
132;506
132;507
132;508
132;509
132;510
132;511
132;512
132;513
132;514
132;515
132;516
132;517
132;518
132;519
132;520
132;521
132;522
132;523
132;524
133;22
133;23
133;24
133;25
133;26
133;27
133;28
133;29
133;30
133;31
133;32
133;33
133;34
133;35
133;36
133;37
133;38
133;39
133;40
133;41
133;42
133;43
133;44
133;45
133;46
133;47
133;48
133;49
133;50
133;51
133;52
133;53
133;54
133;55
133;56
133;57
133;58
133;59
133;60
133;61
133;62
133;63
133;64
133;65
133;66
133;67
133;68
133;69
133;70
133;71
133;72
133;73
133;74
133;75
133;76
133;77
133;78
133;79
133;80
133;81
133;82
133;83
133;84
133;85
133;86
133;87
133;88
133;89
133;90
133;91
133;92
133;93
133;94
133;95
133;96
133;97
133;98
133;99
133;100
133;101
133;102
133;103
133;104
133;105
133;106
133;107
133;108
133;109
133;110
133;111
133;112
133;113
133;114
133;115
133;116
133;117
133;118
133;119
133;120
133;121
133;122
133;123
133;124
133;125
133;126
133;127
133;128
133;129
133;130
133;131
133;132
133;133
133;134
133;135
133;136
133;137
133;138
133;139
133;140
133;141
133;142
133;143
133;144
133;145
133;146
133;147
133;148
133;149
133;150
133;151
133;152
133;153
133;154
133;155
133;156
133;157
133;158
133;159
133;160
133;161
133;162
133;163
133;164
133;165
133;166
133;167
133;168
133;169
133;170
133;171
133;172
133;173
133;174
133;175
133;176
133;177
133;178
133;179
133;180
133;181
133;182
133;183
133;184
133;185
133;186
133;187
133;188
133;189
133;190
133;191
133;192
133;193
133;194
133;195
133;196
133;197
133;198
133;199
133;200
133;201
133;202
133;203
133;204
133;205
133;206
133;207
133;208
133;209
133;210
133;211
133;212
133;213
133;214
133;215
133;216
133;217
133;218
133;219
133;220
133;221
133;222
133;223
133;224
133;225
133;226
133;227
133;228
133;229
133;230
133;231
133;232
133;233
133;234
133;235
133;236
133;237
133;238
133;239
133;240
133;241
133;242
133;243
133;244
133;245
133;246
133;247
133;248
133;249
133;250
133;251
133;365
133;366
133;367
133;368
133;369
133;370
133;371
133;372
133;373
133;374
133;375
133;376
133;377
133;378
133;379
133;380
133;381
133;382
133;383
133;384
133;385
133;386
133;387
133;388
133;389
133;390
133;391
133;392
133;393
133;394
133;395
133;396
133;397
133;398
133;399
133;400
133;401
133;402
133;403
133;404
133;405
133;406
133;407
133;408
133;409
133;410
133;411
133;412
133;413
133;414
133;415
133;416
133;417
133;418
133;419
133;420
133;421
133;422
133;423
133;424
133;425
133;426
133;427
133;428
133;429
133;430
133;431
133;432
133;433
133;434
133;435
133;436
133;437
133;438
133;439
133;440
133;441
133;442
133;443
133;444
133;445
133;446
133;447
133;448
133;449
133;450
133;451
133;452
133;453
133;454
133;455
133;456
133;457
133;458
133;459
133;460
133;461
133;462
133;463
133;464
133;465
133;466
133;467
133;468
133;469
133;470
133;471
133;472
133;473
133;474
133;475
133;476
133;477
133;478
133;479
133;480
133;481
133;482
133;483
133;484
133;485
133;486
133;487
133;488
133;489
133;490
133;491
133;492
133;493
133;494
133;495
133;496
133;497
133;498
133;499
133;500
133;501
133;502
133;503
133;504
133;505
133;506
133;507
133;508
133;509
133;510
133;511
133;512
133;513
133;514
133;515
133;516
133;517
133;518
133;519
133;520
133;521
133;522
133;523
134;24
134;25
134;26
134;27
134;28
134;29
134;30
134;31
134;32
134;33
134;34
134;35
134;36
134;37
134;38
134;39
134;40
134;41
134;42
134;43
134;44
134;45
134;46
134;47
134;48
134;49
134;50
134;51
134;52
134;53
134;54
134;55
134;56
134;57
134;58
134;59
134;60
134;61
134;62
134;63
134;64
134;65
134;66
134;67
134;68
134;69
134;70
134;71
134;72
134;73
134;74
134;75
134;76
134;77
134;78
134;79
134;80
134;81
134;82
134;83
134;84
134;85
134;86
134;87
134;88
134;89
134;90
134;91
134;92
134;93
134;94
134;95
134;96
134;97
134;98
134;99
134;100
134;101
134;102
134;103
134;104
134;105
134;106
134;107
134;108
134;109
134;110
134;111
134;112
134;113
134;114
134;115
134;116
134;117
134;118
134;119
134;120
134;121
134;122
134;123
134;124
134;125
134;126
134;127
134;128
134;129
134;130
134;131
134;132
134;133
134;134
134;135
134;136
134;137
134;138
134;139
134;140
134;141
134;142
134;143
134;144
134;145
134;146
134;147
134;148
134;149
134;150
134;151
134;152
134;153
134;154
134;155
134;156
134;157
134;158
134;159
134;160
134;161
134;162
134;163
134;164
134;165
134;166
134;167
134;168
134;169
134;170
134;171
134;172
134;173
134;174
134;175
134;176
134;177
134;178
134;179
134;180
134;181
134;182
134;183
134;184
134;185
134;186
134;187
134;188
134;189
134;190
134;191
134;192
134;193
134;194
134;195
134;196
134;197
134;198
134;199
134;200
134;201
134;202
134;203
134;204
134;205
134;206
134;207
134;208
134;209
134;210
134;211
134;212
134;213
134;214
134;215
134;216
134;217
134;218
134;219
134;220
134;221
134;222
134;223
134;224
134;225
134;226
134;227
134;228
134;229
134;230
134;231
134;232
134;233
134;234
134;235
134;236
134;237
134;238
134;239
134;240
134;241
134;242
134;243
134;244
134;245
134;246
134;247
134;248
134;249
134;250
134;251
134;252
134;365
134;366
134;367
134;368
134;369
134;370
134;371
134;372
134;373
134;374
134;375
134;376
134;377
134;378
134;379
134;380
134;381
134;382
134;383
134;384
134;385
134;386
134;387
134;388
134;389
134;390
134;391
134;392
134;393
134;394
134;395
134;396
134;397
134;398
134;399
134;400
134;401
134;402
134;403
134;404
134;405
134;406
134;407
134;408
134;409
134;410
134;411
134;412
134;413
134;414
134;415
134;416
134;417
134;418
134;419
134;420
134;421
134;422
134;423
134;424
134;425
134;426
134;427
134;428
134;429
134;430
134;431
134;432
134;433
134;434
134;435
134;436
134;437
134;438
134;439
134;440
134;441
134;442
134;443
134;444
134;445
134;446
134;447
134;448
134;449
134;450
134;451
134;452
134;453
134;454
134;455
134;456
134;457
134;458
134;459
134;460
134;461
134;462
134;463
134;464
134;465
134;466
134;467
134;468
134;469
134;470
134;471
134;472
134;473
134;474
134;475
134;476
134;477
134;478
134;479
134;480
134;481
134;482
134;483
134;484
134;485
134;486
134;487
134;488
134;489
134;490
134;491
134;492
134;493
134;494
134;495
134;496
134;497
134;498
134;499
134;500
134;501
134;502
134;503
134;504
134;505
134;506
134;507
134;508
134;509
134;510
134;511
134;512
134;513
134;514
134;515
134;516
134;517
134;518
134;519
134;520
134;521
134;522
135;26
135;27
135;28
135;29
135;30
135;31
135;32
135;33
135;34
135;35
135;36
135;37
135;38
135;39
135;40
135;41
135;42
135;43
135;44
135;45
135;46
135;47
135;48
135;49
135;50
135;51
135;52
135;53
135;54
135;55
135;56
135;57
135;58
135;59
135;60
135;61
135;62
135;63
135;64
135;65
135;66
135;67
135;68
135;69
135;70
135;71
135;72
135;73
135;74
135;75
135;76
135;77
135;78
135;79
135;80
135;81
135;82
135;83
135;84
135;85
135;86
135;87
135;88
135;89
135;90
135;91
135;92
135;93
135;94
135;95
135;96
135;97
135;98
135;99
135;100
135;101
135;102
135;103
135;104
135;105
135;106
135;107
135;108
135;109
135;110
135;111
135;112
135;113
135;114
135;115
135;116
135;117
135;118
135;119
135;120
135;121
135;122
135;123
135;124
135;125
135;126
135;127
135;128
135;129
135;130
135;131
135;132
135;133
135;134
135;135
135;136
135;137
135;138
135;139
135;140
135;141
135;142
135;143
135;144
135;145
135;146
135;147
135;148
135;149
135;150
135;151
135;152
135;153
135;154
135;155
135;156
135;157
135;158
135;159
135;160
135;161
135;162
135;163
135;164
135;165
135;166
135;167
135;168
135;169
135;170
135;171
135;172
135;173
135;174
135;175
135;176
135;177
135;178
135;179
135;180
135;181
135;182
135;183
135;184
135;185
135;186
135;187
135;188
135;189
135;190
135;191
135;192
135;193
135;194
135;195
135;196
135;197
135;198
135;199
135;200
135;201
135;202
135;203
135;204
135;205
135;206
135;207
135;208
135;209
135;210
135;211
135;212
135;213
135;214
135;215
135;216
135;217
135;218
135;219
135;220
135;221
135;222
135;223
135;224
135;225
135;226
135;227
135;228
135;229
135;230
135;231
135;232
135;233
135;234
135;235
135;236
135;237
135;238
135;239
135;240
135;241
135;242
135;243
135;244
135;245
135;246
135;247
135;248
135;249
135;250
135;251
135;252
135;253
135;363
135;364
135;365
135;366
135;367
135;368
135;369
135;370
135;371
135;372
135;373
135;374
135;375
135;376
135;377
135;378
135;379
135;380
135;381
135;382
135;383
135;384
135;385
135;386
135;387
135;388
135;389
135;390
135;391
135;392
135;393
135;394
135;395
135;396
135;397
135;398
135;399
135;400
135;401
135;402
135;403
135;404
135;405
135;406
135;407
135;408
135;409
135;410
135;411
135;412
135;413
135;414
135;415
135;416
135;417
135;418
135;419
135;420
135;421
135;422
135;423
135;424
135;425
135;426
135;427
135;428
135;429
135;430
135;431
135;432
135;433
135;434
135;435
135;436
135;437
135;438
135;439
135;440
135;441
135;442
135;443
135;444
135;445
135;446
135;447
135;448
135;449
135;450
135;451
135;452
135;453
135;454
135;455
135;456
135;457
135;458
135;459
135;460
135;461
135;462
135;463
135;464
135;465
135;466
135;467
135;468
135;469
135;470
135;471
135;472
135;473
135;474
135;475
135;476
135;477
135;478
135;479
135;480
135;481
135;482
135;483
135;484
135;485
135;486
135;487
135;488
135;489
135;490
135;491
135;492
135;493
135;494
135;495
135;496
135;497
135;498
135;499
135;500
135;501
135;502
135;503
135;504
135;505
135;506
135;507
135;508
135;509
135;510
135;511
135;512
135;513
135;514
135;515
135;516
135;517
135;518
135;519
135;520
135;521
135;522
136;28
136;29
136;30
136;31
136;32
136;33
136;34
136;35
136;36
136;37
136;38
136;39
136;40
136;41
136;42
136;43
136;44
136;45
136;46
136;47
136;48
136;49
136;50
136;51
136;52
136;53
136;54
136;55
136;56
136;57
136;58
136;59
136;60
136;61
136;62
136;63
136;64
136;65
136;66
136;67
136;68
136;69
136;70
136;71
136;72
136;73
136;74
136;75
136;76
136;77
136;78
136;79
136;80
136;81
136;82
136;83
136;84
136;85
136;86
136;87
136;88
136;89
136;90
136;91
136;92
136;93
136;94
136;95
136;96
136;97
136;98
136;99
136;100
136;101
136;102
136;103
136;104
136;105
136;106
136;107
136;108
136;109
136;110
136;111
136;112
136;113
136;114
136;115
136;116
136;117
136;118
136;119
136;120
136;121
136;122
136;123
136;124
136;125
136;126
136;127
136;128
136;129
136;130
136;131
136;132
136;133
136;134
136;135
136;136
136;137
136;138
136;139
136;140
136;141
136;142
136;143
136;144
136;145
136;146
136;147
136;148
136;149
136;150
136;151
136;152
136;153
136;154
136;155
136;156
136;157
136;158
136;159
136;160
136;161
136;162
136;163
136;164
136;165
136;166
136;167
136;168
136;169
136;170
136;171
136;172
136;173
136;174
136;175
136;176
136;177
136;178
136;179
136;180
136;181
136;182
136;183
136;184
136;185
136;186
136;187
136;188
136;189
136;190
136;191
136;192
136;193
136;194
136;195
136;196
136;197
136;198
136;199
136;200
136;201
136;202
136;203
136;204
136;205
136;206
136;207
136;208
136;209
136;210
136;211
136;212
136;213
136;214
136;215
136;216
136;217
136;218
136;219
136;220
136;221
136;222
136;223
136;224
136;225
136;226
136;227
136;228
136;229
136;230
136;231
136;232
136;233
136;234
136;235
136;236
136;237
136;238
136;239
136;240
136;241
136;242
136;243
136;244
136;245
136;246
136;247
136;248
136;249
136;250
136;251
136;252
136;253
136;254
136;362
136;363
136;364
136;365
136;366
136;367
136;368
136;369
136;370
136;371
136;372
136;373
136;374
136;375
136;376
136;377
136;378
136;379
136;380
136;381
136;382
136;383
136;384
136;385
136;386
136;387
136;388
136;389
136;390
136;391
136;392
136;393
136;394
136;395
136;396
136;397
136;398
136;399
136;400
136;401
136;402
136;403
136;404
136;405
136;406
136;407
136;408
136;409
136;410
136;411
136;412
136;413
136;414
136;415
136;416
136;417
136;418
136;419
136;420
136;421
136;422
136;423
136;424
136;425
136;426
136;427
136;428
136;429
136;430
136;431
136;432
136;433
136;434
136;435
136;436
136;437
136;438
136;439
136;440
136;441
136;442
136;443
136;444
136;445
136;446
136;447
136;448
136;449
136;450
136;451
136;452
136;453
136;454
136;455
136;456
136;457
136;458
136;459
136;460
136;461
136;462
136;463
136;464
136;465
136;466
136;467
136;468
136;469
136;470
136;471
136;472
136;473
136;474
136;475
136;476
136;477
136;478
136;479
136;480
136;481
136;482
136;483
136;484
136;485
136;486
136;487
136;488
136;489
136;490
136;491
136;492
136;493
136;494
136;495
136;496
136;497
136;498
136;499
136;500
136;501
136;502
136;503
136;504
136;505
136;506
136;507
136;508
136;509
136;510
136;511
136;512
136;513
136;514
136;515
136;516
136;517
136;518
136;519
136;520
136;521
137;30
137;31
137;32
137;33
137;34
137;35
137;36
137;37
137;38
137;39
137;40
137;41
137;42
137;43
137;44
137;45
137;46
137;47
137;48
137;49
137;50
137;51
137;52
137;53
137;54
137;55
137;56
137;57
137;58
137;60
137;61
137;62
137;63
137;64
137;65
137;66
137;67
137;68
137;69
137;70
137;71
137;72
137;73
137;74
137;75
137;76
137;77
137;78
137;79
137;80
137;81
137;82
137;83
137;84
137;85
137;86
137;87
137;88
137;89
137;90
137;91
137;92
137;93
137;94
137;95
137;96
137;97
137;98
137;99
137;100
137;101
137;102
137;103
137;104
137;105
137;106
137;107
137;108
137;109
137;110
137;111
137;112
137;113
137;114
137;115
137;116
137;117
137;118
137;119
137;120
137;121
137;122
137;123
137;124
137;125
137;126
137;127
137;128
137;129
137;130
137;131
137;132
137;133
137;134
137;135
137;136
137;137
137;138
137;139
137;140
137;141
137;142
137;143
137;144
137;145
137;146
137;147
137;148
137;149
137;150
137;151
137;152
137;153
137;154
137;155
137;156
137;157
137;158
137;159
137;160
137;161
137;162
137;163
137;164
137;165
137;166
137;167
137;168
137;169
137;170
137;171
137;172
137;173
137;174
137;175
137;176
137;177
137;178
137;179
137;180
137;181
137;182
137;183
137;184
137;185
137;186
137;187
137;188
137;189
137;190
137;191
137;192
137;193
137;194
137;195
137;196
137;197
137;198
137;199
137;200
137;201
137;202
137;203
137;204
137;205
137;206
137;207
137;208
137;209
137;210
137;211
137;212
137;213
137;214
137;215
137;216
137;217
137;218
137;219
137;220
137;221
137;222
137;223
137;224
137;225
137;226
137;227
137;228
137;229
137;230
137;231
137;232
137;233
137;234
137;235
137;236
137;237
137;238
137;239
137;240
137;241
137;242
137;243
137;244
137;245
137;246
137;247
137;248
137;249
137;250
137;251
137;252
137;253
137;254
137;255
137;361
137;362
137;363
137;364
137;365
137;366
137;367
137;368
137;369
137;370
137;371
137;372
137;373
137;374
137;375
137;376
137;377
137;378
137;379
137;380
137;381
137;382
137;383
137;384
137;385
137;386
137;387
137;388
137;389
137;390
137;391
137;392
137;393
137;394
137;395
137;396
137;397
137;398
137;399
137;400
137;401
137;402
137;403
137;404
137;405
137;406
137;407
137;408
137;409
137;410
137;411
137;412
137;413
137;414
137;415
137;416
137;417
137;418
137;419
137;420
137;421
137;422
137;423
137;424
137;425
137;426
137;427
137;428
137;429
137;430
137;431
137;432
137;433
137;434
137;435
137;436
137;437
137;438
137;439
137;440
137;441
137;442
137;443
137;444
137;445
137;446
137;447
137;448
137;449
137;450
137;451
137;452
137;453
137;454
137;455
137;456
137;457
137;458
137;459
137;460
137;461
137;462
137;463
137;464
137;465
137;466
137;467
137;468
137;469
137;470
137;471
137;472
137;473
137;474
137;475
137;476
137;477
137;478
137;479
137;480
137;481
137;482
137;483
137;484
137;485
137;486
137;487
137;488
137;489
137;490
137;491
137;492
137;493
137;494
137;495
137;496
137;497
137;498
137;499
137;500
137;501
137;502
137;503
137;504
137;505
137;506
137;507
137;508
137;509
137;510
137;511
137;512
137;513
137;514
137;515
137;516
137;517
137;518
137;519
137;520
138;34
138;36
138;37
138;38
138;39
138;40
138;41
138;42
138;43
138;44
138;45
138;46
138;47
138;48
138;49
138;50
138;51
138;52
138;53
138;54
138;61
138;62
138;63
138;64
138;65
138;66
138;67
138;68
138;69
138;70
138;71
138;72
138;73
138;74
138;75
138;76
138;77
138;78
138;79
138;80
138;81
138;82
138;83
138;84
138;85
138;86
138;87
138;88
138;89
138;90
138;91
138;92
138;93
138;94
138;95
138;96
138;97
138;98
138;99
138;100
138;101
138;102
138;103
138;104
138;105
138;106
138;107
138;108
138;109
138;110
138;111
138;112
138;113
138;114
138;115
138;116
138;117
138;118
138;119
138;120
138;121
138;122
138;123
138;124
138;125
138;126
138;127
138;128
138;129
138;130
138;131
138;132
138;133
138;134
138;135
138;136
138;137
138;138
138;139
138;140
138;141
138;142
138;143
138;144
138;145
138;146
138;147
138;148
138;149
138;150
138;151
138;152
138;153
138;154
138;155
138;156
138;157
138;158
138;159
138;160
138;161
138;162
138;163
138;164
138;165
138;166
138;167
138;168
138;169
138;170
138;171
138;172
138;173
138;174
138;175
138;176
138;177
138;178
138;179
138;180
138;181
138;182
138;183
138;184
138;185
138;186
138;187
138;188
138;189
138;190
138;191
138;192
138;193
138;194
138;195
138;196
138;197
138;198
138;199
138;200
138;201
138;202
138;203
138;204
138;205
138;206
138;207
138;208
138;209
138;210
138;211
138;212
138;213
138;214
138;215
138;216
138;217
138;218
138;219
138;220
138;221
138;222
138;223
138;224
138;225
138;226
138;227
138;228
138;229
138;230
138;231
138;232
138;233
138;234
138;235
138;236
138;237
138;238
138;239
138;240
138;241
138;242
138;243
138;244
138;245
138;246
138;247
138;248
138;249
138;250
138;251
138;252
138;253
138;254
138;360
138;361
138;362
138;363
138;364
138;365
138;366
138;367
138;368
138;369
138;370
138;371
138;372
138;373
138;374
138;375
138;376
138;377
138;378
138;379
138;380
138;381
138;382
138;383
138;384
138;385
138;386
138;387
138;388
138;389
138;390
138;391
138;392
138;393
138;394
138;395
138;396
138;397
138;398
138;399
138;400
138;401
138;402
138;403
138;404
138;405
138;406
138;407
138;408
138;409
138;410
138;411
138;412
138;413
138;414
138;415
138;416
138;417
138;418
138;419
138;420
138;421
138;422
138;423
138;424
138;425
138;426
138;427
138;428
138;429
138;430
138;431
138;432
138;433
138;434
138;435
138;436
138;437
138;438
138;439
138;440
138;441
138;442
138;443
138;444
138;445
138;446
138;447
138;448
138;449
138;450
138;451
138;452
138;453
138;454
138;455
138;456
138;457
138;458
138;459
138;460
138;461
138;462
138;463
138;464
138;465
138;466
138;467
138;468
138;469
138;470
138;471
138;472
138;473
138;474
138;475
138;476
138;477
138;478
138;479
138;480
138;481
138;482
138;483
138;484
138;485
138;486
138;487
138;488
138;489
138;490
138;491
138;492
138;493
138;494
138;495
138;496
138;497
138;498
138;499
138;500
138;501
138;502
138;503
138;504
138;505
138;506
138;507
138;508
138;509
138;510
138;511
138;512
138;513
138;514
138;515
138;516
138;517
138;518
138;519
139;40
139;42
139;44
139;46
139;48
139;62
139;63
139;64
139;65
139;66
139;67
139;68
139;69
139;70
139;71
139;72
139;73
139;74
139;75
139;76
139;77
139;78
139;79
139;80
139;81
139;82
139;83
139;84
139;85
139;86
139;87
139;88
139;89
139;90
139;91
139;92
139;93
139;94
139;95
139;96
139;97
139;98
139;99
139;100
139;101
139;102
139;103
139;104
139;105
139;106
139;107
139;108
139;109
139;110
139;111
139;112
139;113
139;114
139;115
139;116
139;117
139;118
139;119
139;120
139;121
139;122
139;123
139;124
139;125
139;126
139;127
139;128
139;129
139;130
139;131
139;132
139;133
139;134
139;135
139;136
139;137
139;138
139;139
139;140
139;141
139;142
139;143
139;144
139;145
139;146
139;147
139;148
139;149
139;150
139;151
139;152
139;153
139;154
139;155
139;156
139;157
139;158
139;159
139;160
139;161
139;162
139;163
139;164
139;165
139;166
139;167
139;168
139;169
139;170
139;171
139;172
139;173
139;174
139;175
139;176
139;177
139;178
139;179
139;180
139;181
139;182
139;183
139;184
139;185
139;186
139;187
139;188
139;189
139;190
139;191
139;192
139;193
139;194
139;195
139;196
139;197
139;198
139;199
139;200
139;201
139;202
139;203
139;204
139;205
139;206
139;207
139;208
139;209
139;210
139;211
139;212
139;213
139;214
139;215
139;216
139;217
139;218
139;219
139;220
139;221
139;222
139;223
139;224
139;225
139;226
139;227
139;228
139;229
139;230
139;231
139;232
139;233
139;234
139;235
139;236
139;237
139;238
139;239
139;240
139;241
139;242
139;243
139;244
139;245
139;246
139;247
139;248
139;249
139;250
139;251
139;252
139;359
139;360
139;361
139;362
139;363
139;364
139;365
139;366
139;367
139;368
139;369
139;370
139;371
139;372
139;373
139;374
139;375
139;376
139;377
139;378
139;379
139;380
139;381
139;382
139;383
139;384
139;385
139;386
139;387
139;388
139;389
139;390
139;391
139;392
139;393
139;394
139;395
139;396
139;397
139;398
139;399
139;400
139;401
139;402
139;403
139;404
139;405
139;406
139;407
139;408
139;409
139;410
139;411
139;412
139;413
139;414
139;415
139;416
139;417
139;418
139;419
139;420
139;421
139;422
139;423
139;424
139;425
139;426
139;427
139;428
139;429
139;430
139;431
139;432
139;433
139;434
139;435
139;436
139;437
139;438
139;439
139;440
139;441
139;442
139;443
139;444
139;445
139;446
139;447
139;448
139;449
139;450
139;451
139;452
139;453
139;454
139;455
139;456
139;457
139;458
139;459
139;460
139;461
139;462
139;463
139;464
139;465
139;466
139;467
139;468
139;469
139;470
139;471
139;472
139;473
139;474
139;475
139;476
139;477
139;478
139;479
139;480
139;481
139;482
139;483
139;484
139;485
139;486
139;487
139;488
139;489
139;490
139;491
139;492
139;493
139;494
139;495
139;496
139;497
139;498
139;499
139;500
139;501
139;502
139;503
139;504
139;505
139;506
139;507
139;508
139;509
139;510
139;511
139;512
139;513
139;514
139;515
139;516
139;517
139;518
140;63
140;64
140;65
140;66
140;67
140;68
140;69
140;70
140;71
140;72
140;73
140;74
140;75
140;76
140;77
140;78
140;79
140;80
140;81
140;82
140;83
140;84
140;85
140;86
140;87
140;88
140;89
140;90
140;91
140;92
140;93
140;94
140;95
140;96
140;97
140;98
140;99
140;100
140;101
140;102
140;103
140;104
140;105
140;106
140;107
140;108
140;109
140;110
140;111
140;112
140;113
140;114
140;115
140;116
140;117
140;118
140;119
140;120
140;121
140;122
140;123
140;124
140;125
140;126
140;127
140;128
140;129
140;130
140;131
140;132
140;133
140;134
140;135
140;136
140;137
140;138
140;139
140;140
140;141
140;142
140;143
140;144
140;145
140;146
140;147
140;148
140;149
140;150
140;151
140;152
140;153
140;154
140;155
140;156
140;157
140;158
140;159
140;160
140;161
140;162
140;163
140;164
140;165
140;166
140;167
140;168
140;169
140;170
140;171
140;172
140;173
140;174
140;175
140;176
140;177
140;178
140;179
140;180
140;181
140;182
140;183
140;184
140;185
140;186
140;187
140;188
140;189
140;190
140;191
140;192
140;193
140;194
140;195
140;196
140;197
140;198
140;199
140;200
140;201
140;202
140;203
140;204
140;205
140;206
140;207
140;208
140;209
140;210
140;211
140;212
140;213
140;214
140;215
140;216
140;217
140;218
140;219
140;220
140;221
140;222
140;223
140;224
140;225
140;226
140;227
140;228
140;229
140;230
140;231
140;232
140;233
140;234
140;235
140;236
140;237
140;238
140;239
140;240
140;241
140;242
140;243
140;244
140;245
140;246
140;247
140;248
140;249
140;250
140;251
140;252
140;358
140;359
140;360
140;361
140;362
140;363
140;364
140;365
140;366
140;367
140;368
140;369
140;370
140;371
140;372
140;373
140;374
140;375
140;376
140;377
140;378
140;379
140;380
140;381
140;382
140;383
140;384
140;385
140;386
140;387
140;388
140;389
140;390
140;391
140;392
140;393
140;394
140;395
140;396
140;397
140;398
140;399
140;400
140;401
140;402
140;403
140;404
140;405
140;406
140;407
140;408
140;409
140;410
140;411
140;412
140;413
140;414
140;415
140;416
140;417
140;418
140;419
140;420
140;421
140;422
140;423
140;424
140;425
140;426
140;427
140;428
140;429
140;430
140;431
140;432
140;433
140;434
140;435
140;436
140;437
140;438
140;439
140;440
140;441
140;442
140;443
140;444
140;445
140;446
140;447
140;448
140;449
140;450
140;451
140;452
140;453
140;454
140;455
140;456
140;457
140;458
140;459
140;460
140;461
140;462
140;463
140;464
140;465
140;466
140;467
140;468
140;469
140;470
140;471
140;472
140;473
140;474
140;475
140;476
140;477
140;478
140;479
140;480
140;481
140;482
140;483
140;484
140;485
140;486
140;487
140;488
140;489
140;490
140;491
140;492
140;493
140;494
140;495
140;496
140;497
140;498
140;499
140;500
140;501
140;502
140;503
140;504
140;505
140;506
140;507
140;508
140;509
140;510
140;511
140;512
140;513
140;514
140;515
140;516
141;64
141;65
141;66
141;67
141;68
141;69
141;70
141;71
141;72
141;73
141;74
141;75
141;76
141;77
141;78
141;79
141;80
141;81
141;82
141;83
141;84
141;85
141;86
141;87
141;88
141;89
141;90
141;91
141;92
141;93
141;94
141;95
141;96
141;97
141;98
141;99
141;100
141;101
141;102
141;103
141;104
141;105
141;106
141;107
141;108
141;109
141;110
141;111
141;112
141;113
141;114
141;115
141;116
141;117
141;118
141;119
141;120
141;121
141;122
141;123
141;124
141;125
141;126
141;127
141;128
141;129
141;130
141;131
141;132
141;133
141;134
141;135
141;136
141;137
141;138
141;139
141;140
141;141
141;142
141;143
141;144
141;145
141;146
141;147
141;148
141;149
141;150
141;151
141;152
141;153
141;154
141;155
141;156
141;157
141;158
141;159
141;160
141;161
141;162
141;163
141;164
141;165
141;166
141;167
141;168
141;169
141;170
141;171
141;172
141;173
141;174
141;175
141;176
141;177
141;178
141;179
141;180
141;181
141;182
141;183
141;184
141;185
141;186
141;187
141;188
141;189
141;190
141;191
141;192
141;193
141;194
141;195
141;196
141;197
141;198
141;199
141;200
141;201
141;202
141;203
141;204
141;205
141;206
141;207
141;208
141;209
141;210
141;211
141;212
141;213
141;214
141;215
141;216
141;217
141;218
141;219
141;220
141;221
141;222
141;223
141;224
141;225
141;226
141;227
141;228
141;229
141;230
141;231
141;232
141;233
141;234
141;235
141;236
141;237
141;238
141;239
141;240
141;241
141;242
141;243
141;244
141;245
141;246
141;247
141;248
141;249
141;250
141;357
141;358
141;359
141;360
141;361
141;362
141;363
141;364
141;365
141;366
141;367
141;368
141;369
141;370
141;371
141;372
141;373
141;374
141;375
141;376
141;377
141;378
141;379
141;380
141;381
141;382
141;383
141;384
141;385
141;386
141;387
141;388
141;389
141;390
141;391
141;392
141;393
141;394
141;395
141;396
141;397
141;398
141;399
141;400
141;401
141;402
141;403
141;404
141;405
141;406
141;407
141;408
141;409
141;410
141;411
141;412
141;413
141;414
141;415
141;416
141;417
141;418
141;419
141;420
141;421
141;422
141;423
141;424
141;425
141;426
141;427
141;428
141;429
141;430
141;431
141;432
141;433
141;434
141;435
141;436
141;437
141;438
141;439
141;440
141;441
141;442
141;443
141;444
141;445
141;446
141;447
141;448
141;449
141;450
141;451
141;452
141;453
141;454
141;455
141;456
141;457
141;458
141;459
141;460
141;461
141;462
141;463
141;464
141;465
141;466
141;467
141;468
141;469
141;470
141;471
141;472
141;473
141;474
141;475
141;476
141;477
141;478
141;479
141;480
141;481
141;482
141;483
141;484
141;485
141;486
141;487
141;488
141;489
141;490
141;491
141;492
141;493
141;494
141;495
141;496
141;497
141;498
141;499
141;500
141;501
141;502
141;503
141;504
141;505
141;506
141;507
141;508
141;509
141;510
141;511
141;512
141;513
141;514
141;515
141;516
142;64
142;65
142;66
142;67
142;68
142;69
142;70
142;71
142;72
142;73
142;74
142;75
142;76
142;77
142;78
142;79
142;80
142;81
142;82
142;83
142;84
142;85
142;86
142;87
142;88
142;89
142;90
142;91
142;92
142;93
142;94
142;95
142;96
142;97
142;98
142;99
142;100
142;101
142;102
142;103
142;104
142;105
142;106
142;107
142;108
142;109
142;110
142;111
142;112
142;113
142;114
142;115
142;116
142;117
142;118
142;119
142;120
142;121
142;122
142;123
142;124
142;125
142;126
142;127
142;128
142;129
142;130
142;131
142;132
142;133
142;134
142;135
142;136
142;137
142;138
142;139
142;140
142;141
142;142
142;143
142;144
142;145
142;146
142;147
142;148
142;149
142;150
142;151
142;152
142;153
142;154
142;155
142;156
142;157
142;158
142;159
142;160
142;161
142;162
142;163
142;164
142;165
142;166
142;167
142;168
142;169
142;170
142;171
142;172
142;173
142;174
142;175
142;176
142;177
142;178
142;179
142;180
142;181
142;182
142;183
142;184
142;185
142;186
142;187
142;188
142;189
142;190
142;191
142;192
142;193
142;194
142;195
142;196
142;197
142;198
142;199
142;200
142;201
142;202
142;203
142;204
142;205
142;206
142;207
142;208
142;209
142;210
142;211
142;212
142;213
142;214
142;215
142;216
142;217
142;218
142;219
142;220
142;221
142;222
142;223
142;224
142;225
142;226
142;227
142;228
142;229
142;230
142;231
142;232
142;233
142;234
142;235
142;236
142;237
142;238
142;239
142;240
142;241
142;242
142;243
142;244
142;245
142;246
142;247
142;248
142;356
142;357
142;358
142;359
142;360
142;361
142;362
142;363
142;364
142;365
142;366
142;367
142;368
142;369
142;370
142;371
142;372
142;373
142;374
142;375
142;376
142;377
142;378
142;379
142;380
142;381
142;382
142;383
142;384
142;385
142;386
142;387
142;388
142;389
142;390
142;391
142;392
142;393
142;394
142;395
142;396
142;397
142;398
142;399
142;400
142;401
142;402
142;403
142;404
142;405
142;406
142;407
142;408
142;409
142;410
142;411
142;412
142;413
142;414
142;415
142;416
142;417
142;418
142;419
142;420
142;421
142;422
142;423
142;424
142;425
142;426
142;427
142;428
142;429
142;430
142;431
142;432
142;433
142;434
142;435
142;436
142;437
142;438
142;439
142;440
142;441
142;442
142;443
142;444
142;445
142;446
142;447
142;448
142;449
142;450
142;451
142;452
142;453
142;454
142;455
142;456
142;457
142;458
142;459
142;460
142;461
142;462
142;463
142;464
142;465
142;466
142;467
142;468
142;469
142;470
142;471
142;472
142;473
142;474
142;475
142;476
142;477
142;478
142;479
142;480
142;481
142;482
142;483
142;484
142;485
142;486
142;487
142;488
142;489
142;490
142;491
142;492
142;493
142;494
142;495
142;496
142;497
142;498
142;499
142;500
142;501
142;502
142;503
142;504
142;505
142;506
142;507
142;508
142;509
142;510
142;511
142;512
142;513
142;514
143;65
143;66
143;67
143;68
143;69
143;70
143;71
143;72
143;73
143;74
143;75
143;76
143;77
143;78
143;79
143;80
143;81
143;82
143;83
143;84
143;85
143;86
143;87
143;88
143;89
143;90
143;91
143;92
143;93
143;94
143;95
143;96
143;97
143;98
143;99
143;100
143;101
143;102
143;103
143;104
143;105
143;106
143;107
143;108
143;109
143;110
143;111
143;112
143;113
143;114
143;115
143;116
143;117
143;118
143;119
143;120
143;121
143;122
143;123
143;124
143;125
143;126
143;127
143;128
143;129
143;130
143;131
143;132
143;133
143;134
143;135
143;136
143;137
143;138
143;139
143;140
143;141
143;142
143;143
143;144
143;145
143;146
143;147
143;148
143;149
143;150
143;151
143;152
143;153
143;154
143;155
143;156
143;157
143;158
143;159
143;160
143;161
143;162
143;163
143;164
143;165
143;166
143;167
143;168
143;169
143;170
143;171
143;172
143;173
143;174
143;175
143;176
143;177
143;178
143;179
143;180
143;181
143;182
143;183
143;184
143;185
143;186
143;187
143;188
143;189
143;190
143;191
143;192
143;193
143;194
143;195
143;196
143;197
143;198
143;199
143;200
143;201
143;202
143;203
143;204
143;205
143;206
143;207
143;208
143;209
143;210
143;211
143;212
143;213
143;214
143;215
143;216
143;217
143;218
143;219
143;220
143;221
143;222
143;223
143;224
143;225
143;226
143;227
143;228
143;229
143;230
143;231
143;232
143;233
143;234
143;235
143;236
143;237
143;238
143;239
143;240
143;241
143;242
143;243
143;244
143;245
143;246
143;247
143;248
143;355
143;356
143;357
143;358
143;359
143;360
143;361
143;362
143;363
143;364
143;365
143;366
143;367
143;368
143;369
143;370
143;371
143;372
143;373
143;374
143;375
143;376
143;377
143;378
143;379
143;380
143;381
143;382
143;383
143;384
143;385
143;386
143;387
143;388
143;389
143;390
143;391
143;392
143;393
143;394
143;395
143;396
143;397
143;398
143;399
143;400
143;401
143;402
143;403
143;404
143;405
143;406
143;407
143;408
143;409
143;410
143;411
143;412
143;413
143;414
143;415
143;416
143;417
143;418
143;419
143;420
143;421
143;422
143;423
143;424
143;425
143;426
143;427
143;428
143;429
143;430
143;431
143;432
143;433
143;434
143;435
143;436
143;437
143;438
143;439
143;440
143;441
143;442
143;443
143;444
143;445
143;446
143;447
143;448
143;449
143;450
143;451
143;452
143;453
143;454
143;455
143;456
143;457
143;458
143;459
143;460
143;461
143;462
143;463
143;464
143;465
143;466
143;467
143;468
143;469
143;470
143;471
143;472
143;473
143;474
143;475
143;476
143;477
143;478
143;479
143;480
143;481
143;482
143;483
143;484
143;485
143;486
143;487
143;488
143;489
143;490
143;491
143;492
143;493
143;494
143;495
143;496
143;497
143;498
143;499
143;500
143;501
143;502
143;503
143;504
143;505
143;506
143;507
143;508
143;509
143;510
143;511
143;512
144;66
144;67
144;68
144;69
144;70
144;71
144;72
144;73
144;74
144;75
144;76
144;77
144;78
144;79
144;80
144;81
144;82
144;83
144;84
144;85
144;86
144;87
144;88
144;89
144;90
144;91
144;92
144;93
144;94
144;95
144;96
144;97
144;98
144;99
144;100
144;101
144;102
144;103
144;104
144;105
144;106
144;107
144;108
144;109
144;110
144;111
144;112
144;113
144;114
144;115
144;116
144;117
144;118
144;119
144;120
144;121
144;122
144;123
144;124
144;125
144;126
144;127
144;128
144;129
144;130
144;131
144;132
144;133
144;134
144;135
144;136
144;137
144;138
144;139
144;140
144;141
144;142
144;143
144;144
144;145
144;146
144;147
144;148
144;149
144;150
144;151
144;152
144;153
144;154
144;155
144;156
144;157
144;158
144;159
144;160
144;161
144;162
144;163
144;164
144;165
144;166
144;167
144;168
144;169
144;170
144;171
144;172
144;173
144;174
144;175
144;176
144;177
144;178
144;179
144;180
144;181
144;182
144;183
144;184
144;185
144;186
144;187
144;188
144;189
144;190
144;191
144;192
144;193
144;194
144;195
144;196
144;197
144;198
144;199
144;200
144;201
144;202
144;203
144;204
144;205
144;206
144;207
144;208
144;209
144;210
144;211
144;212
144;213
144;214
144;215
144;216
144;217
144;218
144;219
144;220
144;221
144;222
144;223
144;224
144;225
144;226
144;227
144;228
144;229
144;230
144;231
144;232
144;233
144;234
144;235
144;236
144;237
144;238
144;239
144;240
144;241
144;242
144;243
144;244
144;245
144;246
144;354
144;355
144;356
144;357
144;358
144;359
144;360
144;361
144;362
144;363
144;364
144;365
144;366
144;367
144;368
144;369
144;370
144;371
144;372
144;373
144;374
144;375
144;376
144;377
144;378
144;379
144;380
144;381
144;382
144;383
144;384
144;385
144;386
144;387
144;388
144;389
144;390
144;391
144;392
144;393
144;394
144;395
144;396
144;397
144;398
144;399
144;400
144;401
144;402
144;403
144;404
144;405
144;406
144;407
144;408
144;409
144;410
144;411
144;412
144;413
144;414
144;415
144;416
144;417
144;418
144;419
144;420
144;421
144;422
144;423
144;424
144;425
144;426
144;427
144;428
144;429
144;430
144;431
144;432
144;433
144;434
144;435
144;436
144;437
144;438
144;439
144;440
144;441
144;442
144;443
144;444
144;445
144;446
144;447
144;448
144;449
144;450
144;451
144;452
144;453
144;454
144;455
144;456
144;457
144;458
144;459
144;460
144;461
144;462
144;463
144;464
144;465
144;466
144;467
144;468
144;469
144;470
144;471
144;472
144;473
144;474
144;475
144;476
144;477
144;478
144;479
144;480
144;481
144;482
144;483
144;484
144;485
144;486
144;487
144;488
144;489
144;490
144;491
144;492
144;493
144;494
144;495
144;496
144;497
144;498
144;499
144;500
144;501
144;502
144;503
144;504
144;505
144;506
144;507
144;508
144;509
144;510
145;67
145;68
145;69
145;70
145;71
145;72
145;73
145;74
145;75
145;76
145;77
145;78
145;79
145;80
145;81
145;82
145;83
145;84
145;85
145;86
145;87
145;88
145;89
145;90
145;91
145;92
145;93
145;94
145;95
145;96
145;97
145;98
145;99
145;100
145;101
145;102
145;103
145;104
145;105
145;106
145;107
145;108
145;109
145;110
145;111
145;112
145;113
145;114
145;115
145;116
145;117
145;118
145;119
145;120
145;121
145;122
145;123
145;124
145;125
145;126
145;127
145;128
145;129
145;130
145;131
145;132
145;133
145;134
145;135
145;136
145;137
145;138
145;139
145;140
145;141
145;142
145;143
145;144
145;145
145;146
145;147
145;148
145;149
145;150
145;151
145;152
145;153
145;154
145;155
145;156
145;157
145;158
145;159
145;160
145;161
145;162
145;163
145;164
145;165
145;166
145;167
145;168
145;169
145;170
145;171
145;172
145;173
145;174
145;175
145;176
145;177
145;178
145;179
145;180
145;181
145;182
145;183
145;184
145;185
145;186
145;187
145;188
145;189
145;190
145;191
145;192
145;193
145;194
145;195
145;196
145;197
145;198
145;199
145;200
145;201
145;202
145;203
145;204
145;205
145;206
145;207
145;208
145;209
145;210
145;211
145;212
145;213
145;214
145;215
145;216
145;217
145;218
145;219
145;220
145;221
145;222
145;223
145;224
145;225
145;226
145;227
145;228
145;229
145;230
145;231
145;232
145;233
145;234
145;235
145;236
145;237
145;238
145;239
145;240
145;241
145;242
145;243
145;244
145;356
145;357
145;358
145;359
145;360
145;361
145;362
145;363
145;364
145;365
145;366
145;367
145;368
145;369
145;370
145;371
145;372
145;373
145;374
145;375
145;376
145;377
145;378
145;379
145;380
145;381
145;382
145;383
145;384
145;385
145;386
145;387
145;388
145;389
145;390
145;391
145;392
145;393
145;394
145;395
145;396
145;397
145;398
145;399
145;400
145;401
145;402
145;403
145;404
145;405
145;406
145;407
145;408
145;409
145;410
145;411
145;412
145;413
145;414
145;415
145;416
145;417
145;418
145;419
145;420
145;421
145;422
145;423
145;424
145;425
145;426
145;427
145;428
145;429
145;430
145;431
145;432
145;433
145;434
145;435
145;436
145;437
145;438
145;439
145;440
145;441
145;442
145;443
145;444
145;445
145;446
145;447
145;448
145;449
145;450
145;451
145;452
145;453
145;454
145;455
145;456
145;457
145;458
145;459
145;460
145;461
145;462
145;463
145;464
145;465
145;466
145;467
145;468
145;469
145;470
145;471
145;472
145;473
145;474
145;475
145;476
145;477
145;480
145;481
145;482
145;483
145;484
145;485
145;486
145;487
145;488
145;489
145;490
145;491
145;492
145;493
145;494
145;495
145;496
145;497
145;498
145;499
145;500
145;501
145;502
145;503
145;504
145;505
145;506
145;507
145;508
146;68
146;69
146;70
146;71
146;72
146;73
146;74
146;75
146;76
146;77
146;78
146;79
146;80
146;81
146;82
146;83
146;84
146;85
146;86
146;87
146;88
146;89
146;90
146;91
146;92
146;93
146;94
146;95
146;96
146;97
146;98
146;99
146;100
146;101
146;102
146;103
146;104
146;105
146;106
146;107
146;108
146;109
146;110
146;111
146;112
146;113
146;114
146;115
146;116
146;117
146;118
146;119
146;120
146;121
146;122
146;123
146;124
146;125
146;126
146;127
146;128
146;129
146;130
146;131
146;132
146;133
146;134
146;135
146;136
146;137
146;138
146;139
146;140
146;141
146;142
146;143
146;144
146;145
146;146
146;147
146;148
146;149
146;150
146;151
146;152
146;153
146;154
146;155
146;156
146;157
146;158
146;159
146;160
146;161
146;162
146;163
146;164
146;165
146;166
146;167
146;168
146;169
146;170
146;171
146;172
146;173
146;174
146;175
146;176
146;177
146;178
146;179
146;180
146;181
146;182
146;183
146;184
146;185
146;186
146;187
146;188
146;189
146;190
146;191
146;192
146;193
146;194
146;195
146;196
146;197
146;198
146;199
146;200
146;201
146;202
146;203
146;204
146;205
146;206
146;207
146;208
146;209
146;210
146;211
146;212
146;213
146;214
146;215
146;216
146;217
146;218
146;219
146;220
146;221
146;222
146;223
146;224
146;225
146;226
146;227
146;228
146;229
146;230
146;231
146;232
146;233
146;234
146;235
146;236
146;237
146;238
146;239
146;240
146;241
146;242
146;243
146;244
146;360
146;362
146;363
146;364
146;365
146;366
146;367
146;368
146;369
146;370
146;371
146;372
146;373
146;374
146;375
146;376
146;377
146;378
146;379
146;380
146;381
146;382
146;383
146;384
146;385
146;386
146;387
146;388
146;389
146;390
146;391
146;392
146;393
146;394
146;395
146;396
146;397
146;398
146;399
146;400
146;401
146;402
146;403
146;404
146;405
146;406
146;407
146;408
146;409
146;410
146;411
146;412
146;413
146;414
146;415
146;416
146;417
146;418
146;419
146;420
146;421
146;422
146;423
146;424
146;425
146;426
146;427
146;428
146;429
146;430
146;431
146;432
146;433
146;434
146;435
146;436
146;437
146;438
146;439
146;440
146;441
146;442
146;443
146;444
146;445
146;446
146;447
146;448
146;449
146;450
146;451
146;452
146;453
146;454
146;455
146;456
146;457
146;458
146;459
146;460
146;461
146;462
146;463
146;464
146;465
146;466
146;467
146;468
146;469
146;470
146;471
146;472
146;473
146;474
146;475
146;476
146;477
146;482
146;484
146;485
146;486
146;487
146;488
146;489
146;490
146;491
146;492
146;493
146;494
146;495
146;496
146;497
146;498
146;499
146;500
146;501
146;502
146;503
146;504
146;505
146;506
147;68
147;69
147;70
147;71
147;72
147;73
147;74
147;75
147;76
147;77
147;78
147;79
147;80
147;81
147;82
147;83
147;84
147;85
147;86
147;87
147;88
147;89
147;90
147;91
147;92
147;93
147;94
147;95
147;96
147;97
147;98
147;99
147;100
147;101
147;102
147;103
147;104
147;105
147;106
147;107
147;108
147;109
147;110
147;111
147;112
147;113
147;114
147;115
147;116
147;117
147;118
147;119
147;120
147;121
147;122
147;123
147;124
147;125
147;126
147;127
147;128
147;129
147;130
147;131
147;132
147;133
147;134
147;135
147;136
147;137
147;138
147;139
147;140
147;141
147;142
147;143
147;144
147;145
147;146
147;147
147;148
147;149
147;150
147;151
147;152
147;153
147;154
147;155
147;156
147;157
147;158
147;159
147;160
147;161
147;162
147;163
147;164
147;165
147;166
147;167
147;168
147;169
147;170
147;171
147;172
147;173
147;174
147;175
147;176
147;177
147;178
147;179
147;180
147;181
147;182
147;183
147;184
147;185
147;186
147;187
147;188
147;189
147;190
147;191
147;192
147;193
147;194
147;195
147;196
147;197
147;198
147;199
147;200
147;201
147;202
147;203
147;204
147;205
147;206
147;207
147;208
147;209
147;210
147;211
147;212
147;213
147;214
147;215
147;216
147;217
147;218
147;219
147;220
147;221
147;222
147;223
147;224
147;225
147;226
147;227
147;228
147;229
147;230
147;231
147;232
147;233
147;234
147;235
147;236
147;237
147;238
147;239
147;240
147;241
147;242
147;366
147;368
147;369
147;370
147;371
147;372
147;373
147;374
147;375
147;376
147;377
147;378
147;379
147;380
147;381
147;382
147;383
147;384
147;385
147;386
147;387
147;388
147;389
147;390
147;391
147;392
147;393
147;394
147;395
147;396
147;397
147;398
147;399
147;400
147;401
147;402
147;403
147;404
147;405
147;406
147;407
147;408
147;409
147;410
147;411
147;412
147;413
147;414
147;415
147;416
147;417
147;418
147;419
147;420
147;421
147;422
147;423
147;424
147;425
147;426
147;427
147;428
147;429
147;430
147;431
147;432
147;433
147;434
147;435
147;436
147;437
147;438
147;439
147;440
147;441
147;442
147;443
147;444
147;445
147;446
147;447
147;448
147;449
147;450
147;451
147;452
147;453
147;454
147;455
147;456
147;457
147;458
147;459
147;460
147;461
147;462
147;463
147;464
147;465
147;466
147;467
147;468
147;469
147;470
147;471
147;472
147;473
147;474
147;475
147;476
147;477
147;478
147;486
147;488
147;489
147;490
147;491
147;492
147;493
147;494
147;495
147;496
147;497
147;498
147;499
147;500
147;502
148;69
148;70
148;71
148;72
148;73
148;74
148;75
148;76
148;77
148;78
148;79
148;80
148;81
148;82
148;83
148;84
148;85
148;86
148;87
148;88
148;89
148;90
148;91
148;92
148;93
148;94
148;95
148;96
148;97
148;98
148;99
148;100
148;101
148;102
148;103
148;104
148;105
148;106
148;107
148;108
148;109
148;110
148;111
148;112
148;113
148;114
148;115
148;116
148;117
148;118
148;119
148;120
148;121
148;122
148;123
148;124
148;125
148;126
148;127
148;128
148;129
148;130
148;131
148;132
148;133
148;134
148;135
148;136
148;137
148;138
148;139
148;140
148;141
148;142
148;143
148;144
148;145
148;146
148;147
148;148
148;149
148;150
148;151
148;152
148;153
148;154
148;155
148;156
148;157
148;158
148;159
148;160
148;161
148;162
148;163
148;164
148;165
148;166
148;167
148;168
148;169
148;170
148;171
148;172
148;173
148;174
148;175
148;176
148;177
148;178
148;179
148;180
148;181
148;182
148;183
148;184
148;185
148;186
148;187
148;188
148;189
148;190
148;191
148;192
148;193
148;194
148;195
148;196
148;197
148;198
148;199
148;200
148;201
148;202
148;203
148;204
148;205
148;206
148;207
148;208
148;209
148;210
148;211
148;212
148;213
148;214
148;215
148;216
148;217
148;218
148;219
148;220
148;221
148;222
148;223
148;224
148;225
148;226
148;227
148;228
148;229
148;230
148;231
148;232
148;233
148;234
148;235
148;236
148;237
148;238
148;239
148;240
148;372
148;373
148;374
148;375
148;376
148;377
148;378
148;379
148;380
148;381
148;382
148;383
148;384
148;385
148;386
148;387
148;388
148;389
148;390
148;391
148;392
148;393
148;394
148;395
148;396
148;397
148;398
148;399
148;400
148;401
148;402
148;403
148;404
148;405
148;406
148;407
148;408
148;409
148;410
148;411
148;412
148;413
148;414
148;415
148;416
148;417
148;418
148;419
148;420
148;421
148;422
148;423
148;424
148;425
148;426
148;427
148;428
148;429
148;430
148;431
148;432
148;433
148;434
148;435
148;436
148;437
148;438
148;439
148;440
148;441
148;442
148;443
148;444
148;445
148;446
148;447
148;448
148;449
148;450
148;451
148;452
148;453
148;454
148;455
148;456
148;457
148;458
148;459
148;460
148;461
148;462
148;463
148;464
148;465
148;466
148;467
148;468
148;469
148;470
148;471
148;472
148;473
148;474
148;475
148;476
148;477
148;478
148;494
148;496
149;70
149;71
149;72
149;73
149;74
149;75
149;76
149;77
149;78
149;79
149;80
149;81
149;82
149;83
149;84
149;85
149;86
149;87
149;88
149;89
149;90
149;91
149;92
149;93
149;94
149;95
149;96
149;97
149;98
149;99
149;100
149;101
149;102
149;103
149;104
149;105
149;106
149;107
149;108
149;109
149;110
149;111
149;112
149;113
149;114
149;115
149;116
149;117
149;118
149;119
149;120
149;121
149;122
149;123
149;124
149;125
149;126
149;127
149;128
149;129
149;130
149;131
149;132
149;133
149;134
149;135
149;136
149;137
149;138
149;139
149;140
149;141
149;142
149;143
149;144
149;145
149;146
149;147
149;148
149;149
149;150
149;151
149;152
149;153
149;154
149;155
149;156
149;157
149;158
149;159
149;160
149;161
149;162
149;163
149;164
149;165
149;166
149;167
149;168
149;169
149;170
149;171
149;172
149;173
149;174
149;175
149;176
149;177
149;178
149;179
149;180
149;181
149;182
149;183
149;184
149;185
149;186
149;187
149;188
149;189
149;190
149;191
149;192
149;193
149;194
149;195
149;196
149;197
149;198
149;199
149;200
149;201
149;202
149;203
149;204
149;205
149;206
149;207
149;208
149;209
149;210
149;211
149;212
149;213
149;214
149;215
149;216
149;217
149;218
149;219
149;220
149;221
149;222
149;223
149;224
149;225
149;226
149;227
149;228
149;229
149;230
149;231
149;232
149;233
149;234
149;235
149;236
149;237
149;238
149;239
149;240
149;376
149;378
149;379
149;380
149;381
149;382
149;383
149;384
149;385
149;386
149;387
149;388
149;389
149;390
149;391
149;392
149;393
149;394
149;395
149;396
149;397
149;398
149;399
149;400
149;401
149;402
149;403
149;404
149;405
149;406
149;407
149;408
149;409
149;410
149;411
149;412
149;413
149;414
149;415
149;416
149;417
149;418
149;419
149;420
149;421
149;422
149;423
149;424
149;425
149;426
149;427
149;428
149;429
149;430
149;431
149;432
149;433
149;434
149;435
149;436
149;437
149;438
149;439
149;440
149;441
149;442
149;443
149;444
149;445
149;446
149;447
149;448
149;449
149;450
149;451
149;452
149;453
149;454
149;455
149;456
149;457
149;458
149;459
149;460
149;461
149;462
149;463
149;464
149;465
149;466
149;467
149;468
149;469
149;470
149;471
149;472
149;473
149;474
149;475
149;476
149;477
149;478
149;479
150;71
150;72
150;73
150;74
150;75
150;76
150;77
150;78
150;79
150;80
150;81
150;82
150;83
150;84
150;85
150;86
150;87
150;88
150;89
150;90
150;91
150;92
150;93
150;94
150;95
150;96
150;97
150;98
150;99
150;100
150;101
150;102
150;103
150;104
150;105
150;106
150;107
150;108
150;109
150;110
150;111
150;112
150;113
150;114
150;115
150;116
150;117
150;118
150;119
150;120
150;121
150;122
150;123
150;124
150;125
150;126
150;127
150;128
150;129
150;130
150;131
150;132
150;133
150;134
150;135
150;136
150;137
150;138
150;139
150;140
150;141
150;142
150;143
150;144
150;145
150;146
150;147
150;148
150;149
150;150
150;151
150;152
150;153
150;154
150;155
150;156
150;157
150;158
150;159
150;160
150;161
150;162
150;163
150;164
150;165
150;166
150;167
150;168
150;169
150;170
150;171
150;172
150;173
150;174
150;175
150;176
150;177
150;178
150;179
150;180
150;181
150;182
150;183
150;184
150;185
150;186
150;187
150;188
150;189
150;190
150;191
150;192
150;193
150;194
150;195
150;196
150;197
150;198
150;199
150;200
150;201
150;202
150;203
150;204
150;205
150;206
150;207
150;208
150;209
150;210
150;211
150;212
150;213
150;214
150;215
150;216
150;217
150;218
150;219
150;220
150;221
150;222
150;223
150;224
150;225
150;226
150;227
150;228
150;229
150;230
150;231
150;232
150;233
150;234
150;235
150;236
150;237
150;238
150;382
150;384
150;385
150;386
150;387
150;388
150;389
150;390
150;391
150;392
150;393
150;394
150;395
150;396
150;397
150;398
150;399
150;400
150;401
150;402
150;403
150;404
150;405
150;406
150;407
150;408
150;409
150;410
150;411
150;412
150;413
150;414
150;415
150;416
150;417
150;418
150;419
150;420
150;421
150;422
150;423
150;424
150;425
150;426
150;427
150;428
150;429
150;430
150;431
150;432
150;433
150;434
150;435
150;436
150;437
150;438
150;439
150;440
150;441
150;442
150;443
150;444
150;445
150;446
150;447
150;448
150;449
150;450
150;451
150;452
150;453
150;454
150;455
150;456
150;457
150;458
150;459
150;460
150;461
150;462
150;463
150;464
150;465
150;466
150;467
150;468
150;469
150;470
150;471
150;472
150;473
150;474
150;475
150;476
150;477
150;478
150;479
151;72
151;73
151;74
151;75
151;76
151;77
151;78
151;79
151;80
151;81
151;82
151;83
151;84
151;85
151;86
151;87
151;88
151;89
151;90
151;91
151;92
151;93
151;94
151;95
151;96
151;97
151;98
151;99
151;100
151;101
151;102
151;103
151;104
151;105
151;106
151;107
151;108
151;109
151;110
151;111
151;112
151;113
151;114
151;115
151;116
151;117
151;118
151;119
151;120
151;121
151;122
151;123
151;124
151;125
151;126
151;127
151;128
151;129
151;130
151;131
151;132
151;133
151;134
151;135
151;136
151;137
151;138
151;139
151;140
151;141
151;142
151;143
151;144
151;145
151;146
151;147
151;148
151;149
151;150
151;151
151;152
151;153
151;154
151;155
151;156
151;157
151;158
151;159
151;160
151;161
151;162
151;163
151;164
151;165
151;166
151;167
151;168
151;169
151;170
151;171
151;172
151;173
151;174
151;175
151;176
151;177
151;178
151;179
151;180
151;181
151;182
151;183
151;184
151;185
151;186
151;187
151;188
151;189
151;190
151;191
151;192
151;193
151;194
151;195
151;196
151;197
151;198
151;199
151;200
151;201
151;202
151;203
151;204
151;205
151;206
151;207
151;208
151;209
151;210
151;211
151;212
151;213
151;214
151;215
151;216
151;217
151;218
151;219
151;220
151;221
151;222
151;223
151;224
151;225
151;226
151;227
151;228
151;229
151;230
151;231
151;232
151;233
151;234
151;235
151;236
151;388
151;389
151;390
151;391
151;392
151;393
151;394
151;395
151;396
151;397
151;398
151;399
151;400
151;401
151;402
151;403
151;404
151;405
151;406
151;407
151;408
151;409
151;410
151;411
151;412
151;413
151;414
151;415
151;416
151;417
151;418
151;419
151;420
151;421
151;422
151;423
151;424
151;425
151;426
151;427
151;428
151;429
151;430
151;431
151;432
151;433
151;434
151;435
151;436
151;437
151;438
151;439
151;440
151;441
151;442
151;443
151;444
151;445
151;446
151;447
151;448
151;449
151;450
151;451
151;452
151;453
151;454
151;455
151;456
151;457
151;458
151;459
151;460
151;461
151;462
151;463
151;464
151;465
151;466
151;467
151;468
151;469
151;470
151;471
151;472
151;473
151;474
151;475
151;476
151;477
151;478
151;479
152;72
152;73
152;74
152;75
152;76
152;77
152;78
152;79
152;80
152;81
152;82
152;83
152;84
152;85
152;86
152;87
152;88
152;89
152;90
152;91
152;92
152;93
152;94
152;95
152;96
152;97
152;98
152;99
152;100
152;101
152;102
152;103
152;104
152;105
152;106
152;107
152;108
152;109
152;110
152;111
152;112
152;113
152;114
152;115
152;116
152;117
152;118
152;119
152;120
152;121
152;122
152;123
152;124
152;125
152;126
152;127
152;128
152;129
152;130
152;131
152;132
152;133
152;134
152;135
152;136
152;137
152;138
152;139
152;140
152;141
152;142
152;143
152;144
152;145
152;146
152;147
152;148
152;149
152;150
152;151
152;152
152;153
152;154
152;155
152;156
152;157
152;158
152;159
152;160
152;161
152;162
152;163
152;164
152;165
152;166
152;167
152;168
152;169
152;170
152;171
152;172
152;173
152;174
152;175
152;176
152;177
152;178
152;179
152;180
152;181
152;182
152;183
152;184
152;185
152;186
152;187
152;188
152;189
152;190
152;191
152;192
152;193
152;194
152;195
152;196
152;197
152;198
152;199
152;200
152;201
152;202
152;203
152;204
152;205
152;206
152;207
152;208
152;209
152;210
152;211
152;212
152;213
152;214
152;215
152;216
152;217
152;218
152;219
152;220
152;221
152;222
152;223
152;224
152;225
152;226
152;227
152;228
152;229
152;230
152;231
152;232
152;233
152;234
152;235
152;236
152;392
152;394
152;395
152;396
152;397
152;398
152;399
152;400
152;401
152;402
152;403
152;404
152;405
152;406
152;407
152;408
152;409
152;410
152;411
152;412
152;413
152;414
152;415
152;416
152;417
152;418
152;419
152;420
152;421
152;422
152;423
152;424
152;425
152;426
152;427
152;428
152;429
152;430
152;431
152;432
152;433
152;434
152;435
152;436
152;437
152;438
152;439
152;440
152;441
152;442
152;443
152;444
152;445
152;446
152;447
152;448
152;449
152;450
152;451
152;452
152;453
152;454
152;455
152;456
152;457
152;458
152;459
152;460
152;461
152;462
152;463
152;464
152;465
152;466
152;467
152;468
152;469
152;470
152;471
152;472
152;473
152;474
152;475
152;476
152;477
152;478
152;479
152;480
153;73
153;74
153;75
153;76
153;77
153;78
153;79
153;80
153;81
153;82
153;83
153;84
153;85
153;86
153;87
153;88
153;89
153;90
153;91
153;92
153;93
153;94
153;95
153;96
153;97
153;98
153;99
153;100
153;101
153;102
153;103
153;104
153;105
153;106
153;107
153;108
153;109
153;110
153;111
153;112
153;113
153;114
153;115
153;116
153;117
153;118
153;119
153;120
153;121
153;122
153;123
153;124
153;125
153;126
153;127
153;128
153;129
153;130
153;131
153;132
153;133
153;134
153;135
153;136
153;137
153;138
153;139
153;140
153;141
153;142
153;143
153;144
153;145
153;146
153;147
153;148
153;149
153;150
153;151
153;152
153;153
153;154
153;155
153;156
153;157
153;158
153;159
153;160
153;161
153;162
153;163
153;164
153;165
153;166
153;167
153;168
153;169
153;170
153;171
153;172
153;173
153;174
153;175
153;176
153;177
153;178
153;179
153;180
153;181
153;182
153;183
153;184
153;185
153;186
153;187
153;188
153;189
153;190
153;191
153;192
153;193
153;194
153;195
153;196
153;197
153;198
153;199
153;200
153;201
153;202
153;203
153;204
153;205
153;206
153;207
153;208
153;209
153;210
153;211
153;212
153;213
153;214
153;215
153;216
153;217
153;218
153;219
153;220
153;221
153;222
153;223
153;224
153;225
153;226
153;227
153;228
153;229
153;230
153;231
153;232
153;233
153;234
153;398
153;400
153;401
153;402
153;403
153;404
153;405
153;406
153;407
153;408
153;409
153;410
153;411
153;412
153;413
153;414
153;415
153;416
153;417
153;418
153;419
153;420
153;421
153;422
153;423
153;424
153;425
153;426
153;427
153;428
153;429
153;430
153;431
153;432
153;433
153;434
153;435
153;436
153;437
153;438
153;439
153;440
153;441
153;442
153;443
153;444
153;445
153;446
153;447
153;448
153;449
153;450
153;451
153;452
153;453
153;454
153;455
153;456
153;457
153;458
153;459
153;460
153;461
153;462
153;463
153;464
153;465
153;466
153;467
153;468
153;469
153;470
153;471
153;472
153;473
153;474
153;475
153;476
153;477
153;478
153;479
153;480
154;74
154;75
154;76
154;77
154;78
154;79
154;80
154;81
154;82
154;83
154;84
154;85
154;86
154;87
154;88
154;89
154;90
154;91
154;92
154;93
154;94
154;95
154;96
154;97
154;98
154;99
154;100
154;101
154;102
154;103
154;104
154;105
154;106
154;107
154;108
154;109
154;110
154;111
154;112
154;113
154;114
154;115
154;116
154;117
154;118
154;119
154;120
154;121
154;122
154;123
154;124
154;125
154;126
154;127
154;128
154;129
154;130
154;131
154;132
154;133
154;134
154;135
154;136
154;137
154;138
154;139
154;140
154;141
154;142
154;143
154;144
154;145
154;146
154;147
154;148
154;149
154;150
154;151
154;152
154;153
154;154
154;155
154;156
154;157
154;158
154;159
154;160
154;161
154;162
154;163
154;164
154;165
154;166
154;167
154;168
154;169
154;170
154;171
154;172
154;173
154;174
154;175
154;176
154;177
154;178
154;179
154;180
154;181
154;182
154;183
154;184
154;185
154;186
154;187
154;188
154;189
154;190
154;191
154;192
154;193
154;194
154;195
154;196
154;197
154;198
154;199
154;200
154;201
154;202
154;203
154;204
154;205
154;206
154;207
154;208
154;209
154;210
154;211
154;212
154;213
154;214
154;215
154;216
154;217
154;218
154;219
154;220
154;221
154;222
154;223
154;224
154;225
154;226
154;227
154;228
154;229
154;230
154;231
154;232
154;404
154;405
154;406
154;407
154;408
154;409
154;410
154;411
154;412
154;413
154;414
154;415
154;416
154;417
154;418
154;419
154;420
154;421
154;422
154;423
154;424
154;425
154;426
154;427
154;428
154;429
154;430
154;431
154;432
154;433
154;434
154;435
154;436
154;437
154;438
154;439
154;440
154;441
154;442
154;443
154;444
154;445
154;446
154;447
154;448
154;449
154;450
154;451
154;452
154;453
154;454
154;455
154;456
154;457
154;458
154;459
154;460
154;461
154;462
154;463
154;464
154;465
154;466
154;467
154;468
154;469
154;470
154;471
154;472
154;473
154;474
154;475
154;476
154;477
154;478
154;479
154;480
155;75
155;76
155;77
155;78
155;79
155;80
155;81
155;82
155;83
155;84
155;85
155;86
155;87
155;88
155;89
155;90
155;91
155;92
155;93
155;94
155;95
155;96
155;97
155;98
155;99
155;100
155;101
155;102
155;103
155;104
155;105
155;106
155;107
155;108
155;109
155;110
155;111
155;112
155;113
155;114
155;115
155;116
155;117
155;118
155;119
155;120
155;121
155;122
155;123
155;124
155;125
155;126
155;127
155;128
155;129
155;130
155;131
155;132
155;133
155;134
155;135
155;136
155;137
155;138
155;139
155;140
155;141
155;142
155;143
155;144
155;145
155;146
155;147
155;148
155;149
155;150
155;151
155;152
155;153
155;154
155;155
155;156
155;157
155;158
155;159
155;160
155;161
155;162
155;163
155;164
155;165
155;166
155;167
155;168
155;169
155;170
155;171
155;172
155;173
155;174
155;175
155;176
155;177
155;178
155;179
155;180
155;181
155;182
155;183
155;184
155;185
155;186
155;187
155;188
155;189
155;190
155;191
155;192
155;193
155;194
155;195
155;196
155;197
155;198
155;199
155;200
155;201
155;202
155;203
155;204
155;205
155;206
155;207
155;208
155;209
155;210
155;211
155;212
155;213
155;214
155;215
155;216
155;217
155;218
155;219
155;220
155;221
155;222
155;223
155;224
155;225
155;226
155;227
155;228
155;229
155;230
155;231
155;232
155;408
155;410
155;411
155;412
155;413
155;414
155;415
155;416
155;417
155;418
155;419
155;420
155;421
155;422
155;423
155;424
155;425
155;426
155;427
155;428
155;429
155;430
155;431
155;432
155;433
155;434
155;435
155;436
155;437
155;438
155;439
155;440
155;441
155;442
155;443
155;444
155;445
155;446
155;447
155;448
155;449
155;450
155;451
155;452
155;453
155;454
155;455
155;456
155;457
155;458
155;459
155;460
155;461
155;462
155;463
155;464
155;465
155;466
155;467
155;468
155;469
155;470
155;471
155;472
155;473
155;474
155;475
155;476
155;477
155;478
155;479
155;480
155;481
156;76
156;77
156;78
156;79
156;80
156;81
156;82
156;83
156;84
156;85
156;86
156;87
156;88
156;89
156;90
156;91
156;92
156;93
156;94
156;95
156;96
156;97
156;98
156;99
156;100
156;101
156;102
156;103
156;104
156;105
156;106
156;107
156;108
156;109
156;110
156;111
156;112
156;113
156;114
156;115
156;116
156;117
156;118
156;119
156;120
156;121
156;122
156;123
156;124
156;125
156;126
156;127
156;128
156;129
156;130
156;131
156;132
156;133
156;134
156;135
156;136
156;137
156;138
156;139
156;140
156;141
156;142
156;143
156;144
156;145
156;146
156;147
156;148
156;149
156;150
156;151
156;152
156;153
156;154
156;155
156;156
156;157
156;158
156;159
156;160
156;161
156;162
156;163
156;164
156;165
156;166
156;167
156;168
156;169
156;170
156;171
156;172
156;173
156;174
156;175
156;176
156;177
156;178
156;179
156;180
156;181
156;182
156;183
156;184
156;185
156;186
156;187
156;188
156;189
156;190
156;191
156;192
156;193
156;194
156;195
156;196
156;197
156;198
156;199
156;200
156;201
156;202
156;203
156;204
156;205
156;206
156;207
156;208
156;209
156;210
156;211
156;212
156;213
156;214
156;215
156;216
156;217
156;218
156;219
156;220
156;221
156;222
156;223
156;224
156;225
156;226
156;227
156;228
156;229
156;230
156;414
156;416
156;417
156;418
156;419
156;420
156;421
156;422
156;423
156;424
156;425
156;426
156;427
156;428
156;429
156;430
156;431
156;432
156;433
156;434
156;435
156;436
156;437
156;438
156;439
156;440
156;441
156;442
156;443
156;444
156;445
156;446
156;447
156;448
156;449
156;450
156;451
156;452
156;453
156;454
156;455
156;456
156;457
156;458
156;459
156;460
156;461
156;462
156;463
156;464
156;465
156;466
156;467
156;468
156;469
156;470
156;471
156;472
156;473
156;474
156;475
156;476
156;477
156;478
156;479
156;480
156;481
157;76
157;77
157;78
157;79
157;80
157;81
157;82
157;83
157;84
157;85
157;86
157;87
157;88
157;89
157;90
157;91
157;92
157;93
157;94
157;95
157;96
157;97
157;98
157;99
157;100
157;101
157;102
157;103
157;104
157;105
157;106
157;107
157;108
157;109
157;110
157;111
157;112
157;113
157;114
157;115
157;116
157;117
157;118
157;119
157;120
157;121
157;122
157;123
157;124
157;125
157;126
157;127
157;128
157;129
157;130
157;131
157;132
157;133
157;134
157;135
157;136
157;137
157;138
157;139
157;140
157;141
157;142
157;143
157;144
157;145
157;146
157;147
157;148
157;149
157;150
157;151
157;152
157;153
157;154
157;155
157;156
157;157
157;158
157;159
157;160
157;161
157;162
157;163
157;164
157;165
157;166
157;167
157;168
157;169
157;170
157;171
157;172
157;173
157;174
157;175
157;176
157;177
157;178
157;179
157;180
157;181
157;182
157;183
157;184
157;185
157;186
157;187
157;188
157;189
157;190
157;191
157;192
157;193
157;194
157;195
157;196
157;197
157;198
157;199
157;200
157;201
157;202
157;203
157;204
157;205
157;206
157;207
157;208
157;209
157;210
157;211
157;212
157;213
157;214
157;215
157;216
157;217
157;218
157;219
157;220
157;221
157;222
157;223
157;224
157;225
157;226
157;227
157;228
157;420
157;421
157;422
157;423
157;424
157;425
157;426
157;427
157;428
157;429
157;430
157;431
157;432
157;433
157;434
157;435
157;436
157;437
157;438
157;439
157;440
157;441
157;442
157;443
157;444
157;445
157;446
157;447
157;448
157;449
157;450
157;451
157;452
157;453
157;454
157;455
157;456
157;457
157;458
157;459
157;460
157;461
157;462
157;463
157;464
157;465
157;466
157;467
157;468
157;469
157;470
157;471
157;472
157;473
157;474
157;475
157;476
157;477
157;478
157;479
157;480
157;481
158;77
158;78
158;79
158;80
158;81
158;82
158;83
158;84
158;85
158;86
158;87
158;88
158;89
158;90
158;91
158;92
158;93
158;94
158;95
158;96
158;97
158;98
158;99
158;100
158;101
158;102
158;103
158;104
158;105
158;106
158;107
158;108
158;109
158;110
158;111
158;112
158;113
158;114
158;115
158;116
158;117
158;118
158;119
158;120
158;121
158;122
158;123
158;124
158;125
158;126
158;127
158;128
158;129
158;130
158;131
158;132
158;133
158;134
158;135
158;136
158;137
158;138
158;139
158;140
158;141
158;142
158;143
158;144
158;145
158;146
158;147
158;148
158;149
158;150
158;151
158;152
158;153
158;154
158;155
158;156
158;157
158;158
158;159
158;160
158;161
158;162
158;163
158;164
158;165
158;166
158;167
158;168
158;169
158;170
158;171
158;172
158;173
158;174
158;175
158;176
158;177
158;178
158;179
158;180
158;181
158;182
158;183
158;184
158;185
158;186
158;187
158;188
158;189
158;190
158;191
158;192
158;193
158;194
158;195
158;196
158;197
158;198
158;199
158;200
158;201
158;202
158;203
158;204
158;205
158;206
158;207
158;208
158;209
158;210
158;211
158;212
158;213
158;214
158;215
158;216
158;217
158;218
158;219
158;220
158;221
158;222
158;223
158;224
158;225
158;226
158;227
158;424
158;426
158;427
158;428
158;429
158;430
158;431
158;432
158;433
158;434
158;435
158;436
158;437
158;438
158;439
158;440
158;441
158;442
158;443
158;444
158;445
158;446
158;447
158;448
158;449
158;450
158;451
158;452
158;453
158;454
158;455
158;456
158;457
158;458
158;459
158;460
158;461
158;462
158;463
158;464
158;465
158;466
158;467
158;468
158;469
158;470
158;471
158;472
158;473
158;474
158;475
158;476
158;477
158;478
158;479
158;480
158;481
158;482
159;78
159;79
159;80
159;81
159;82
159;83
159;84
159;85
159;86
159;87
159;88
159;89
159;90
159;91
159;92
159;93
159;94
159;95
159;96
159;97
159;98
159;99
159;100
159;101
159;102
159;103
159;104
159;105
159;106
159;107
159;108
159;109
159;110
159;111
159;112
159;113
159;114
159;115
159;116
159;117
159;118
159;119
159;120
159;121
159;122
159;123
159;124
159;125
159;126
159;127
159;128
159;129
159;130
159;131
159;132
159;133
159;134
159;135
159;136
159;137
159;138
159;139
159;140
159;141
159;142
159;143
159;144
159;145
159;146
159;147
159;148
159;149
159;150
159;151
159;152
159;153
159;154
159;155
159;156
159;157
159;158
159;159
159;160
159;161
159;162
159;163
159;164
159;165
159;166
159;167
159;168
159;169
159;170
159;171
159;172
159;173
159;174
159;175
159;176
159;177
159;178
159;179
159;180
159;181
159;182
159;183
159;184
159;185
159;186
159;187
159;188
159;189
159;190
159;191
159;192
159;193
159;194
159;195
159;196
159;197
159;198
159;199
159;200
159;201
159;202
159;203
159;204
159;205
159;206
159;207
159;208
159;209
159;210
159;211
159;212
159;213
159;214
159;215
159;216
159;217
159;218
159;219
159;220
159;221
159;222
159;223
159;224
159;225
159;226
159;430
159;432
159;433
159;434
159;435
159;436
159;437
159;438
159;439
159;440
159;441
159;442
159;443
159;444
159;445
159;446
159;447
159;448
159;449
159;450
159;451
159;452
159;453
159;454
159;455
159;456
159;457
159;458
159;459
159;460
159;461
159;462
159;463
159;464
159;465
159;466
159;467
159;468
159;469
159;470
159;471
159;472
159;473
159;474
159;475
159;476
159;477
159;478
159;479
159;480
159;481
159;482
160;79
160;80
160;81
160;82
160;83
160;84
160;85
160;86
160;87
160;88
160;89
160;90
160;91
160;92
160;93
160;94
160;95
160;96
160;97
160;98
160;99
160;100
160;101
160;102
160;103
160;104
160;105
160;106
160;107
160;108
160;109
160;110
160;111
160;112
160;113
160;114
160;115
160;116
160;117
160;118
160;119
160;120
160;121
160;122
160;123
160;124
160;125
160;126
160;127
160;128
160;129
160;130
160;131
160;132
160;133
160;134
160;135
160;136
160;137
160;138
160;139
160;140
160;141
160;142
160;143
160;144
160;145
160;146
160;147
160;148
160;149
160;150
160;151
160;152
160;153
160;154
160;155
160;156
160;157
160;158
160;159
160;160
160;161
160;162
160;163
160;164
160;165
160;166
160;167
160;168
160;169
160;170
160;171
160;172
160;173
160;174
160;175
160;176
160;177
160;178
160;179
160;180
160;181
160;182
160;183
160;184
160;185
160;186
160;187
160;188
160;189
160;190
160;191
160;192
160;193
160;194
160;195
160;196
160;197
160;198
160;199
160;200
160;201
160;202
160;203
160;204
160;205
160;206
160;207
160;208
160;209
160;210
160;211
160;212
160;213
160;214
160;215
160;216
160;217
160;218
160;219
160;220
160;221
160;222
160;223
160;224
160;436
160;437
160;438
160;439
160;440
160;441
160;442
160;443
160;444
160;445
160;446
160;447
160;448
160;449
160;450
160;451
160;452
160;453
160;454
160;455
160;456
160;457
160;458
160;459
160;460
160;461
160;462
160;463
160;464
160;465
160;466
160;467
160;468
160;469
160;470
160;471
160;472
160;473
160;474
160;475
160;476
160;477
160;478
160;479
160;480
160;481
160;482
160;483
161;80
161;81
161;82
161;83
161;84
161;85
161;86
161;87
161;88
161;89
161;90
161;91
161;92
161;93
161;94
161;95
161;96
161;97
161;98
161;99
161;100
161;101
161;102
161;103
161;104
161;105
161;106
161;107
161;108
161;109
161;110
161;111
161;112
161;113
161;114
161;115
161;116
161;117
161;118
161;119
161;120
161;121
161;122
161;123
161;124
161;125
161;126
161;127
161;128
161;129
161;130
161;131
161;132
161;133
161;134
161;135
161;136
161;137
161;138
161;139
161;140
161;141
161;142
161;143
161;144
161;145
161;146
161;147
161;148
161;149
161;150
161;151
161;152
161;153
161;154
161;155
161;156
161;157
161;158
161;159
161;160
161;161
161;162
161;163
161;164
161;165
161;166
161;167
161;168
161;169
161;170
161;171
161;172
161;173
161;174
161;175
161;176
161;177
161;178
161;179
161;180
161;181
161;182
161;183
161;184
161;185
161;186
161;187
161;188
161;189
161;190
161;191
161;192
161;193
161;194
161;195
161;196
161;197
161;198
161;199
161;200
161;201
161;202
161;203
161;204
161;205
161;206
161;207
161;208
161;209
161;210
161;211
161;212
161;213
161;214
161;215
161;216
161;217
161;218
161;219
161;220
161;221
161;222
161;223
161;440
161;442
161;443
161;444
161;445
161;446
161;447
161;448
161;449
161;450
161;451
161;452
161;453
161;454
161;455
161;456
161;457
161;458
161;459
161;460
161;461
161;462
161;463
161;464
161;465
161;466
161;467
161;468
161;469
161;470
161;471
161;472
161;473
161;474
161;475
161;476
161;477
161;478
161;479
161;480
161;481
161;482
161;483
162;80
162;81
162;82
162;83
162;84
162;85
162;86
162;87
162;88
162;89
162;90
162;91
162;92
162;93
162;94
162;95
162;96
162;97
162;98
162;99
162;100
162;101
162;102
162;103
162;104
162;105
162;106
162;107
162;108
162;109
162;110
162;111
162;112
162;113
162;114
162;115
162;116
162;117
162;118
162;119
162;120
162;121
162;122
162;123
162;124
162;125
162;126
162;127
162;128
162;129
162;130
162;131
162;132
162;133
162;134
162;135
162;136
162;137
162;138
162;139
162;140
162;141
162;142
162;143
162;144
162;145
162;146
162;147
162;148
162;149
162;150
162;151
162;152
162;153
162;154
162;155
162;156
162;157
162;158
162;159
162;160
162;161
162;162
162;163
162;164
162;165
162;166
162;167
162;168
162;169
162;170
162;171
162;172
162;173
162;174
162;175
162;176
162;177
162;178
162;179
162;180
162;181
162;182
162;183
162;184
162;185
162;186
162;187
162;188
162;189
162;190
162;191
162;192
162;193
162;194
162;195
162;196
162;197
162;198
162;199
162;200
162;201
162;202
162;203
162;204
162;205
162;206
162;207
162;208
162;209
162;210
162;211
162;212
162;213
162;214
162;215
162;216
162;217
162;218
162;219
162;220
162;221
162;222
162;446
162;448
162;449
162;450
162;451
162;452
162;453
162;454
162;455
162;456
162;457
162;458
162;459
162;460
162;461
162;462
162;463
162;464
162;465
162;466
162;467
162;468
162;469
162;470
162;471
162;472
162;473
162;474
162;475
162;476
162;477
162;478
162;479
162;480
162;481
162;482
162;483
163;81
163;82
163;83
163;84
163;85
163;86
163;87
163;88
163;89
163;90
163;91
163;92
163;93
163;94
163;95
163;96
163;97
163;98
163;99
163;100
163;101
163;102
163;103
163;104
163;105
163;106
163;107
163;108
163;109
163;110
163;111
163;112
163;113
163;114
163;115
163;116
163;117
163;118
163;119
163;120
163;121
163;122
163;123
163;124
163;125
163;126
163;127
163;128
163;129
163;130
163;131
163;132
163;133
163;134
163;135
163;136
163;137
163;138
163;139
163;140
163;141
163;142
163;143
163;144
163;145
163;146
163;147
163;148
163;149
163;150
163;151
163;152
163;153
163;154
163;155
163;156
163;157
163;158
163;159
163;160
163;161
163;162
163;163
163;164
163;165
163;166
163;167
163;168
163;169
163;170
163;171
163;172
163;173
163;174
163;175
163;176
163;177
163;178
163;179
163;180
163;181
163;182
163;183
163;184
163;185
163;186
163;187
163;188
163;189
163;190
163;191
163;192
163;193
163;194
163;195
163;196
163;197
163;198
163;199
163;200
163;201
163;202
163;203
163;204
163;205
163;206
163;207
163;208
163;209
163;210
163;211
163;212
163;213
163;214
163;215
163;216
163;217
163;218
163;219
163;220
163;452
163;453
163;454
163;455
163;456
163;457
163;458
163;459
163;460
163;461
163;462
163;463
163;464
163;465
163;466
163;467
163;468
163;469
163;470
163;471
163;472
163;473
163;474
163;475
163;476
163;477
163;478
163;479
163;480
163;481
163;482
163;483
163;484
164;82
164;83
164;84
164;85
164;86
164;87
164;88
164;89
164;90
164;91
164;92
164;93
164;94
164;95
164;96
164;97
164;98
164;99
164;100
164;101
164;102
164;103
164;104
164;105
164;106
164;107
164;108
164;109
164;110
164;111
164;112
164;113
164;114
164;115
164;116
164;117
164;118
164;119
164;120
164;121
164;122
164;123
164;124
164;125
164;126
164;127
164;128
164;129
164;130
164;131
164;132
164;133
164;134
164;135
164;136
164;137
164;138
164;139
164;140
164;141
164;142
164;143
164;144
164;145
164;146
164;147
164;148
164;149
164;150
164;151
164;152
164;153
164;154
164;155
164;156
164;157
164;158
164;159
164;160
164;161
164;162
164;163
164;164
164;165
164;166
164;167
164;168
164;169
164;170
164;171
164;172
164;173
164;174
164;175
164;176
164;177
164;178
164;179
164;180
164;181
164;182
164;183
164;184
164;185
164;186
164;187
164;188
164;189
164;190
164;191
164;192
164;193
164;194
164;195
164;196
164;197
164;198
164;199
164;200
164;201
164;202
164;203
164;204
164;205
164;206
164;207
164;208
164;209
164;210
164;211
164;212
164;213
164;214
164;215
164;216
164;217
164;218
164;219
164;456
164;458
164;459
164;460
164;461
164;462
164;463
164;464
164;465
164;466
164;467
164;468
164;469
164;470
164;471
164;472
164;473
164;474
164;475
164;476
164;477
164;478
164;479
164;480
164;481
164;482
164;483
164;484
165;83
165;84
165;85
165;86
165;87
165;88
165;89
165;90
165;91
165;92
165;93
165;94
165;95
165;96
165;97
165;98
165;99
165;100
165;101
165;102
165;103
165;104
165;105
165;106
165;107
165;108
165;109
165;110
165;111
165;112
165;113
165;114
165;115
165;116
165;117
165;118
165;119
165;120
165;121
165;122
165;123
165;124
165;125
165;126
165;127
165;128
165;129
165;130
165;131
165;132
165;133
165;134
165;135
165;136
165;137
165;138
165;139
165;140
165;141
165;142
165;143
165;144
165;145
165;146
165;147
165;148
165;149
165;150
165;151
165;152
165;153
165;154
165;155
165;156
165;157
165;158
165;159
165;160
165;161
165;162
165;163
165;164
165;165
165;166
165;167
165;168
165;169
165;170
165;171
165;172
165;173
165;174
165;175
165;176
165;177
165;178
165;179
165;180
165;181
165;182
165;183
165;184
165;185
165;186
165;187
165;188
165;189
165;190
165;191
165;192
165;193
165;194
165;195
165;196
165;197
165;198
165;199
165;200
165;201
165;202
165;203
165;204
165;205
165;206
165;207
165;208
165;209
165;210
165;211
165;212
165;213
165;214
165;215
165;216
165;217
165;218
165;462
165;464
165;465
165;466
165;467
165;468
165;469
165;470
165;471
165;472
165;473
165;474
165;475
165;476
165;477
165;478
165;479
165;480
165;481
165;482
165;483
165;484
165;485
166;84
166;85
166;86
166;87
166;88
166;89
166;90
166;91
166;92
166;93
166;94
166;95
166;96
166;97
166;98
166;99
166;100
166;101
166;102
166;103
166;104
166;105
166;106
166;107
166;108
166;109
166;110
166;111
166;112
166;113
166;114
166;115
166;116
166;117
166;118
166;119
166;120
166;121
166;122
166;123
166;124
166;125
166;126
166;127
166;128
166;129
166;130
166;131
166;132
166;133
166;134
166;135
166;136
166;137
166;138
166;139
166;140
166;141
166;142
166;143
166;144
166;145
166;146
166;147
166;148
166;149
166;150
166;151
166;152
166;153
166;154
166;155
166;156
166;157
166;158
166;159
166;160
166;161
166;162
166;163
166;164
166;165
166;166
166;167
166;168
166;169
166;170
166;171
166;172
166;173
166;174
166;175
166;176
166;177
166;178
166;179
166;180
166;181
166;182
166;183
166;184
166;185
166;186
166;187
166;188
166;189
166;190
166;191
166;192
166;193
166;194
166;195
166;196
166;197
166;198
166;199
166;200
166;201
166;202
166;203
166;204
166;205
166;206
166;207
166;208
166;209
166;210
166;211
166;212
166;213
166;214
166;215
166;216
166;468
166;469
166;470
166;471
166;472
166;473
166;474
166;475
166;476
166;477
166;478
166;479
166;480
166;481
166;482
166;483
166;484
166;485
167;84
167;85
167;86
167;87
167;88
167;89
167;90
167;91
167;92
167;93
167;94
167;95
167;96
167;97
167;98
167;99
167;100
167;101
167;102
167;103
167;104
167;105
167;106
167;107
167;108
167;109
167;110
167;111
167;112
167;113
167;114
167;115
167;116
167;117
167;118
167;119
167;120
167;121
167;122
167;123
167;124
167;125
167;126
167;127
167;128
167;129
167;130
167;131
167;132
167;133
167;134
167;135
167;136
167;137
167;138
167;139
167;140
167;141
167;142
167;143
167;144
167;145
167;146
167;147
167;148
167;149
167;150
167;151
167;152
167;153
167;154
167;155
167;156
167;157
167;158
167;159
167;160
167;161
167;162
167;163
167;164
167;165
167;166
167;167
167;168
167;169
167;170
167;171
167;172
167;173
167;174
167;175
167;176
167;177
167;178
167;179
167;180
167;181
167;182
167;183
167;184
167;185
167;186
167;187
167;188
167;189
167;190
167;191
167;192
167;193
167;194
167;195
167;196
167;197
167;198
167;199
167;200
167;201
167;202
167;203
167;204
167;205
167;206
167;207
167;208
167;209
167;210
167;211
167;212
167;213
167;214
167;215
167;472
167;474
167;475
167;476
167;477
167;478
167;479
167;480
167;481
167;482
167;483
167;484
167;485
168;85
168;86
168;87
168;88
168;89
168;90
168;91
168;92
168;93
168;94
168;95
168;96
168;97
168;98
168;99
168;100
168;101
168;102
168;103
168;104
168;105
168;106
168;107
168;108
168;109
168;110
168;111
168;112
168;113
168;114
168;115
168;116
168;117
168;118
168;121
168;122
168;123
168;124
168;125
168;126
168;127
168;128
168;129
168;130
168;131
168;132
168;133
168;134
168;135
168;136
168;137
168;138
168;139
168;140
168;142
168;144
168;146
168;148
168;150
168;152
168;154
168;156
168;158
168;160
168;162
168;164
168;166
168;168
168;170
168;172
168;174
168;176
168;178
168;180
168;182
168;184
168;186
168;188
168;190
168;192
168;194
168;196
168;197
168;198
168;199
168;200
168;201
168;202
168;203
168;204
168;205
168;206
168;207
168;208
168;209
168;210
168;211
168;212
168;213
168;214
168;478
168;480
168;481
168;482
168;483
168;484
168;485
169;86
169;87
169;88
169;89
169;90
169;91
169;92
169;93
169;94
169;95
169;96
169;97
169;98
169;99
169;100
169;101
169;102
169;103
169;104
169;105
169;106
169;107
169;108
169;109
169;110
169;111
169;112
169;113
169;114
169;115
169;116
169;198
169;199
169;200
169;201
169;202
169;203
169;204
169;205
169;206
169;207
169;208
169;209
169;210
169;211
169;212
169;484
169;485
169;486
170;87
170;88
170;89
170;90
170;91
170;92
170;93
170;94
170;95
170;96
170;97
170;98
170;99
170;100
170;101
170;102
170;103
170;104
170;105
170;106
170;107
170;108
170;109
170;110
170;111
170;112
170;113
170;114
170;198
170;199
170;200
170;201
170;202
170;203
170;204
170;205
170;206
170;207
170;208
170;209
170;210
170;211
170;517
171;88
171;89
171;90
171;91
171;92
171;93
171;94
171;95
171;96
171;97
171;98
171;99
171;100
171;101
171;102
171;103
171;104
171;105
171;106
171;107
171;108
171;109
171;110
171;111
171;112
171;200
171;201
171;202
171;203
171;204
171;205
171;206
171;207
171;208
171;209
171;210
171;517
172;88
172;89
172;90
172;91
172;92
172;93
172;94
172;95
172;96
172;97
172;98
172;99
172;100
172;101
172;102
172;103
172;104
172;105
172;106
172;107
172;108
172;109
172;110
172;111
172;112
172;200
172;201
172;202
172;203
172;204
172;205
172;206
172;207
172;208
172;517
172;518
172;519
173;89
173;90
173;91
173;92
173;93
173;94
173;95
173;96
173;97
173;98
173;99
173;100
173;101
173;102
173;103
173;104
173;105
173;106
173;107
173;108
173;109
173;110
173;202
173;203
173;204
173;205
173;206
173;207
173;516
173;517
173;518
173;519
174;90
174;91
174;92
174;93
174;94
174;95
174;96
174;97
174;98
174;99
174;100
174;101
174;102
174;103
174;104
174;105
174;106
174;107
174;108
174;109
174;110
174;111
174;202
174;203
174;204
174;205
174;206
174;516
174;517
174;518
174;519
174;520
174;521
175;90
175;91
175;92
175;93
175;94
175;95
175;96
175;97
175;98
175;99
175;100
175;101
175;102
175;103
175;104
175;105
175;106
175;107
175;108
175;109
175;110
175;111
175;204
175;515
175;516
175;517
175;518
175;519
175;520
175;521
176;89
176;90
176;91
176;92
176;93
176;94
176;95
176;96
176;97
176;98
176;99
176;100
176;101
176;102
176;103
176;104
176;105
176;106
176;107
176;108
176;109
176;110
176;111
176;112
176;113
176;515
176;516
176;517
176;518
176;519
176;520
176;521
176;522
176;523
177;88
177;89
177;90
177;91
177;92
177;93
177;94
177;95
177;96
177;97
177;98
177;99
177;100
177;101
177;102
177;103
177;104
177;105
177;106
177;107
177;108
177;109
177;110
177;111
177;112
177;113
177;114
177;115
177;515
177;516
177;517
177;518
177;519
177;520
177;521
177;522
177;523
178;87
178;88
178;89
178;90
178;91
178;92
178;93
178;94
178;95
178;96
178;97
178;98
178;99
178;100
178;101
178;102
178;103
178;104
178;105
178;106
178;107
178;108
178;109
178;110
178;111
178;112
178;113
178;114
178;115
178;515
178;516
178;517
178;518
178;519
178;520
178;521
178;522
178;523
178;524
178;525
179;86
179;87
179;88
179;89
179;90
179;91
179;92
179;93
179;94
179;95
179;96
179;97
179;98
179;99
179;100
179;101
179;102
179;103
179;104
179;105
179;106
179;107
179;108
179;109
179;110
179;111
179;112
179;113
179;114
179;115
179;116
179;117
179;514
179;515
179;516
179;517
179;518
179;519
179;520
179;521
179;522
179;523
179;524
179;525
180;85
180;86
180;87
180;88
180;89
180;90
180;91
180;92
180;93
180;94
180;95
180;96
180;97
180;98
180;99
180;100
180;101
180;102
180;103
180;104
180;105
180;106
180;107
180;108
180;109
180;110
180;111
180;112
180;113
180;114
180;115
180;116
180;117
180;118
180;514
180;515
180;516
180;517
180;518
180;519
180;520
180;521
180;522
180;523
180;524
180;525
180;526
180;527
181;84
181;85
181;86
181;87
181;88
181;89
181;90
181;91
181;92
181;93
181;94
181;95
181;96
181;97
181;98
181;99
181;100
181;101
181;102
181;103
181;104
181;105
181;106
181;107
181;108
181;109
181;110
181;111
181;112
181;113
181;114
181;115
181;116
181;117
181;118
181;119
181;513
181;514
181;515
181;516
181;517
181;518
181;519
181;520
181;521
181;522
181;523
181;524
181;525
181;526
181;527
182;83
182;84
182;85
182;86
182;87
182;88
182;89
182;90
182;91
182;92
182;93
182;94
182;95
182;96
182;97
182;98
182;99
182;100
182;101
182;102
182;103
182;104
182;105
182;106
182;107
182;108
182;109
182;110
182;111
182;112
182;113
182;114
182;115
182;116
182;117
182;118
182;119
182;120
182;121
182;513
182;514
182;515
182;516
182;517
182;518
182;519
182;520
182;521
182;522
182;523
182;524
182;525
182;526
182;527
182;528
182;529
183;81
183;82
183;83
183;84
183;85
183;86
183;87
183;88
183;89
183;90
183;91
183;92
183;93
183;94
183;95
183;96
183;97
183;98
183;99
183;100
183;101
183;102
183;103
183;104
183;105
183;106
183;107
183;108
183;109
183;110
183;111
183;112
183;113
183;114
183;115
183;116
183;117
183;118
183;119
183;120
183;121
183;122
183;513
183;514
183;515
183;516
183;517
183;518
183;519
183;520
183;521
183;522
183;523
183;524
183;525
183;526
183;527
183;528
183;529
184;81
184;82
184;83
184;84
184;85
184;86
184;87
184;88
184;89
184;90
184;91
184;92
184;93
184;94
184;95
184;96
184;97
184;98
184;99
184;100
184;101
184;102
184;103
184;104
184;105
184;106
184;107
184;108
184;109
184;110
184;111
184;112
184;113
184;114
184;115
184;116
184;117
184;118
184;119
184;120
184;121
184;122
184;123
184;512
184;513
184;514
184;515
184;516
184;517
184;518
184;519
184;520
184;521
184;522
184;523
184;524
184;525
184;526
184;527
184;528
184;529
184;530
184;531
185;79
185;80
185;81
185;82
185;83
185;84
185;85
185;86
185;87
185;88
185;89
185;90
185;91
185;92
185;93
185;94
185;95
185;96
185;97
185;98
185;99
185;100
185;101
185;102
185;103
185;104
185;105
185;106
185;107
185;108
185;109
185;110
185;111
185;112
185;113
185;114
185;115
185;116
185;117
185;118
185;119
185;120
185;121
185;122
185;123
185;124
185;125
185;401
185;512
185;513
185;514
185;515
185;516
185;517
185;518
185;519
185;520
185;521
185;522
185;523
185;524
185;525
185;526
185;527
185;528
185;529
185;530
185;531
186;79
186;80
186;81
186;82
186;83
186;84
186;85
186;86
186;87
186;88
186;89
186;90
186;91
186;92
186;93
186;94
186;95
186;96
186;97
186;98
186;99
186;100
186;101
186;102
186;103
186;104
186;105
186;106
186;107
186;108
186;109
186;110
186;111
186;112
186;113
186;114
186;115
186;116
186;117
186;118
186;119
186;120
186;121
186;122
186;123
186;124
186;125
186;401
186;402
186;403
186;404
186;405
186;407
186;511
186;512
186;513
186;514
186;515
186;516
186;517
186;518
186;519
186;520
186;521
186;522
186;523
186;524
186;525
186;526
186;527
186;528
186;529
186;530
186;531
186;532
186;533
187;77
187;78
187;79
187;80
187;81
187;82
187;83
187;84
187;85
187;86
187;87
187;88
187;89
187;90
187;91
187;92
187;93
187;94
187;95
187;96
187;97
187;98
187;99
187;100
187;101
187;102
187;103
187;104
187;105
187;106
187;107
187;108
187;109
187;110
187;111
187;112
187;113
187;114
187;115
187;116
187;117
187;118
187;119
187;120
187;121
187;122
187;123
187;124
187;125
187;126
187;127
187;401
187;402
187;403
187;404
187;405
187;406
187;407
187;408
187;409
187;410
187;411
187;413
187;511
187;512
187;513
187;514
187;515
187;516
187;517
187;518
187;519
187;520
187;521
187;522
187;523
187;524
187;525
187;526
187;527
187;528
187;529
187;530
187;531
187;532
187;533
188;77
188;78
188;79
188;80
188;81
188;82
188;83
188;84
188;85
188;86
188;87
188;88
188;89
188;90
188;91
188;92
188;93
188;94
188;95
188;96
188;97
188;98
188;99
188;100
188;101
188;102
188;103
188;104
188;105
188;106
188;107
188;108
188;109
188;110
188;111
188;112
188;113
188;114
188;115
188;116
188;117
188;118
188;119
188;120
188;121
188;122
188;123
188;124
188;125
188;126
188;127
188;128
188;129
188;401
188;402
188;403
188;404
188;405
188;406
188;407
188;408
188;409
188;410
188;411
188;412
188;413
188;414
188;415
188;416
188;417
188;419
188;511
188;512
188;513
188;514
188;515
188;516
188;517
188;518
188;519
188;520
188;521
188;522
188;523
188;524
188;525
188;526
188;527
188;528
188;529
188;530
188;531
188;532
188;533
188;534
188;535
189;75
189;76
189;77
189;78
189;79
189;80
189;81
189;82
189;83
189;84
189;85
189;86
189;87
189;88
189;89
189;90
189;91
189;92
189;93
189;94
189;95
189;96
189;97
189;98
189;99
189;100
189;101
189;102
189;103
189;104
189;105
189;106
189;107
189;108
189;109
189;110
189;111
189;112
189;113
189;114
189;115
189;116
189;117
189;118
189;119
189;120
189;121
189;122
189;123
189;124
189;125
189;126
189;127
189;128
189;129
189;400
189;401
189;402
189;403
189;404
189;405
189;406
189;407
189;408
189;409
189;410
189;411
189;412
189;413
189;414
189;415
189;416
189;417
189;418
189;419
189;420
189;421
189;422
189;423
189;425
189;510
189;511
189;512
189;513
189;514
189;515
189;516
189;517
189;518
189;519
189;520
189;521
189;522
189;523
189;524
189;525
189;526
189;527
189;528
189;529
189;530
189;531
189;532
189;533
189;534
189;535
190;75
190;76
190;77
190;78
190;79
190;80
190;81
190;82
190;83
190;84
190;85
190;86
190;87
190;88
190;89
190;90
190;91
190;92
190;93
190;94
190;95
190;96
190;97
190;98
190;99
190;100
190;101
190;102
190;103
190;104
190;105
190;106
190;107
190;108
190;109
190;110
190;111
190;112
190;113
190;114
190;115
190;116
190;117
190;118
190;119
190;120
190;121
190;122
190;123
190;124
190;125
190;126
190;127
190;128
190;129
190;130
190;131
190;400
190;401
190;402
190;403
190;404
190;405
190;406
190;407
190;408
190;409
190;410
190;411
190;412
190;413
190;414
190;415
190;416
190;417
190;418
190;419
190;420
190;421
190;422
190;423
190;424
190;425
190;426
190;427
190;428
190;429
190;431
190;510
190;511
190;512
190;513
190;514
190;515
190;516
190;517
190;518
190;519
190;520
190;521
190;522
190;523
190;524
190;525
190;526
190;527
190;528
190;529
190;530
190;531
190;532
190;533
190;534
190;535
190;536
191;73
191;74
191;75
191;76
191;77
191;78
191;79
191;80
191;81
191;82
191;83
191;84
191;85
191;86
191;87
191;88
191;89
191;90
191;91
191;92
191;93
191;94
191;95
191;96
191;97
191;98
191;99
191;100
191;101
191;102
191;103
191;104
191;105
191;106
191;107
191;108
191;109
191;110
191;111
191;112
191;113
191;114
191;115
191;116
191;117
191;118
191;119
191;120
191;121
191;122
191;123
191;124
191;125
191;126
191;127
191;128
191;129
191;130
191;131
191;132
191;400
191;401
191;402
191;403
191;404
191;405
191;406
191;407
191;408
191;409
191;410
191;411
191;412
191;413
191;414
191;415
191;416
191;417
191;418
191;419
191;420
191;421
191;422
191;423
191;424
191;425
191;426
191;427
191;428
191;429
191;430
191;431
191;432
191;433
191;434
191;435
191;437
191;509
191;510
191;511
191;512
191;513
191;514
191;515
191;516
191;517
191;518
191;519
191;520
191;521
191;522
191;523
191;524
191;525
191;526
191;527
191;528
191;529
191;530
191;531
191;532
191;533
191;534
191;535
191;536
192;73
192;74
192;75
192;76
192;77
192;78
192;79
192;80
192;81
192;82
192;83
192;84
192;85
192;86
192;87
192;88
192;89
192;90
192;91
192;92
192;93
192;94
192;95
192;96
192;97
192;98
192;99
192;100
192;101
192;102
192;103
192;104
192;105
192;106
192;107
192;108
192;109
192;110
192;111
192;112
192;113
192;114
192;115
192;116
192;117
192;118
192;119
192;120
192;121
192;122
192;123
192;124
192;125
192;126
192;127
192;128
192;129
192;130
192;131
192;132
192;133
192;400
192;401
192;402
192;403
192;404
192;405
192;406
192;407
192;408
192;409
192;410
192;411
192;412
192;413
192;414
192;415
192;416
192;417
192;418
192;419
192;420
192;421
192;422
192;423
192;424
192;425
192;426
192;427
192;428
192;429
192;430
192;431
192;432
192;433
192;434
192;435
192;436
192;437
192;438
192;439
192;440
192;441
192;443
192;509
192;510
192;511
192;512
192;513
192;514
192;515
192;516
192;517
192;518
192;519
192;520
192;521
192;522
192;523
192;524
192;525
192;526
192;527
192;528
192;529
192;530
192;531
192;532
192;533
192;534
192;535
192;536
193;71
193;72
193;73
193;74
193;75
193;76
193;77
193;78
193;79
193;80
193;81
193;82
193;83
193;84
193;85
193;86
193;87
193;88
193;89
193;90
193;91
193;92
193;93
193;94
193;95
193;96
193;97
193;98
193;99
193;100
193;101
193;102
193;103
193;104
193;105
193;106
193;107
193;108
193;109
193;110
193;111
193;112
193;113
193;114
193;115
193;116
193;117
193;118
193;119
193;120
193;121
193;122
193;123
193;124
193;125
193;126
193;127
193;128
193;129
193;130
193;131
193;132
193;133
193;134
193;135
193;399
193;400
193;401
193;402
193;403
193;404
193;405
193;406
193;407
193;408
193;409
193;410
193;411
193;412
193;413
193;414
193;415
193;416
193;417
193;418
193;419
193;420
193;421
193;422
193;423
193;424
193;425
193;426
193;427
193;428
193;429
193;430
193;431
193;432
193;433
193;434
193;435
193;436
193;437
193;438
193;439
193;440
193;441
193;442
193;443
193;444
193;445
193;446
193;447
193;449
193;509
193;510
193;511
193;512
193;513
193;514
193;515
193;516
193;517
193;518
193;519
193;520
193;521
193;522
193;523
193;524
193;525
193;526
193;527
193;528
193;529
193;530
193;531
193;532
193;533
193;534
193;535
193;536
194;70
194;71
194;72
194;73
194;74
194;75
194;76
194;77
194;78
194;79
194;80
194;81
194;82
194;83
194;84
194;85
194;86
194;87
194;88
194;89
194;90
194;91
194;92
194;93
194;94
194;95
194;96
194;97
194;98
194;99
194;100
194;101
194;102
194;103
194;104
194;105
194;106
194;107
194;108
194;109
194;110
194;111
194;112
194;113
194;114
194;115
194;116
194;117
194;118
194;119
194;120
194;121
194;122
194;123
194;124
194;125
194;126
194;127
194;128
194;129
194;130
194;131
194;132
194;133
194;134
194;135
194;136
194;399
194;400
194;401
194;402
194;403
194;404
194;405
194;406
194;407
194;408
194;409
194;410
194;411
194;412
194;413
194;414
194;415
194;416
194;417
194;418
194;419
194;420
194;421
194;422
194;423
194;424
194;425
194;426
194;427
194;428
194;429
194;430
194;431
194;432
194;433
194;434
194;435
194;436
194;437
194;438
194;439
194;440
194;441
194;442
194;443
194;444
194;445
194;446
194;447
194;448
194;449
194;450
194;451
194;452
194;453
194;455
194;508
194;509
194;510
194;511
194;512
194;513
194;514
194;515
194;516
194;517
194;518
194;519
194;520
194;521
194;522
194;523
194;524
194;525
194;526
194;527
194;528
194;529
194;530
194;531
194;532
194;533
194;534
194;535
194;536
195;69
195;70
195;71
195;72
195;73
195;74
195;75
195;76
195;77
195;78
195;79
195;80
195;81
195;82
195;83
195;84
195;85
195;86
195;87
195;88
195;89
195;90
195;91
195;92
195;93
195;94
195;95
195;96
195;97
195;98
195;99
195;100
195;101
195;102
195;103
195;104
195;105
195;106
195;107
195;108
195;109
195;110
195;111
195;112
195;113
195;114
195;115
195;116
195;117
195;118
195;119
195;120
195;121
195;122
195;123
195;124
195;125
195;126
195;127
195;128
195;129
195;130
195;131
195;132
195;133
195;134
195;135
195;136
195;137
195;399
195;400
195;401
195;402
195;403
195;404
195;405
195;406
195;407
195;408
195;409
195;410
195;411
195;412
195;413
195;414
195;415
195;416
195;417
195;418
195;419
195;420
195;421
195;422
195;423
195;424
195;425
195;426
195;427
195;428
195;429
195;430
195;431
195;432
195;433
195;434
195;435
195;436
195;437
195;438
195;439
195;440
195;441
195;442
195;443
195;444
195;445
195;446
195;447
195;448
195;449
195;450
195;451
195;452
195;453
195;454
195;455
195;456
195;457
195;458
195;459
195;461
195;508
195;509
195;510
195;511
195;512
195;513
195;514
195;515
195;516
195;517
195;518
195;519
195;520
195;521
195;522
195;523
195;524
195;525
195;526
195;527
195;528
195;529
195;530
195;531
195;532
195;533
195;534
195;535
195;536
196;68
196;69
196;70
196;71
196;72
196;73
196;74
196;75
196;76
196;77
196;78
196;79
196;80
196;81
196;82
196;83
196;84
196;85
196;86
196;87
196;88
196;89
196;90
196;91
196;92
196;93
196;94
196;95
196;96
196;97
196;98
196;99
196;100
196;101
196;102
196;103
196;104
196;105
196;106
196;107
196;108
196;109
196;110
196;111
196;112
196;113
196;114
196;115
196;116
196;117
196;118
196;119
196;120
196;121
196;122
196;123
196;124
196;125
196;126
196;127
196;128
196;129
196;130
196;131
196;132
196;133
196;134
196;135
196;136
196;137
196;138
196;139
196;399
196;400
196;401
196;402
196;403
196;404
196;405
196;406
196;407
196;408
196;409
196;410
196;411
196;412
196;413
196;414
196;415
196;416
196;417
196;418
196;419
196;420
196;421
196;422
196;423
196;424
196;425
196;426
196;427
196;428
196;429
196;430
196;431
196;432
196;433
196;434
196;435
196;436
196;437
196;438
196;439
196;440
196;441
196;442
196;443
196;444
196;445
196;446
196;447
196;448
196;449
196;450
196;451
196;452
196;453
196;454
196;455
196;456
196;457
196;458
196;459
196;460
196;461
196;507
196;508
196;509
196;510
196;511
196;512
196;513
196;514
196;515
196;516
196;517
196;518
196;519
196;520
196;521
196;522
196;523
196;524
196;525
196;526
196;527
196;528
196;529
196;530
196;531
196;532
196;533
196;534
196;535
196;536
197;67
197;68
197;69
197;70
197;71
197;72
197;73
197;74
197;75
197;76
197;77
197;78
197;79
197;80
197;81
197;82
197;83
197;84
197;85
197;86
197;87
197;88
197;89
197;90
197;91
197;92
197;93
197;94
197;95
197;96
197;97
197;98
197;99
197;100
197;101
197;102
197;103
197;104
197;105
197;106
197;107
197;108
197;109
197;110
197;111
197;112
197;113
197;114
197;115
197;116
197;117
197;118
197;119
197;120
197;121
197;122
197;123
197;124
197;125
197;126
197;127
197;128
197;129
197;130
197;131
197;132
197;133
197;134
197;135
197;136
197;137
197;138
197;139
197;399
197;400
197;401
197;402
197;403
197;404
197;405
197;406
197;407
197;408
197;409
197;410
197;411
197;412
197;413
197;414
197;415
197;416
197;417
197;418
197;419
197;420
197;421
197;422
197;423
197;424
197;425
197;426
197;427
197;428
197;429
197;430
197;431
197;432
197;433
197;434
197;435
197;436
197;437
197;438
197;439
197;440
197;441
197;442
197;443
197;444
197;445
197;446
197;447
197;448
197;449
197;450
197;451
197;452
197;453
197;454
197;455
197;456
197;457
197;458
197;459
197;460
197;461
197;507
197;508
197;509
197;510
197;511
197;512
197;513
197;514
197;515
197;516
197;517
197;518
197;519
197;520
197;521
197;522
197;523
197;524
197;525
197;526
197;527
197;528
197;529
197;530
197;531
197;532
197;533
197;534
197;535
197;536
198;66
198;67
198;68
198;69
198;70
198;71
198;72
198;73
198;74
198;75
198;76
198;77
198;78
198;79
198;80
198;81
198;82
198;83
198;84
198;85
198;86
198;87
198;88
198;89
198;90
198;91
198;92
198;93
198;94
198;95
198;96
198;97
198;98
198;99
198;100
198;101
198;102
198;103
198;104
198;105
198;106
198;107
198;108
198;109
198;110
198;111
198;112
198;113
198;114
198;115
198;116
198;117
198;118
198;119
198;120
198;121
198;122
198;123
198;124
198;125
198;126
198;127
198;128
198;129
198;130
198;131
198;132
198;133
198;134
198;135
198;136
198;137
198;138
198;139
198;140
198;141
198;398
198;399
198;400
198;401
198;402
198;403
198;404
198;405
198;406
198;407
198;408
198;409
198;410
198;411
198;412
198;413
198;414
198;415
198;416
198;417
198;418
198;419
198;420
198;421
198;422
198;423
198;424
198;425
198;426
198;427
198;428
198;429
198;430
198;431
198;432
198;433
198;434
198;435
198;436
198;437
198;438
198;439
198;440
198;441
198;442
198;443
198;444
198;445
198;446
198;447
198;448
198;449
198;450
198;451
198;452
198;453
198;454
198;455
198;456
198;457
198;458
198;459
198;460
198;461
198;507
198;508
198;509
198;510
198;511
198;512
198;513
198;514
198;515
198;516
198;517
198;518
198;519
198;520
198;521
198;522
198;523
198;524
198;525
198;526
198;527
198;528
198;529
198;530
198;531
198;532
198;533
198;534
198;535
198;536
199;65
199;66
199;67
199;68
199;69
199;70
199;71
199;72
199;73
199;74
199;75
199;76
199;77
199;78
199;79
199;80
199;81
199;82
199;83
199;84
199;85
199;86
199;87
199;88
199;89
199;90
199;91
199;92
199;93
199;94
199;95
199;96
199;97
199;98
199;99
199;100
199;101
199;102
199;103
199;104
199;105
199;106
199;107
199;108
199;109
199;110
199;111
199;112
199;113
199;114
199;115
199;116
199;117
199;118
199;119
199;120
199;121
199;122
199;123
199;124
199;125
199;126
199;127
199;128
199;129
199;130
199;131
199;132
199;133
199;134
199;135
199;136
199;137
199;138
199;139
199;140
199;141
199;142
199;143
199;398
199;399
199;400
199;401
199;402
199;403
199;404
199;405
199;406
199;407
199;408
199;409
199;410
199;411
199;412
199;413
199;414
199;415
199;416
199;417
199;418
199;419
199;420
199;421
199;422
199;423
199;424
199;425
199;426
199;427
199;428
199;429
199;430
199;431
199;432
199;433
199;434
199;435
199;436
199;437
199;438
199;439
199;440
199;441
199;442
199;443
199;444
199;445
199;446
199;447
199;448
199;449
199;450
199;451
199;452
199;453
199;454
199;455
199;456
199;457
199;458
199;459
199;460
199;506
199;507
199;508
199;509
199;510
199;511
199;512
199;513
199;514
199;515
199;516
199;517
199;518
199;519
199;520
199;521
199;522
199;523
199;524
199;525
199;526
199;527
199;528
199;529
199;530
199;531
199;532
199;533
199;534
199;535
199;536
200;64
200;65
200;66
200;67
200;68
200;69
200;70
200;71
200;72
200;73
200;74
200;75
200;76
200;77
200;78
200;79
200;80
200;81
200;82
200;83
200;84
200;85
200;86
200;87
200;88
200;89
200;90
200;91
200;92
200;93
200;94
200;95
200;96
200;97
200;98
200;99
200;100
200;101
200;102
200;103
200;104
200;105
200;106
200;107
200;108
200;109
200;110
200;111
200;112
200;113
200;114
200;115
200;116
200;117
200;118
200;119
200;120
200;121
200;122
200;123
200;124
200;125
200;126
200;127
200;128
200;129
200;130
200;131
200;132
200;133
200;134
200;135
200;136
200;137
200;138
200;139
200;140
200;141
200;142
200;143
200;398
200;399
200;400
200;401
200;402
200;403
200;404
200;405
200;406
200;407
200;408
200;409
200;410
200;411
200;412
200;413
200;414
200;415
200;416
200;417
200;418
200;419
200;420
200;421
200;422
200;423
200;424
200;425
200;426
200;427
200;428
200;429
200;430
200;431
200;432
200;433
200;434
200;435
200;436
200;437
200;438
200;439
200;440
200;441
200;442
200;443
200;444
200;445
200;446
200;447
200;448
200;449
200;450
200;451
200;452
200;453
200;454
200;455
200;456
200;457
200;458
200;459
200;460
200;506
200;507
200;508
200;509
200;510
200;511
200;512
200;513
200;514
200;515
200;516
200;517
200;518
200;519
200;520
200;521
200;522
200;523
200;524
200;525
200;526
200;527
200;528
200;529
200;530
200;531
200;532
200;533
200;534
200;535
200;536
201;63
201;64
201;65
201;66
201;67
201;68
201;69
201;70
201;71
201;72
201;73
201;74
201;75
201;76
201;77
201;78
201;79
201;80
201;81
201;82
201;83
201;84
201;85
201;86
201;87
201;88
201;89
201;90
201;91
201;92
201;93
201;94
201;95
201;96
201;97
201;98
201;99
201;100
201;101
201;102
201;103
201;104
201;105
201;106
201;107
201;108
201;109
201;110
201;111
201;112
201;113
201;114
201;115
201;116
201;117
201;118
201;119
201;120
201;121
201;122
201;123
201;124
201;125
201;126
201;127
201;128
201;129
201;130
201;131
201;132
201;133
201;134
201;135
201;136
201;137
201;138
201;139
201;140
201;141
201;142
201;143
201;144
201;145
201;398
201;399
201;400
201;401
201;402
201;403
201;404
201;405
201;406
201;407
201;408
201;409
201;410
201;411
201;412
201;413
201;414
201;415
201;416
201;417
201;418
201;419
201;420
201;421
201;422
201;423
201;424
201;425
201;426
201;427
201;428
201;429
201;430
201;431
201;432
201;433
201;434
201;435
201;436
201;437
201;438
201;439
201;440
201;441
201;442
201;443
201;444
201;445
201;446
201;447
201;448
201;449
201;450
201;451
201;452
201;453
201;454
201;455
201;456
201;457
201;458
201;459
201;460
201;505
201;506
201;507
201;508
201;509
201;510
201;511
201;512
201;513
201;514
201;515
201;516
201;517
201;518
201;519
201;520
201;521
201;522
201;523
201;524
201;525
201;526
201;527
201;528
201;529
201;530
201;531
201;532
201;533
201;534
201;535
201;536
202;62
202;63
202;64
202;65
202;66
202;67
202;68
202;69
202;70
202;71
202;72
202;73
202;74
202;75
202;76
202;77
202;78
202;79
202;80
202;81
202;82
202;83
202;84
202;85
202;86
202;87
202;88
202;89
202;90
202;91
202;92
202;93
202;94
202;95
202;96
202;97
202;98
202;99
202;100
202;101
202;102
202;103
202;104
202;105
202;106
202;107
202;108
202;109
202;110
202;111
202;112
202;113
202;114
202;115
202;116
202;117
202;118
202;119
202;120
202;121
202;122
202;123
202;124
202;125
202;126
202;127
202;128
202;129
202;130
202;131
202;132
202;133
202;134
202;135
202;136
202;137
202;138
202;139
202;140
202;141
202;142
202;143
202;144
202;145
202;146
202;397
202;398
202;399
202;400
202;401
202;402
202;403
202;404
202;405
202;406
202;407
202;408
202;409
202;410
202;411
202;412
202;413
202;414
202;415
202;416
202;417
202;418
202;419
202;420
202;421
202;422
202;423
202;424
202;425
202;426
202;427
202;428
202;429
202;430
202;431
202;432
202;433
202;434
202;435
202;436
202;437
202;438
202;439
202;440
202;441
202;442
202;443
202;444
202;445
202;446
202;447
202;448
202;449
202;450
202;451
202;452
202;453
202;454
202;455
202;456
202;457
202;458
202;459
202;460
202;505
202;506
202;507
202;508
202;509
202;510
202;511
202;512
202;513
202;514
202;515
202;516
202;517
202;518
202;519
202;520
202;521
202;522
202;523
202;524
202;525
202;526
202;527
202;528
202;529
202;530
202;531
202;532
202;533
202;534
202;535
202;536
203;61
203;62
203;63
203;64
203;65
203;66
203;67
203;68
203;69
203;70
203;71
203;72
203;73
203;74
203;75
203;76
203;77
203;78
203;79
203;80
203;81
203;82
203;83
203;84
203;85
203;86
203;87
203;88
203;89
203;90
203;91
203;92
203;93
203;94
203;95
203;96
203;97
203;98
203;99
203;100
203;101
203;102
203;103
203;104
203;105
203;106
203;107
203;108
203;109
203;110
203;111
203;112
203;113
203;114
203;115
203;116
203;117
203;118
203;119
203;120
203;121
203;122
203;123
203;124
203;125
203;126
203;127
203;128
203;129
203;130
203;131
203;132
203;133
203;134
203;135
203;136
203;137
203;138
203;139
203;140
203;141
203;142
203;143
203;144
203;145
203;146
203;147
203;397
203;398
203;399
203;400
203;401
203;402
203;403
203;404
203;405
203;406
203;407
203;408
203;409
203;410
203;411
203;412
203;413
203;414
203;415
203;416
203;417
203;418
203;419
203;420
203;421
203;422
203;423
203;424
203;425
203;426
203;427
203;428
203;429
203;430
203;431
203;432
203;433
203;434
203;435
203;436
203;437
203;438
203;439
203;440
203;441
203;442
203;443
203;444
203;445
203;446
203;447
203;448
203;449
203;450
203;451
203;452
203;453
203;454
203;455
203;456
203;457
203;458
203;459
203;460
203;505
203;506
203;507
203;508
203;509
203;510
203;511
203;512
203;513
203;514
203;515
203;516
203;517
203;518
203;519
203;520
203;521
203;522
203;523
203;524
203;525
203;526
203;527
203;528
203;529
203;530
203;531
203;532
203;533
203;534
203;535
203;536
204;59
204;60
204;61
204;62
204;63
204;64
204;65
204;66
204;67
204;68
204;69
204;70
204;71
204;72
204;73
204;74
204;75
204;76
204;77
204;78
204;79
204;80
204;81
204;82
204;83
204;84
204;85
204;86
204;87
204;88
204;89
204;90
204;91
204;92
204;93
204;94
204;95
204;96
204;97
204;98
204;99
204;100
204;101
204;102
204;103
204;104
204;105
204;106
204;107
204;108
204;109
204;110
204;111
204;112
204;113
204;114
204;115
204;116
204;117
204;118
204;119
204;120
204;121
204;122
204;123
204;124
204;125
204;126
204;127
204;128
204;129
204;130
204;131
204;132
204;133
204;134
204;135
204;136
204;137
204;138
204;139
204;140
204;141
204;142
204;143
204;144
204;145
204;146
204;147
204;148
204;149
204;397
204;398
204;399
204;400
204;401
204;402
204;403
204;404
204;405
204;406
204;407
204;408
204;409
204;410
204;411
204;412
204;413
204;414
204;415
204;416
204;417
204;418
204;419
204;420
204;421
204;422
204;423
204;424
204;425
204;426
204;427
204;428
204;429
204;430
204;431
204;432
204;433
204;434
204;435
204;436
204;437
204;438
204;439
204;440
204;441
204;442
204;443
204;444
204;445
204;446
204;447
204;448
204;449
204;450
204;451
204;452
204;453
204;454
204;455
204;456
204;457
204;458
204;459
204;504
204;505
204;506
204;507
204;508
204;509
204;510
204;511
204;512
204;513
204;514
204;515
204;516
204;517
204;518
204;519
204;520
204;521
204;522
204;523
204;524
204;525
204;526
204;527
204;528
204;529
204;530
204;531
204;532
204;533
204;534
204;535
204;536
205;59
205;60
205;61
205;62
205;63
205;64
205;65
205;66
205;67
205;68
205;69
205;70
205;71
205;72
205;73
205;74
205;75
205;76
205;77
205;78
205;79
205;80
205;81
205;82
205;83
205;84
205;85
205;86
205;87
205;88
205;89
205;90
205;91
205;92
205;93
205;94
205;95
205;96
205;97
205;98
205;99
205;100
205;101
205;102
205;103
205;104
205;105
205;106
205;107
205;108
205;109
205;110
205;111
205;112
205;113
205;114
205;115
205;116
205;117
205;118
205;119
205;120
205;121
205;122
205;123
205;124
205;125
205;126
205;127
205;128
205;129
205;130
205;131
205;132
205;133
205;134
205;135
205;136
205;137
205;138
205;139
205;140
205;141
205;142
205;143
205;144
205;145
205;146
205;147
205;148
205;149
205;150
205;397
205;398
205;399
205;400
205;401
205;402
205;403
205;404
205;405
205;406
205;407
205;408
205;409
205;410
205;411
205;412
205;413
205;414
205;415
205;416
205;417
205;418
205;419
205;420
205;421
205;422
205;423
205;424
205;425
205;426
205;427
205;428
205;429
205;430
205;431
205;432
205;433
205;434
205;435
205;436
205;437
205;438
205;439
205;440
205;441
205;442
205;443
205;444
205;445
205;446
205;447
205;448
205;449
205;450
205;451
205;452
205;453
205;454
205;455
205;456
205;457
205;458
205;459
205;504
205;505
205;506
205;507
205;508
205;509
205;510
205;511
205;512
205;513
205;514
205;515
205;516
205;517
205;518
205;519
205;520
205;521
205;522
205;523
205;524
205;525
205;526
205;527
205;528
205;529
205;530
205;531
205;532
205;533
205;534
205;535
205;536
206;57
206;58
206;59
206;60
206;61
206;62
206;63
206;64
206;65
206;66
206;67
206;68
206;69
206;70
206;71
206;72
206;73
206;74
206;75
206;76
206;77
206;78
206;79
206;80
206;81
206;82
206;83
206;84
206;85
206;86
206;87
206;88
206;89
206;90
206;91
206;92
206;93
206;94
206;95
206;96
206;97
206;98
206;99
206;100
206;101
206;102
206;103
206;104
206;105
206;106
206;107
206;108
206;109
206;110
206;111
206;112
206;113
206;114
206;115
206;116
206;117
206;118
206;119
206;120
206;121
206;122
206;123
206;124
206;125
206;126
206;127
206;128
206;129
206;130
206;131
206;132
206;133
206;134
206;135
206;136
206;137
206;138
206;139
206;140
206;141
206;142
206;143
206;144
206;145
206;146
206;147
206;148
206;149
206;150
206;151
206;397
206;398
206;399
206;400
206;401
206;402
206;403
206;404
206;405
206;406
206;407
206;408
206;409
206;410
206;411
206;412
206;413
206;414
206;415
206;416
206;417
206;418
206;419
206;420
206;421
206;422
206;423
206;424
206;425
206;426
206;427
206;428
206;429
206;430
206;431
206;432
206;433
206;434
206;435
206;436
206;437
206;438
206;439
206;440
206;441
206;442
206;443
206;444
206;445
206;446
206;447
206;448
206;449
206;450
206;451
206;452
206;453
206;454
206;455
206;456
206;457
206;458
206;459
206;503
206;504
206;505
206;506
206;507
206;508
206;509
206;510
206;511
206;512
206;513
206;514
206;515
206;516
206;517
206;518
206;519
206;520
206;521
206;522
206;523
206;524
206;525
206;526
206;527
206;528
206;529
206;530
206;531
206;532
206;533
206;534
206;535
206;536
207;57
207;58
207;59
207;60
207;61
207;62
207;63
207;64
207;65
207;66
207;67
207;68
207;69
207;70
207;71
207;72
207;73
207;74
207;75
207;76
207;77
207;78
207;79
207;80
207;81
207;82
207;83
207;84
207;85
207;86
207;87
207;88
207;89
207;90
207;91
207;92
207;93
207;94
207;95
207;96
207;97
207;98
207;99
207;100
207;101
207;102
207;103
207;104
207;105
207;106
207;107
207;108
207;109
207;110
207;111
207;112
207;113
207;114
207;115
207;116
207;117
207;118
207;119
207;120
207;121
207;122
207;123
207;124
207;125
207;126
207;127
207;128
207;129
207;130
207;131
207;132
207;133
207;134
207;135
207;136
207;137
207;138
207;139
207;140
207;141
207;142
207;143
207;144
207;145
207;146
207;147
207;148
207;149
207;150
207;151
207;152
207;153
207;396
207;397
207;398
207;399
207;400
207;401
207;402
207;403
207;404
207;405
207;406
207;407
207;408
207;409
207;410
207;411
207;412
207;413
207;414
207;415
207;416
207;417
207;418
207;419
207;420
207;421
207;422
207;423
207;424
207;425
207;426
207;427
207;428
207;429
207;430
207;431
207;432
207;433
207;434
207;435
207;436
207;437
207;438
207;439
207;440
207;441
207;442
207;443
207;444
207;445
207;446
207;447
207;448
207;449
207;450
207;451
207;452
207;453
207;454
207;455
207;456
207;457
207;458
207;459
207;503
207;504
207;505
207;506
207;507
207;508
207;509
207;510
207;511
207;512
207;513
207;514
207;515
207;516
207;517
207;518
207;519
207;520
207;521
207;522
207;523
207;524
207;525
207;526
207;527
207;528
207;529
207;530
207;531
207;532
207;533
207;534
207;535
207;536
208;55
208;56
208;57
208;58
208;59
208;60
208;61
208;62
208;63
208;64
208;65
208;66
208;67
208;68
208;69
208;70
208;71
208;72
208;73
208;74
208;75
208;76
208;77
208;78
208;79
208;80
208;81
208;82
208;83
208;84
208;85
208;86
208;87
208;88
208;89
208;90
208;91
208;92
208;93
208;94
208;95
208;96
208;97
208;98
208;99
208;100
208;101
208;102
208;103
208;104
208;105
208;106
208;107
208;108
208;109
208;110
208;111
208;112
208;113
208;114
208;115
208;116
208;117
208;118
208;119
208;120
208;121
208;122
208;123
208;124
208;125
208;126
208;127
208;128
208;129
208;130
208;131
208;132
208;133
208;134
208;135
208;136
208;137
208;138
208;139
208;140
208;141
208;142
208;143
208;144
208;145
208;146
208;147
208;148
208;149
208;150
208;151
208;152
208;153
208;396
208;397
208;398
208;399
208;400
208;401
208;402
208;403
208;404
208;405
208;406
208;407
208;408
208;409
208;410
208;411
208;412
208;413
208;414
208;415
208;416
208;417
208;418
208;419
208;420
208;421
208;422
208;423
208;424
208;425
208;426
208;427
208;428
208;429
208;430
208;431
208;432
208;433
208;434
208;435
208;436
208;437
208;438
208;439
208;440
208;441
208;442
208;443
208;444
208;445
208;446
208;447
208;448
208;449
208;450
208;451
208;452
208;453
208;454
208;455
208;456
208;457
208;458
208;503
208;504
208;505
208;506
208;507
208;508
208;509
208;510
208;511
208;512
208;513
208;514
208;515
208;516
208;517
208;518
208;519
208;520
208;521
208;522
208;523
208;524
208;525
208;526
208;527
208;528
208;529
208;530
208;531
208;532
208;533
208;534
208;535
208;536
209;55
209;56
209;57
209;58
209;59
209;60
209;61
209;62
209;63
209;64
209;65
209;66
209;67
209;68
209;69
209;70
209;71
209;72
209;73
209;74
209;75
209;76
209;77
209;78
209;79
209;80
209;81
209;82
209;83
209;84
209;85
209;86
209;87
209;88
209;89
209;90
209;91
209;92
209;93
209;94
209;95
209;96
209;97
209;98
209;99
209;100
209;101
209;102
209;103
209;104
209;105
209;106
209;107
209;108
209;109
209;110
209;111
209;112
209;113
209;114
209;115
209;116
209;117
209;118
209;119
209;120
209;121
209;122
209;123
209;124
209;125
209;126
209;127
209;128
209;129
209;130
209;131
209;132
209;133
209;134
209;135
209;136
209;137
209;138
209;139
209;140
209;141
209;142
209;143
209;144
209;145
209;146
209;147
209;148
209;149
209;150
209;151
209;152
209;396
209;397
209;398
209;399
209;400
209;401
209;402
209;403
209;404
209;405
209;406
209;407
209;408
209;409
209;410
209;411
209;412
209;413
209;414
209;415
209;416
209;417
209;418
209;419
209;420
209;421
209;422
209;423
209;424
209;425
209;426
209;427
209;428
209;429
209;430
209;431
209;432
209;433
209;434
209;435
209;436
209;437
209;438
209;439
209;440
209;441
209;442
209;443
209;444
209;445
209;446
209;447
209;448
209;449
209;450
209;451
209;452
209;453
209;454
209;455
209;456
209;457
209;458
209;502
209;503
209;504
209;505
209;506
209;507
209;508
209;509
209;510
209;511
209;512
209;513
209;514
209;515
209;516
209;517
209;518
209;519
209;520
209;521
209;522
209;523
209;524
209;525
209;526
209;527
209;528
209;529
209;530
209;531
209;532
209;533
209;534
209;535
209;536
210;53
210;54
210;55
210;56
210;57
210;58
210;59
210;60
210;61
210;62
210;63
210;64
210;65
210;66
210;67
210;68
210;69
210;70
210;71
210;72
210;73
210;74
210;75
210;76
210;77
210;78
210;79
210;80
210;81
210;82
210;83
210;84
210;85
210;86
210;87
210;88
210;89
210;90
210;91
210;92
210;93
210;94
210;95
210;96
210;97
210;98
210;99
210;100
210;101
210;102
210;103
210;104
210;105
210;106
210;107
210;108
210;109
210;110
210;111
210;112
210;113
210;114
210;115
210;116
210;117
210;118
210;119
210;120
210;121
210;122
210;123
210;124
210;125
210;126
210;127
210;128
210;129
210;130
210;131
210;132
210;133
210;134
210;135
210;136
210;137
210;138
210;139
210;140
210;141
210;142
210;143
210;144
210;145
210;146
210;147
210;148
210;149
210;150
210;151
210;396
210;397
210;398
210;399
210;400
210;401
210;402
210;403
210;404
210;405
210;406
210;407
210;408
210;409
210;410
210;411
210;412
210;413
210;414
210;415
210;416
210;417
210;418
210;419
210;420
210;421
210;422
210;423
210;424
210;425
210;426
210;427
210;428
210;429
210;430
210;431
210;432
210;433
210;434
210;435
210;436
210;437
210;438
210;439
210;440
210;441
210;442
210;443
210;444
210;445
210;446
210;447
210;448
210;449
210;450
210;451
210;452
210;453
210;454
210;455
210;456
210;457
210;458
210;502
210;503
210;504
210;505
210;506
210;507
210;508
210;509
210;510
210;511
210;512
210;513
210;514
210;515
210;516
210;517
210;518
210;519
210;520
210;521
210;522
210;523
210;524
210;525
210;526
210;527
210;528
210;529
210;530
210;531
210;532
210;533
210;534
210;535
210;536
211;53
211;54
211;55
211;56
211;57
211;58
211;59
211;60
211;61
211;62
211;63
211;64
211;65
211;66
211;67
211;68
211;69
211;70
211;71
211;72
211;73
211;74
211;75
211;76
211;77
211;78
211;79
211;80
211;81
211;82
211;83
211;84
211;85
211;86
211;87
211;88
211;89
211;90
211;91
211;92
211;93
211;94
211;95
211;96
211;97
211;98
211;99
211;100
211;101
211;102
211;103
211;104
211;105
211;106
211;107
211;108
211;109
211;110
211;111
211;112
211;113
211;114
211;115
211;116
211;117
211;118
211;119
211;120
211;121
211;122
211;123
211;124
211;125
211;126
211;127
211;128
211;129
211;130
211;131
211;132
211;133
211;134
211;135
211;136
211;137
211;138
211;139
211;140
211;141
211;142
211;143
211;144
211;145
211;146
211;147
211;148
211;149
211;150
211;243
211;245
211;247
211;249
211;251
211;395
211;396
211;397
211;398
211;399
211;400
211;401
211;402
211;403
211;404
211;405
211;406
211;407
211;408
211;409
211;410
211;411
211;412
211;413
211;414
211;415
211;416
211;417
211;418
211;419
211;420
211;421
211;422
211;423
211;424
211;425
211;426
211;427
211;428
211;429
211;430
211;431
211;432
211;433
211;434
211;435
211;436
211;437
211;438
211;439
211;440
211;441
211;442
211;443
211;444
211;445
211;446
211;447
211;448
211;449
211;450
211;451
211;452
211;453
211;454
211;455
211;456
211;457
211;458
211;501
211;502
211;503
211;504
211;505
211;506
211;507
211;508
211;509
211;510
211;511
211;512
211;513
211;514
211;515
211;516
211;517
211;518
211;519
211;520
211;521
211;522
211;523
211;524
211;525
211;526
211;527
211;528
211;529
211;530
211;531
211;532
211;533
211;534
211;535
211;536
212;52
212;53
212;54
212;55
212;56
212;57
212;58
212;59
212;60
212;61
212;62
212;63
212;64
212;65
212;66
212;67
212;68
212;69
212;70
212;71
212;72
212;73
212;74
212;75
212;76
212;77
212;78
212;79
212;80
212;81
212;82
212;83
212;84
212;85
212;86
212;87
212;88
212;89
212;90
212;91
212;92
212;93
212;94
212;95
212;96
212;97
212;98
212;99
212;100
212;101
212;102
212;103
212;104
212;105
212;106
212;107
212;108
212;109
212;110
212;111
212;112
212;113
212;114
212;115
212;116
212;117
212;118
212;119
212;120
212;121
212;122
212;123
212;124
212;125
212;126
212;127
212;128
212;129
212;130
212;131
212;132
212;133
212;134
212;135
212;136
212;137
212;138
212;139
212;140
212;141
212;142
212;143
212;144
212;145
212;146
212;147
212;148
212;149
212;237
212;239
212;240
212;241
212;242
212;243
212;244
212;245
212;246
212;247
212;248
212;249
212;250
212;251
212;252
212;253
212;254
212;255
212;257
212;395
212;396
212;397
212;398
212;399
212;400
212;401
212;402
212;403
212;404
212;405
212;406
212;407
212;408
212;409
212;410
212;411
212;412
212;413
212;414
212;415
212;416
212;417
212;418
212;419
212;420
212;421
212;422
212;423
212;424
212;425
212;426
212;427
212;428
212;429
212;430
212;431
212;432
212;433
212;434
212;435
212;436
212;437
212;438
212;439
212;440
212;441
212;442
212;443
212;444
212;445
212;446
212;447
212;448
212;449
212;450
212;451
212;452
212;453
212;454
212;455
212;456
212;457
212;458
212;501
212;502
212;503
212;504
212;505
212;506
212;507
212;508
212;509
212;510
212;511
212;512
212;513
212;514
212;515
212;516
212;517
212;518
212;519
212;520
212;521
212;522
212;523
212;524
212;525
212;526
212;527
212;528
212;529
212;530
212;531
212;532
212;533
212;534
212;535
212;536
213;52
213;53
213;54
213;55
213;56
213;57
213;58
213;59
213;60
213;61
213;62
213;63
213;64
213;65
213;66
213;67
213;68
213;69
213;70
213;71
213;72
213;73
213;74
213;75
213;76
213;77
213;78
213;79
213;80
213;81
213;82
213;83
213;84
213;85
213;86
213;87
213;88
213;89
213;90
213;91
213;92
213;93
213;94
213;95
213;96
213;97
213;98
213;99
213;100
213;101
213;102
213;103
213;104
213;105
213;106
213;107
213;108
213;109
213;110
213;111
213;112
213;113
213;114
213;115
213;116
213;117
213;118
213;119
213;120
213;121
213;122
213;123
213;124
213;125
213;126
213;127
213;128
213;129
213;130
213;131
213;132
213;133
213;134
213;135
213;136
213;137
213;138
213;139
213;140
213;141
213;142
213;143
213;144
213;145
213;146
213;147
213;148
213;235
213;236
213;237
213;238
213;239
213;240
213;241
213;242
213;243
213;244
213;245
213;246
213;247
213;248
213;249
213;250
213;251
213;252
213;253
213;254
213;255
213;256
213;257
213;258
213;259
213;261
213;395
213;396
213;397
213;398
213;399
213;400
213;401
213;402
213;403
213;404
213;405
213;406
213;407
213;408
213;409
213;410
213;411
213;412
213;413
213;414
213;415
213;416
213;417
213;418
213;419
213;420
213;421
213;422
213;423
213;424
213;425
213;426
213;427
213;428
213;429
213;430
213;431
213;432
213;433
213;434
213;435
213;436
213;437
213;438
213;439
213;440
213;441
213;442
213;443
213;444
213;445
213;446
213;447
213;448
213;449
213;450
213;451
213;452
213;453
213;454
213;455
213;456
213;457
213;501
213;502
213;503
213;504
213;505
213;506
213;507
213;508
213;509
213;510
213;511
213;512
213;513
213;514
213;515
213;516
213;517
213;518
213;519
213;520
213;521
213;522
213;523
213;524
213;525
213;526
213;527
213;528
213;529
213;530
213;531
213;532
213;533
213;534
213;535
213;536
214;54
214;55
214;56
214;57
214;58
214;59
214;60
214;61
214;62
214;63
214;64
214;65
214;66
214;67
214;68
214;69
214;70
214;71
214;72
214;73
214;74
214;75
214;76
214;77
214;78
214;79
214;80
214;81
214;82
214;83
214;84
214;85
214;86
214;87
214;88
214;89
214;90
214;91
214;92
214;93
214;94
214;95
214;96
214;97
214;98
214;99
214;100
214;101
214;102
214;103
214;104
214;105
214;106
214;107
214;108
214;109
214;110
214;111
214;112
214;113
214;114
214;115
214;116
214;117
214;118
214;119
214;120
214;121
214;122
214;123
214;124
214;125
214;126
214;127
214;128
214;129
214;130
214;131
214;132
214;133
214;134
214;135
214;136
214;137
214;138
214;139
214;140
214;141
214;142
214;143
214;144
214;145
214;146
214;147
214;231
214;233
214;234
214;235
214;236
214;237
214;238
214;239
214;240
214;241
214;242
214;243
214;244
214;245
214;246
214;247
214;248
214;249
214;250
214;251
214;252
214;253
214;254
214;255
214;256
214;257
214;258
214;259
214;260
214;261
214;262
214;263
214;395
214;396
214;397
214;398
214;399
214;400
214;401
214;402
214;403
214;404
214;405
214;406
214;407
214;408
214;409
214;410
214;411
214;412
214;413
214;414
214;415
214;416
214;417
214;418
214;419
214;420
214;421
214;422
214;423
214;424
214;425
214;426
214;427
214;428
214;429
214;430
214;431
214;432
214;433
214;434
214;435
214;436
214;437
214;438
214;439
214;440
214;441
214;442
214;443
214;444
214;445
214;446
214;447
214;448
214;449
214;450
214;451
214;452
214;453
214;454
214;455
214;456
214;457
214;500
214;501
214;502
214;503
214;504
214;505
214;506
214;507
214;508
214;509
214;510
214;511
214;512
214;513
214;514
214;515
214;516
214;517
214;518
214;519
214;520
214;521
214;522
214;523
214;524
214;525
214;526
214;527
214;528
214;529
214;530
214;531
214;532
214;533
214;534
214;535
214;536
215;55
215;56
215;57
215;58
215;59
215;60
215;61
215;62
215;63
215;64
215;65
215;66
215;67
215;68
215;69
215;70
215;71
215;72
215;73
215;74
215;75
215;76
215;77
215;78
215;79
215;80
215;81
215;82
215;83
215;84
215;85
215;86
215;87
215;88
215;89
215;90
215;91
215;92
215;93
215;94
215;95
215;96
215;97
215;98
215;99
215;100
215;101
215;102
215;103
215;104
215;105
215;106
215;107
215;108
215;109
215;110
215;111
215;112
215;113
215;114
215;115
215;116
215;117
215;118
215;119
215;120
215;121
215;122
215;123
215;124
215;125
215;126
215;127
215;128
215;129
215;130
215;131
215;132
215;133
215;134
215;135
215;136
215;137
215;138
215;139
215;140
215;141
215;142
215;143
215;144
215;145
215;146
215;229
215;230
215;231
215;232
215;233
215;234
215;235
215;236
215;237
215;238
215;239
215;240
215;241
215;242
215;243
215;244
215;245
215;246
215;247
215;248
215;249
215;250
215;251
215;252
215;253
215;254
215;255
215;256
215;257
215;258
215;259
215;260
215;261
215;262
215;263
215;264
215;265
215;395
215;396
215;397
215;398
215;399
215;400
215;401
215;402
215;403
215;404
215;405
215;406
215;407
215;408
215;409
215;410
215;411
215;412
215;413
215;414
215;415
215;416
215;417
215;418
215;419
215;420
215;421
215;422
215;423
215;424
215;425
215;426
215;427
215;428
215;429
215;430
215;431
215;432
215;433
215;434
215;435
215;436
215;437
215;438
215;439
215;440
215;441
215;442
215;443
215;444
215;445
215;446
215;447
215;448
215;449
215;450
215;451
215;452
215;453
215;454
215;455
215;456
215;457
215;500
215;501
215;502
215;503
215;504
215;505
215;506
215;507
215;508
215;509
215;510
215;511
215;512
215;513
215;514
215;515
215;516
215;517
215;518
215;519
215;520
215;521
215;522
215;523
215;524
215;525
215;526
215;527
215;528
215;529
215;530
215;531
215;532
215;533
215;534
215;535
215;536
216;56
216;57
216;58
216;59
216;60
216;61
216;62
216;63
216;64
216;65
216;66
216;67
216;68
216;69
216;70
216;71
216;72
216;73
216;74
216;75
216;76
216;77
216;78
216;79
216;80
216;81
216;82
216;83
216;84
216;85
216;86
216;87
216;88
216;89
216;90
216;91
216;92
216;93
216;94
216;95
216;96
216;97
216;98
216;99
216;100
216;101
216;102
216;103
216;104
216;105
216;106
216;107
216;108
216;109
216;110
216;111
216;112
216;113
216;114
216;115
216;116
216;117
216;118
216;119
216;120
216;121
216;122
216;123
216;124
216;125
216;126
216;127
216;128
216;129
216;130
216;131
216;132
216;133
216;134
216;135
216;136
216;137
216;138
216;139
216;140
216;141
216;142
216;143
216;144
216;145
216;208
216;209
216;227
216;228
216;229
216;230
216;231
216;232
216;233
216;234
216;235
216;236
216;237
216;238
216;239
216;240
216;241
216;242
216;243
216;244
216;245
216;246
216;247
216;248
216;249
216;250
216;251
216;252
216;253
216;254
216;255
216;256
216;257
216;258
216;259
216;260
216;261
216;262
216;263
216;264
216;265
216;266
216;267
216;394
216;395
216;396
216;397
216;398
216;399
216;400
216;401
216;402
216;403
216;404
216;405
216;406
216;407
216;408
216;409
216;410
216;411
216;412
216;413
216;414
216;415
216;416
216;417
216;418
216;419
216;420
216;421
216;422
216;423
216;424
216;425
216;426
216;427
216;428
216;429
216;430
216;431
216;432
216;433
216;434
216;435
216;436
216;437
216;438
216;439
216;440
216;441
216;442
216;443
216;444
216;445
216;446
216;447
216;448
216;449
216;450
216;451
216;452
216;453
216;454
216;455
216;456
216;457
216;499
216;500
216;501
216;502
216;503
216;504
216;505
216;506
216;507
216;508
216;509
216;510
216;511
216;512
216;513
216;514
216;515
216;516
216;517
216;518
216;519
216;520
216;521
216;522
216;523
216;524
216;525
216;526
216;527
216;528
216;529
216;530
216;531
216;532
216;533
216;534
216;535
216;536
217;58
217;59
217;60
217;61
217;62
217;63
217;64
217;65
217;66
217;67
217;68
217;69
217;70
217;71
217;72
217;73
217;74
217;75
217;76
217;77
217;78
217;79
217;80
217;81
217;82
217;83
217;84
217;85
217;86
217;87
217;88
217;89
217;90
217;91
217;92
217;93
217;94
217;95
217;96
217;97
217;98
217;99
217;100
217;101
217;102
217;103
217;104
217;105
217;106
217;107
217;108
217;109
217;110
217;111
217;112
217;113
217;114
217;115
217;116
217;117
217;118
217;119
217;120
217;121
217;122
217;123
217;124
217;125
217;126
217;127
217;128
217;129
217;130
217;131
217;132
217;133
217;134
217;135
217;136
217;137
217;138
217;139
217;140
217;141
217;142
217;143
217;144
217;207
217;208
217;209
217;210
217;225
217;226
217;227
217;228
217;229
217;230
217;231
217;232
217;233
217;234
217;235
217;236
217;237
217;238
217;239
217;240
217;241
217;242
217;243
217;244
217;245
217;246
217;247
217;248
217;249
217;250
217;251
217;252
217;253
217;254
217;255
217;256
217;257
217;258
217;259
217;260
217;261
217;262
217;263
217;264
217;265
217;266
217;267
217;268
217;269
217;394
217;395
217;396
217;397
217;398
217;399
217;400
217;401
217;402
217;403
217;404
217;405
217;406
217;407
217;408
217;409
217;410
217;411
217;412
217;413
217;414
217;415
217;416
217;417
217;418
217;419
217;420
217;421
217;422
217;423
217;424
217;425
217;426
217;427
217;428
217;429
217;430
217;431
217;432
217;433
217;434
217;435
217;436
217;437
217;438
217;439
217;440
217;441
217;442
217;443
217;444
217;445
217;446
217;447
217;448
217;449
217;450
217;451
217;452
217;453
217;454
217;455
217;456
217;499
217;500
217;501
217;502
217;503
217;504
217;505
217;506
217;507
217;508
217;509
217;510
217;511
217;512
217;513
217;514
217;515
217;516
217;517
217;518
217;519
217;520
217;521
217;522
217;523
217;524
217;525
217;526
217;527
217;528
217;529
217;530
217;531
217;532
217;533
217;534
217;535
217;536
218;59
218;60
218;61
218;62
218;63
218;64
218;65
218;66
218;67
218;68
218;69
218;70
218;71
218;72
218;73
218;74
218;75
218;76
218;77
218;78
218;79
218;80
218;81
218;82
218;83
218;84
218;85
218;86
218;87
218;88
218;89
218;90
218;91
218;92
218;93
218;94
218;95
218;96
218;97
218;98
218;99
218;100
218;101
218;102
218;103
218;104
218;105
218;106
218;107
218;108
218;109
218;110
218;111
218;112
218;113
218;114
218;115
218;116
218;117
218;118
218;119
218;120
218;121
218;122
218;123
218;124
218;125
218;126
218;127
218;128
218;129
218;130
218;131
218;132
218;133
218;134
218;135
218;136
218;137
218;138
218;139
218;140
218;141
218;142
218;205
218;206
218;207
218;208
218;209
218;210
218;211
218;225
218;226
218;227
218;228
218;229
218;230
218;231
218;232
218;233
218;234
218;235
218;236
218;237
218;238
218;239
218;240
218;241
218;242
218;243
218;244
218;245
218;246
218;247
218;248
218;249
218;250
218;251
218;252
218;253
218;254
218;255
218;256
218;257
218;258
218;259
218;260
218;261
218;262
218;263
218;264
218;265
218;266
218;267
218;268
218;269
218;270
218;271
218;394
218;395
218;396
218;397
218;398
218;399
218;400
218;401
218;402
218;403
218;404
218;405
218;406
218;407
218;408
218;409
218;410
218;411
218;412
218;413
218;414
218;415
218;416
218;417
218;418
218;419
218;420
218;421
218;422
218;423
218;424
218;425
218;426
218;427
218;428
218;429
218;430
218;431
218;432
218;433
218;434
218;435
218;436
218;437
218;438
218;439
218;440
218;441
218;442
218;443
218;444
218;445
218;446
218;447
218;448
218;449
218;450
218;451
218;452
218;453
218;454
218;455
218;456
218;499
218;500
218;501
218;502
218;503
218;504
218;505
218;506
218;507
218;508
218;509
218;510
218;511
218;512
218;513
218;514
218;515
218;516
218;517
218;518
218;519
218;520
218;521
218;522
218;523
218;524
218;525
218;526
218;527
218;528
218;529
218;530
218;531
218;532
218;533
218;534
218;535
218;536
219;60
219;61
219;62
219;63
219;64
219;65
219;66
219;67
219;68
219;69
219;70
219;71
219;72
219;73
219;74
219;75
219;76
219;77
219;78
219;79
219;80
219;81
219;82
219;83
219;84
219;85
219;86
219;87
219;88
219;89
219;90
219;91
219;92
219;93
219;94
219;95
219;96
219;97
219;98
219;99
219;100
219;101
219;102
219;103
219;104
219;105
219;106
219;107
219;108
219;109
219;110
219;111
219;112
219;113
219;114
219;115
219;116
219;117
219;118
219;119
219;120
219;121
219;122
219;123
219;124
219;125
219;126
219;127
219;128
219;129
219;130
219;131
219;132
219;133
219;134
219;135
219;136
219;137
219;138
219;139
219;140
219;141
219;142
219;205
219;206
219;207
219;208
219;209
219;210
219;211
219;212
219;223
219;224
219;225
219;226
219;227
219;228
219;229
219;230
219;231
219;232
219;233
219;234
219;235
219;236
219;237
219;238
219;239
219;240
219;241
219;242
219;243
219;244
219;245
219;246
219;247
219;248
219;249
219;250
219;251
219;252
219;253
219;254
219;255
219;256
219;257
219;258
219;259
219;260
219;261
219;262
219;263
219;264
219;265
219;266
219;267
219;268
219;269
219;270
219;271
219;272
219;291
219;292
219;293
219;295
219;394
219;395
219;396
219;397
219;398
219;399
219;400
219;401
219;402
219;403
219;404
219;405
219;406
219;407
219;408
219;409
219;410
219;411
219;412
219;413
219;414
219;415
219;416
219;417
219;418
219;419
219;420
219;421
219;422
219;423
219;424
219;425
219;426
219;427
219;428
219;429
219;430
219;431
219;432
219;433
219;434
219;435
219;436
219;437
219;438
219;439
219;440
219;441
219;442
219;443
219;444
219;445
219;446
219;447
219;448
219;449
219;450
219;451
219;452
219;453
219;454
219;455
219;456
219;498
219;499
219;500
219;501
219;502
219;503
219;504
219;505
219;506
219;507
219;508
219;509
219;510
219;511
219;512
219;513
219;514
219;515
219;516
219;517
219;518
219;519
219;520
219;521
219;522
219;523
219;524
219;525
219;526
219;527
219;528
219;529
219;530
219;531
219;532
219;533
219;534
219;535
219;536
220;62
220;63
220;64
220;65
220;66
220;67
220;68
220;69
220;70
220;71
220;72
220;73
220;74
220;75
220;76
220;77
220;78
220;79
220;80
220;81
220;82
220;83
220;84
220;85
220;86
220;87
220;88
220;89
220;90
220;91
220;92
220;93
220;94
220;95
220;96
220;97
220;98
220;99
220;100
220;101
220;102
220;103
220;104
220;105
220;106
220;107
220;108
220;109
220;110
220;111
220;112
220;113
220;114
220;115
220;116
220;117
220;118
220;119
220;120
220;121
220;122
220;123
220;124
220;125
220;126
220;127
220;128
220;129
220;130
220;131
220;132
220;133
220;134
220;135
220;136
220;137
220;138
220;139
220;140
220;203
220;204
220;205
220;206
220;207
220;208
220;209
220;210
220;211
220;212
220;213
220;221
220;222
220;223
220;224
220;225
220;226
220;227
220;228
220;229
220;230
220;231
220;232
220;233
220;234
220;235
220;236
220;237
220;238
220;239
220;240
220;241
220;242
220;243
220;244
220;245
220;246
220;247
220;248
220;249
220;250
220;251
220;252
220;253
220;254
220;255
220;256
220;257
220;258
220;259
220;260
220;261
220;262
220;263
220;264
220;265
220;266
220;267
220;268
220;269
220;270
220;271
220;272
220;273
220;292
220;293
220;294
220;295
220;296
220;297
220;298
220;299
220;300
220;301
220;303
220;393
220;394
220;395
220;396
220;397
220;398
220;399
220;400
220;401
220;402
220;403
220;404
220;405
220;406
220;407
220;408
220;409
220;410
220;411
220;412
220;413
220;414
220;415
220;416
220;417
220;418
220;419
220;420
220;421
220;422
220;423
220;424
220;425
220;426
220;427
220;428
220;429
220;430
220;431
220;432
220;433
220;434
220;435
220;436
220;437
220;438
220;439
220;440
220;441
220;442
220;443
220;444
220;445
220;446
220;447
220;448
220;449
220;450
220;451
220;452
220;453
220;454
220;455
220;456
220;498
220;499
220;500
220;501
220;502
220;503
220;504
220;505
220;506
220;507
220;508
220;509
220;510
220;511
220;512
220;513
220;514
220;515
220;516
220;517
220;518
220;519
220;520
220;521
220;522
220;523
220;524
220;525
220;526
220;527
220;528
220;529
220;530
220;531
220;532
220;533
220;534
220;535
220;536
221;62
221;63
221;64
221;65
221;66
221;67
221;68
221;69
221;70
221;71
221;72
221;73
221;74
221;75
221;76
221;77
221;78
221;79
221;80
221;81
221;82
221;83
221;84
221;85
221;86
221;87
221;88
221;89
221;90
221;91
221;92
221;93
221;94
221;95
221;96
221;97
221;98
221;99
221;100
221;101
221;102
221;103
221;104
221;105
221;106
221;107
221;108
221;109
221;110
221;111
221;112
221;113
221;114
221;115
221;116
221;117
221;118
221;119
221;120
221;121
221;122
221;123
221;124
221;125
221;126
221;127
221;128
221;129
221;130
221;131
221;132
221;133
221;134
221;135
221;136
221;137
221;138
221;139
221;140
221;202
221;203
221;204
221;205
221;206
221;207
221;208
221;209
221;210
221;211
221;212
221;213
221;214
221;215
221;221
221;222
221;223
221;224
221;225
221;226
221;227
221;228
221;229
221;230
221;231
221;232
221;233
221;234
221;235
221;236
221;237
221;238
221;239
221;240
221;241
221;242
221;243
221;244
221;245
221;246
221;247
221;248
221;249
221;250
221;251
221;252
221;253
221;254
221;255
221;256
221;257
221;258
221;259
221;260
221;261
221;262
221;263
221;264
221;265
221;266
221;267
221;268
221;269
221;270
221;271
221;272
221;273
221;274
221;275
221;292
221;293
221;294
221;295
221;296
221;297
221;298
221;299
221;300
221;301
221;302
221;303
221;304
221;305
221;306
221;307
221;308
221;309
221;311
221;393
221;394
221;395
221;396
221;397
221;398
221;399
221;400
221;401
221;402
221;403
221;404
221;405
221;406
221;407
221;408
221;409
221;410
221;411
221;412
221;413
221;414
221;415
221;416
221;417
221;418
221;419
221;420
221;421
221;422
221;423
221;424
221;425
221;426
221;427
221;428
221;429
221;430
221;431
221;432
221;433
221;434
221;435
221;436
221;437
221;438
221;439
221;440
221;441
221;442
221;443
221;444
221;445
221;446
221;447
221;448
221;449
221;450
221;451
221;452
221;453
221;454
221;455
221;456
221;497
221;498
221;499
221;500
221;501
221;502
221;503
221;504
221;505
221;506
221;507
221;508
221;509
221;510
221;511
221;512
221;513
221;514
221;515
221;516
221;517
221;518
221;519
221;520
221;521
221;522
221;523
221;524
221;525
221;526
221;527
221;528
221;529
221;530
221;531
221;532
221;533
221;534
221;535
221;536
222;64
222;65
222;66
222;67
222;68
222;69
222;70
222;71
222;72
222;73
222;74
222;75
222;76
222;77
222;78
222;79
222;80
222;81
222;82
222;83
222;84
222;85
222;86
222;87
222;88
222;89
222;90
222;91
222;92
222;93
222;94
222;95
222;96
222;97
222;98
222;99
222;100
222;101
222;102
222;103
222;104
222;105
222;106
222;107
222;108
222;109
222;110
222;111
222;112
222;113
222;114
222;115
222;116
222;117
222;118
222;119
222;120
222;121
222;122
222;123
222;124
222;125
222;126
222;127
222;128
222;129
222;130
222;131
222;132
222;133
222;134
222;135
222;136
222;137
222;138
222;201
222;202
222;203
222;204
222;205
222;206
222;207
222;208
222;209
222;210
222;211
222;212
222;213
222;214
222;215
222;219
222;220
222;221
222;222
222;223
222;224
222;225
222;226
222;227
222;228
222;229
222;230
222;231
222;232
222;233
222;234
222;235
222;236
222;237
222;238
222;239
222;240
222;241
222;242
222;243
222;244
222;245
222;246
222;247
222;248
222;249
222;250
222;251
222;252
222;253
222;254
222;255
222;256
222;257
222;258
222;259
222;260
222;261
222;262
222;263
222;264
222;265
222;266
222;267
222;268
222;269
222;270
222;271
222;272
222;273
222;274
222;275
222;293
222;294
222;295
222;296
222;297
222;298
222;299
222;300
222;301
222;302
222;303
222;304
222;305
222;306
222;307
222;308
222;309
222;310
222;311
222;312
222;313
222;314
222;315
222;316
222;317
222;319
222;393
222;394
222;395
222;396
222;397
222;398
222;399
222;400
222;401
222;402
222;403
222;404
222;405
222;406
222;407
222;408
222;409
222;410
222;411
222;412
222;413
222;414
222;415
222;416
222;417
222;418
222;419
222;420
222;421
222;422
222;423
222;424
222;425
222;426
222;427
222;428
222;429
222;430
222;431
222;432
222;433
222;434
222;435
222;436
222;437
222;438
222;439
222;440
222;441
222;442
222;443
222;444
222;445
222;446
222;447
222;448
222;449
222;450
222;451
222;452
222;453
222;454
222;455
222;497
222;498
222;499
222;500
222;501
222;502
222;503
222;504
222;505
222;506
222;507
222;508
222;509
222;510
222;511
222;512
222;513
222;514
222;515
222;516
222;517
222;518
222;519
222;520
222;521
222;522
222;523
222;524
222;525
222;526
222;527
222;528
222;529
222;530
222;531
222;532
222;533
222;534
222;535
222;536
223;65
223;66
223;67
223;68
223;69
223;70
223;71
223;72
223;73
223;74
223;75
223;76
223;77
223;78
223;79
223;80
223;81
223;82
223;83
223;84
223;85
223;86
223;87
223;88
223;89
223;90
223;91
223;92
223;93
223;94
223;95
223;96
223;97
223;98
223;99
223;100
223;101
223;102
223;103
223;104
223;105
223;106
223;107
223;108
223;109
223;110
223;111
223;112
223;113
223;114
223;115
223;116
223;117
223;118
223;119
223;120
223;121
223;122
223;123
223;124
223;125
223;126
223;127
223;128
223;129
223;130
223;131
223;132
223;133
223;134
223;135
223;136
223;137
223;138
223;199
223;200
223;201
223;202
223;203
223;204
223;205
223;206
223;207
223;208
223;209
223;210
223;211
223;212
223;213
223;214
223;215
223;216
223;217
223;219
223;220
223;221
223;222
223;223
223;224
223;225
223;226
223;227
223;228
223;229
223;230
223;231
223;232
223;233
223;234
223;235
223;236
223;237
223;238
223;239
223;240
223;241
223;242
223;243
223;244
223;245
223;246
223;247
223;248
223;249
223;250
223;251
223;252
223;253
223;254
223;255
223;256
223;257
223;258
223;259
223;260
223;261
223;262
223;263
223;264
223;265
223;266
223;267
223;268
223;269
223;270
223;271
223;272
223;273
223;274
223;275
223;276
223;277
223;293
223;294
223;295
223;296
223;297
223;298
223;299
223;300
223;301
223;302
223;303
223;304
223;305
223;306
223;307
223;308
223;309
223;310
223;311
223;312
223;313
223;314
223;315
223;316
223;317
223;318
223;319
223;320
223;321
223;322
223;323
223;324
223;325
223;327
223;393
223;394
223;395
223;396
223;397
223;398
223;399
223;400
223;401
223;402
223;403
223;404
223;405
223;406
223;407
223;408
223;409
223;410
223;411
223;412
223;413
223;414
223;415
223;416
223;417
223;418
223;419
223;420
223;421
223;422
223;423
223;424
223;425
223;426
223;427
223;428
223;429
223;430
223;431
223;432
223;433
223;434
223;435
223;436
223;437
223;438
223;439
223;440
223;441
223;442
223;443
223;444
223;445
223;446
223;447
223;448
223;449
223;450
223;451
223;452
223;453
223;454
223;455
223;497
223;498
223;499
223;500
223;501
223;502
223;503
223;504
223;505
223;506
223;507
223;508
223;509
223;510
223;511
223;512
223;513
223;514
223;515
223;516
223;517
223;518
223;519
223;520
223;521
223;522
223;523
223;524
223;525
223;526
223;527
223;528
223;529
223;530
223;531
223;532
223;533
223;534
223;535
223;536
224;63
224;64
224;65
224;66
224;67
224;68
224;69
224;70
224;71
224;72
224;73
224;74
224;75
224;76
224;77
224;78
224;79
224;80
224;81
224;82
224;83
224;84
224;85
224;86
224;87
224;88
224;89
224;90
224;91
224;92
224;93
224;94
224;95
224;96
224;97
224;98
224;99
224;100
224;101
224;102
224;103
224;104
224;105
224;106
224;107
224;108
224;109
224;110
224;111
224;112
224;113
224;114
224;115
224;116
224;117
224;118
224;119
224;120
224;121
224;122
224;123
224;124
224;125
224;126
224;127
224;128
224;129
224;130
224;131
224;132
224;133
224;134
224;135
224;136
224;199
224;200
224;201
224;202
224;203
224;204
224;205
224;206
224;207
224;208
224;209
224;210
224;211
224;212
224;213
224;214
224;215
224;216
224;217
224;218
224;219
224;220
224;221
224;222
224;223
224;224
224;225
224;226
224;227
224;228
224;229
224;230
224;231
224;232
224;233
224;234
224;235
224;236
224;237
224;238
224;239
224;240
224;241
224;242
224;243
224;244
224;245
224;246
224;247
224;248
224;249
224;250
224;251
224;252
224;253
224;254
224;255
224;256
224;257
224;258
224;259
224;260
224;261
224;262
224;263
224;264
224;265
224;266
224;267
224;268
224;269
224;270
224;271
224;272
224;273
224;274
224;275
224;276
224;277
224;294
224;295
224;296
224;297
224;298
224;299
224;300
224;301
224;302
224;303
224;304
224;305
224;306
224;307
224;308
224;309
224;310
224;311
224;312
224;313
224;314
224;315
224;316
224;317
224;318
224;319
224;320
224;321
224;322
224;323
224;324
224;325
224;326
224;327
224;328
224;329
224;330
224;331
224;332
224;333
224;335
224;393
224;394
224;395
224;396
224;397
224;398
224;399
224;400
224;401
224;402
224;403
224;404
224;405
224;406
224;407
224;408
224;409
224;410
224;411
224;412
224;413
224;414
224;415
224;416
224;417
224;418
224;419
224;420
224;421
224;422
224;423
224;424
224;425
224;426
224;427
224;428
224;429
224;430
224;431
224;432
224;433
224;434
224;435
224;436
224;437
224;438
224;439
224;440
224;441
224;442
224;443
224;444
224;445
224;446
224;447
224;448
224;449
224;450
224;451
224;452
224;453
224;454
224;455
224;496
224;497
224;498
224;499
224;500
224;501
224;502
224;503
224;504
224;505
224;506
224;507
224;508
224;509
224;510
224;511
224;512
224;513
224;514
224;515
224;516
224;517
224;518
224;519
224;520
224;521
224;522
224;523
224;524
224;525
224;526
224;527
224;528
224;529
224;530
224;531
224;532
224;533
224;534
224;535
224;536
225;64
225;65
225;66
225;67
225;68
225;69
225;70
225;71
225;72
225;73
225;74
225;75
225;76
225;77
225;78
225;79
225;80
225;81
225;82
225;83
225;84
225;85
225;86
225;87
225;88
225;89
225;90
225;91
225;92
225;93
225;94
225;95
225;96
225;97
225;98
225;99
225;100
225;101
225;102
225;103
225;104
225;105
225;106
225;107
225;108
225;109
225;110
225;111
225;112
225;113
225;114
225;115
225;116
225;117
225;118
225;119
225;120
225;121
225;122
225;123
225;124
225;125
225;126
225;127
225;128
225;129
225;130
225;131
225;132
225;133
225;134
225;135
225;136
225;197
225;198
225;199
225;200
225;201
225;202
225;203
225;204
225;205
225;206
225;207
225;208
225;209
225;210
225;211
225;212
225;213
225;214
225;215
225;216
225;217
225;218
225;219
225;220
225;221
225;222
225;223
225;224
225;225
225;226
225;227
225;228
225;229
225;230
225;231
225;232
225;233
225;234
225;235
225;236
225;237
225;238
225;239
225;240
225;241
225;242
225;243
225;244
225;245
225;246
225;247
225;248
225;249
225;250
225;251
225;252
225;253
225;254
225;255
225;256
225;257
225;258
225;259
225;260
225;261
225;262
225;263
225;264
225;265
225;266
225;267
225;268
225;269
225;270
225;271
225;272
225;273
225;274
225;275
225;276
225;277
225;278
225;279
225;294
225;295
225;296
225;297
225;298
225;299
225;300
225;301
225;302
225;303
225;304
225;305
225;306
225;307
225;308
225;309
225;310
225;311
225;312
225;313
225;314
225;315
225;316
225;317
225;318
225;319
225;320
225;321
225;322
225;323
225;324
225;325
225;326
225;327
225;328
225;329
225;330
225;331
225;332
225;333
225;334
225;335
225;336
225;337
225;338
225;339
225;340
225;341
225;343
225;392
225;393
225;394
225;395
225;396
225;397
225;398
225;399
225;400
225;401
225;402
225;403
225;404
225;405
225;406
225;407
225;408
225;409
225;410
225;411
225;412
225;413
225;414
225;415
225;416
225;417
225;418
225;419
225;420
225;421
225;422
225;423
225;424
225;425
225;426
225;427
225;428
225;429
225;430
225;431
225;432
225;433
225;434
225;435
225;436
225;437
225;438
225;439
225;440
225;441
225;442
225;443
225;444
225;445
225;446
225;447
225;448
225;449
225;450
225;451
225;452
225;453
225;454
225;455
225;496
225;497
225;498
225;499
225;500
225;501
225;502
225;503
225;504
225;505
225;506
225;507
225;508
225;509
225;510
225;511
225;512
225;513
225;514
225;515
225;516
225;517
225;518
225;519
225;520
225;521
225;522
225;523
225;524
225;525
225;526
225;527
225;528
225;529
225;530
225;531
225;532
225;533
225;534
225;535
225;536
226;66
226;67
226;68
226;69
226;70
226;71
226;72
226;73
226;74
226;75
226;76
226;77
226;78
226;79
226;80
226;81
226;82
226;83
226;84
226;85
226;86
226;87
226;88
226;89
226;90
226;91
226;92
226;93
226;94
226;95
226;96
226;97
226;98
226;99
226;100
226;101
226;102
226;103
226;104
226;105
226;106
226;107
226;108
226;109
226;110
226;111
226;112
226;113
226;114
226;115
226;116
226;117
226;118
226;119
226;120
226;121
226;122
226;123
226;124
226;125
226;126
226;127
226;128
226;129
226;130
226;131
226;132
226;133
226;134
226;196
226;197
226;198
226;199
226;200
226;201
226;202
226;203
226;204
226;205
226;206
226;207
226;208
226;209
226;210
226;211
226;212
226;213
226;214
226;215
226;216
226;217
226;218
226;219
226;220
226;221
226;222
226;223
226;224
226;225
226;226
226;227
226;228
226;229
226;230
226;231
226;232
226;233
226;234
226;235
226;236
226;237
226;238
226;239
226;240
226;241
226;242
226;243
226;244
226;245
226;246
226;247
226;248
226;249
226;250
226;251
226;252
226;253
226;254
226;255
226;256
226;257
226;258
226;259
226;260
226;261
226;262
226;263
226;264
226;265
226;266
226;267
226;268
226;269
226;270
226;271
226;272
226;273
226;274
226;275
226;276
226;277
226;278
226;279
226;294
226;295
226;296
226;297
226;298
226;299
226;300
226;301
226;302
226;303
226;304
226;305
226;306
226;307
226;308
226;309
226;310
226;311
226;312
226;313
226;314
226;315
226;316
226;317
226;318
226;319
226;320
226;321
226;322
226;323
226;324
226;325
226;326
226;327
226;328
226;329
226;330
226;331
226;332
226;333
226;334
226;335
226;336
226;337
226;338
226;339
226;340
226;341
226;342
226;343
226;344
226;345
226;346
226;347
226;348
226;349
226;351
226;392
226;393
226;394
226;395
226;396
226;397
226;398
226;399
226;400
226;401
226;402
226;403
226;404
226;405
226;406
226;407
226;408
226;409
226;410
226;411
226;412
226;413
226;414
226;415
226;416
226;417
226;418
226;419
226;420
226;421
226;422
226;423
226;424
226;425
226;426
226;427
226;428
226;429
226;430
226;431
226;432
226;433
226;434
226;435
226;436
226;437
226;438
226;439
226;440
226;441
226;442
226;443
226;444
226;445
226;446
226;447
226;448
226;449
226;450
226;451
226;452
226;453
226;454
226;495
226;496
226;497
226;498
226;499
226;500
226;501
226;502
226;503
226;504
226;505
226;506
226;507
226;508
226;509
226;510
226;511
226;512
226;513
226;514
226;515
226;516
226;517
226;518
226;519
226;520
226;521
226;522
226;523
226;524
226;525
226;526
226;527
226;528
226;529
226;530
226;531
226;532
226;533
226;534
226;535
226;536
227;68
227;69
227;70
227;71
227;72
227;73
227;74
227;75
227;76
227;77
227;78
227;79
227;80
227;81
227;82
227;83
227;84
227;85
227;86
227;87
227;88
227;89
227;90
227;91
227;92
227;93
227;94
227;95
227;96
227;97
227;98
227;99
227;100
227;101
227;102
227;103
227;104
227;105
227;106
227;107
227;108
227;109
227;110
227;111
227;112
227;113
227;114
227;115
227;116
227;117
227;118
227;119
227;120
227;121
227;122
227;123
227;124
227;125
227;126
227;127
227;128
227;129
227;130
227;131
227;132
227;133
227;134
227;195
227;196
227;197
227;198
227;199
227;200
227;201
227;202
227;203
227;204
227;205
227;206
227;207
227;208
227;209
227;210
227;211
227;212
227;213
227;214
227;215
227;216
227;217
227;218
227;219
227;220
227;221
227;222
227;223
227;224
227;225
227;226
227;227
227;228
227;229
227;230
227;231
227;232
227;233
227;234
227;235
227;236
227;237
227;238
227;239
227;240
227;241
227;242
227;243
227;244
227;245
227;246
227;247
227;248
227;249
227;250
227;251
227;252
227;253
227;254
227;255
227;256
227;257
227;258
227;259
227;260
227;261
227;262
227;263
227;264
227;265
227;266
227;267
227;268
227;269
227;270
227;271
227;272
227;273
227;274
227;275
227;276
227;277
227;278
227;279
227;280
227;295
227;296
227;297
227;298
227;299
227;300
227;301
227;302
227;303
227;304
227;305
227;306
227;307
227;308
227;309
227;310
227;311
227;312
227;313
227;314
227;315
227;316
227;317
227;318
227;319
227;320
227;321
227;322
227;323
227;324
227;325
227;326
227;327
227;328
227;329
227;330
227;331
227;332
227;333
227;334
227;335
227;336
227;337
227;338
227;339
227;340
227;341
227;342
227;343
227;344
227;345
227;346
227;347
227;348
227;349
227;350
227;351
227;352
227;353
227;354
227;355
227;357
227;359
227;392
227;393
227;394
227;395
227;396
227;397
227;398
227;399
227;400
227;401
227;402
227;403
227;404
227;405
227;406
227;407
227;408
227;409
227;410
227;411
227;412
227;413
227;414
227;415
227;416
227;417
227;418
227;419
227;420
227;421
227;422
227;423
227;424
227;425
227;426
227;427
227;428
227;429
227;430
227;431
227;432
227;433
227;434
227;435
227;436
227;437
227;438
227;439
227;440
227;441
227;442
227;443
227;444
227;445
227;446
227;447
227;448
227;449
227;450
227;451
227;452
227;453
227;454
227;495
227;496
227;497
227;498
227;499
227;500
227;501
227;502
227;503
227;504
227;505
227;506
227;507
227;508
227;509
227;510
227;511
227;512
227;513
227;514
227;515
227;516
227;517
227;518
227;519
227;520
227;521
227;522
227;523
227;524
227;525
227;526
227;527
227;528
227;529
227;530
227;531
227;532
227;533
227;534
227;535
227;536
228;69
228;70
228;71
228;72
228;73
228;74
228;75
228;76
228;77
228;78
228;79
228;80
228;81
228;82
228;83
228;84
228;85
228;86
228;87
228;88
228;89
228;90
228;91
228;92
228;93
228;94
228;95
228;96
228;97
228;98
228;99
228;100
228;101
228;102
228;103
228;104
228;105
228;106
228;107
228;108
228;109
228;110
228;111
228;112
228;113
228;114
228;115
228;116
228;117
228;118
228;119
228;120
228;121
228;122
228;123
228;124
228;125
228;126
228;127
228;128
228;129
228;130
228;131
228;132
228;194
228;195
228;196
228;197
228;198
228;199
228;200
228;201
228;202
228;203
228;204
228;205
228;206
228;207
228;208
228;209
228;210
228;211
228;212
228;213
228;214
228;215
228;216
228;217
228;218
228;219
228;220
228;221
228;222
228;223
228;224
228;225
228;226
228;227
228;228
228;229
228;230
228;231
228;232
228;233
228;234
228;235
228;236
228;237
228;238
228;239
228;240
228;241
228;242
228;243
228;244
228;245
228;246
228;247
228;248
228;249
228;250
228;251
228;252
228;253
228;254
228;255
228;256
228;257
228;258
228;259
228;260
228;261
228;262
228;263
228;264
228;265
228;266
228;267
228;268
228;269
228;270
228;271
228;272
228;273
228;274
228;275
228;276
228;277
228;278
228;279
228;280
228;281
228;296
228;297
228;298
228;299
228;300
228;301
228;302
228;303
228;304
228;305
228;306
228;307
228;308
228;309
228;310
228;311
228;312
228;313
228;314
228;315
228;316
228;317
228;318
228;319
228;320
228;321
228;322
228;323
228;324
228;325
228;326
228;327
228;328
228;329
228;330
228;331
228;332
228;333
228;334
228;335
228;336
228;337
228;338
228;339
228;340
228;341
228;342
228;343
228;344
228;345
228;346
228;347
228;348
228;349
228;350
228;351
228;352
228;353
228;354
228;355
228;356
228;357
228;358
228;359
228;360
228;361
228;362
228;363
228;365
228;367
228;392
228;393
228;394
228;395
228;396
228;397
228;398
228;399
228;400
228;401
228;402
228;403
228;404
228;405
228;406
228;407
228;408
228;409
228;410
228;411
228;412
228;413
228;414
228;415
228;416
228;417
228;418
228;419
228;420
228;421
228;422
228;423
228;424
228;425
228;426
228;427
228;428
228;429
228;430
228;431
228;432
228;433
228;434
228;435
228;436
228;437
228;438
228;439
228;440
228;441
228;442
228;443
228;444
228;445
228;446
228;447
228;448
228;449
228;450
228;451
228;452
228;453
228;454
228;495
228;496
228;497
228;498
228;499
228;500
228;501
228;502
228;503
228;504
228;505
228;506
228;507
228;508
228;509
228;510
228;511
228;512
228;513
228;514
228;515
228;516
228;517
228;518
228;519
228;520
228;521
228;522
228;523
228;524
228;525
228;526
228;527
228;528
228;529
228;530
228;531
228;532
228;533
228;534
228;535
228;536
229;70
229;71
229;72
229;73
229;74
229;75
229;76
229;77
229;78
229;79
229;80
229;81
229;82
229;83
229;84
229;85
229;86
229;87
229;88
229;89
229;90
229;91
229;92
229;93
229;94
229;95
229;96
229;97
229;98
229;99
229;100
229;101
229;102
229;103
229;104
229;105
229;106
229;107
229;108
229;109
229;110
229;111
229;112
229;113
229;114
229;115
229;116
229;117
229;118
229;119
229;120
229;121
229;122
229;123
229;124
229;125
229;126
229;127
229;128
229;129
229;130
229;131
229;193
229;194
229;195
229;196
229;197
229;198
229;199
229;200
229;201
229;202
229;203
229;204
229;205
229;206
229;207
229;208
229;209
229;210
229;211
229;212
229;213
229;214
229;215
229;216
229;217
229;218
229;219
229;220
229;221
229;222
229;223
229;224
229;225
229;226
229;227
229;228
229;229
229;230
229;231
229;232
229;233
229;234
229;235
229;236
229;237
229;238
229;239
229;240
229;241
229;242
229;243
229;244
229;245
229;246
229;247
229;248
229;249
229;250
229;251
229;252
229;253
229;254
229;255
229;256
229;257
229;258
229;259
229;260
229;261
229;262
229;263
229;264
229;265
229;266
229;267
229;268
229;269
229;270
229;271
229;272
229;273
229;274
229;275
229;276
229;277
229;278
229;279
229;280
229;281
229;296
229;297
229;298
229;299
229;300
229;301
229;302
229;303
229;304
229;305
229;306
229;307
229;308
229;309
229;310
229;311
229;312
229;313
229;314
229;315
229;316
229;317
229;318
229;319
229;320
229;321
229;322
229;323
229;324
229;325
229;326
229;327
229;328
229;329
229;330
229;331
229;332
229;333
229;334
229;335
229;336
229;337
229;338
229;339
229;340
229;341
229;342
229;343
229;344
229;345
229;346
229;347
229;348
229;349
229;350
229;351
229;352
229;353
229;354
229;355
229;356
229;357
229;358
229;359
229;360
229;361
229;362
229;363
229;364
229;365
229;366
229;367
229;368
229;369
229;370
229;371
229;373
229;375
229;391
229;392
229;393
229;394
229;395
229;396
229;397
229;398
229;399
229;400
229;401
229;402
229;403
229;404
229;405
229;406
229;407
229;408
229;409
229;410
229;411
229;412
229;413
229;414
229;415
229;416
229;417
229;418
229;419
229;420
229;421
229;422
229;423
229;424
229;425
229;426
229;427
229;428
229;429
229;430
229;431
229;432
229;433
229;434
229;435
229;436
229;437
229;438
229;439
229;440
229;441
229;442
229;443
229;444
229;445
229;446
229;447
229;448
229;449
229;450
229;451
229;452
229;453
229;454
229;494
229;495
229;496
229;497
229;498
229;499
229;500
229;501
229;502
229;503
229;504
229;505
229;506
229;507
229;508
229;509
229;510
229;511
229;512
229;513
229;514
229;515
229;516
229;517
229;518
229;519
229;520
229;521
229;522
229;523
229;524
229;525
229;526
229;527
229;528
229;529
229;530
229;531
229;532
229;533
229;534
229;535
229;536
230;72
230;73
230;74
230;75
230;76
230;77
230;78
230;79
230;80
230;81
230;82
230;83
230;84
230;85
230;86
230;87
230;88
230;89
230;90
230;91
230;92
230;93
230;94
230;95
230;96
230;97
230;98
230;99
230;100
230;101
230;102
230;103
230;104
230;105
230;106
230;107
230;108
230;109
230;110
230;111
230;112
230;113
230;114
230;115
230;116
230;117
230;118
230;119
230;120
230;121
230;122
230;123
230;124
230;125
230;126
230;127
230;128
230;129
230;130
230;191
230;192
230;193
230;194
230;195
230;196
230;197
230;198
230;199
230;200
230;201
230;202
230;203
230;204
230;205
230;206
230;207
230;208
230;209
230;210
230;211
230;212
230;213
230;214
230;215
230;216
230;217
230;218
230;219
230;220
230;221
230;222
230;223
230;224
230;225
230;226
230;227
230;228
230;229
230;230
230;231
230;232
230;233
230;234
230;235
230;236
230;237
230;238
230;239
230;240
230;241
230;242
230;243
230;244
230;245
230;246
230;247
230;248
230;249
230;250
230;251
230;252
230;253
230;254
230;255
230;256
230;257
230;258
230;259
230;260
230;261
230;262
230;263
230;264
230;265
230;266
230;267
230;268
230;269
230;270
230;271
230;272
230;273
230;274
230;275
230;276
230;277
230;278
230;279
230;280
230;281
230;282
230;296
230;297
230;298
230;299
230;300
230;301
230;302
230;303
230;304
230;305
230;306
230;307
230;308
230;309
230;310
230;311
230;312
230;313
230;314
230;315
230;316
230;317
230;318
230;319
230;320
230;321
230;322
230;323
230;324
230;325
230;326
230;327
230;328
230;329
230;330
230;331
230;332
230;333
230;334
230;335
230;336
230;337
230;338
230;339
230;340
230;341
230;342
230;343
230;344
230;345
230;346
230;347
230;348
230;349
230;350
230;351
230;352
230;353
230;354
230;355
230;356
230;357
230;358
230;359
230;360
230;361
230;362
230;363
230;364
230;365
230;366
230;367
230;368
230;369
230;370
230;371
230;372
230;373
230;374
230;375
230;376
230;377
230;378
230;379
230;381
230;383
230;391
230;392
230;393
230;394
230;395
230;396
230;397
230;398
230;399
230;400
230;401
230;402
230;403
230;404
230;405
230;406
230;407
230;408
230;409
230;410
230;411
230;412
230;413
230;414
230;415
230;416
230;417
230;418
230;419
230;420
230;421
230;422
230;423
230;424
230;425
230;426
230;427
230;428
230;429
230;430
230;431
230;432
230;433
230;434
230;435
230;436
230;437
230;438
230;439
230;440
230;441
230;442
230;443
230;444
230;445
230;446
230;447
230;448
230;449
230;450
230;451
230;452
230;453
230;454
230;494
230;495
230;496
230;497
230;498
230;499
230;500
230;501
230;502
230;503
230;504
230;505
230;506
230;507
230;508
230;509
230;510
230;511
230;512
230;513
230;514
230;515
230;516
230;517
230;518
230;519
230;520
230;521
230;522
230;523
230;524
230;525
230;526
230;527
230;528
230;529
230;530
230;531
230;532
230;533
230;534
230;535
230;536
231;74
231;75
231;76
231;77
231;78
231;79
231;80
231;81
231;82
231;83
231;84
231;85
231;86
231;87
231;88
231;89
231;90
231;91
231;92
231;93
231;94
231;95
231;96
231;97
231;98
231;99
231;100
231;101
231;102
231;103
231;104
231;105
231;106
231;107
231;108
231;109
231;110
231;111
231;112
231;113
231;114
231;115
231;116
231;117
231;118
231;119
231;120
231;121
231;122
231;123
231;124
231;125
231;126
231;127
231;128
231;129
231;191
231;192
231;193
231;194
231;195
231;196
231;197
231;198
231;199
231;200
231;201
231;202
231;203
231;204
231;205
231;206
231;207
231;208
231;209
231;210
231;211
231;212
231;213
231;214
231;215
231;216
231;217
231;218
231;219
231;220
231;221
231;222
231;223
231;224
231;225
231;226
231;227
231;228
231;229
231;230
231;231
231;232
231;233
231;234
231;235
231;236
231;237
231;238
231;239
231;240
231;241
231;242
231;243
231;244
231;245
231;246
231;247
231;248
231;249
231;250
231;251
231;252
231;253
231;254
231;255
231;256
231;257
231;258
231;259
231;260
231;261
231;262
231;263
231;264
231;265
231;266
231;267
231;268
231;269
231;270
231;271
231;272
231;273
231;274
231;275
231;276
231;277
231;278
231;279
231;280
231;281
231;282
231;297
231;298
231;299
231;300
231;301
231;302
231;303
231;304
231;305
231;306
231;307
231;308
231;309
231;310
231;311
231;312
231;313
231;314
231;315
231;316
231;317
231;318
231;319
231;320
231;321
231;322
231;323
231;324
231;325
231;326
231;327
231;328
231;329
231;330
231;331
231;332
231;333
231;334
231;335
231;336
231;337
231;338
231;339
231;340
231;341
231;342
231;343
231;344
231;345
231;346
231;347
231;348
231;349
231;350
231;351
231;352
231;353
231;354
231;355
231;356
231;357
231;358
231;359
231;360
231;361
231;362
231;363
231;364
231;365
231;366
231;367
231;368
231;369
231;370
231;371
231;372
231;373
231;374
231;375
231;376
231;377
231;378
231;379
231;380
231;381
231;382
231;383
231;384
231;385
231;386
231;387
231;389
231;391
231;392
231;393
231;394
231;395
231;396
231;397
231;398
231;399
231;400
231;401
231;402
231;403
231;404
231;405
231;406
231;407
231;408
231;409
231;410
231;411
231;412
231;413
231;414
231;415
231;416
231;417
231;418
231;419
231;420
231;421
231;422
231;423
231;424
231;425
231;426
231;427
231;428
231;429
231;430
231;431
231;432
231;433
231;434
231;435
231;436
231;437
231;438
231;439
231;440
231;441
231;442
231;443
231;444
231;445
231;446
231;447
231;448
231;449
231;450
231;451
231;452
231;453
231;494
231;495
231;496
231;497
231;498
231;499
231;500
231;501
231;502
231;503
231;504
231;505
231;506
231;507
231;508
231;509
231;510
231;511
231;512
231;513
231;514
231;515
231;516
231;517
231;518
231;519
231;520
231;521
231;522
231;523
231;524
231;525
231;526
231;527
231;528
231;529
231;530
231;531
231;532
231;533
231;534
231;535
231;536
232;76
232;77
232;78
232;79
232;80
232;81
232;82
232;83
232;84
232;85
232;86
232;87
232;88
232;89
232;90
232;91
232;92
232;93
232;94
232;95
232;96
232;97
232;98
232;99
232;100
232;101
232;102
232;103
232;104
232;105
232;106
232;107
232;108
232;109
232;110
232;111
232;112
232;113
232;114
232;115
232;116
232;117
232;118
232;119
232;120
232;121
232;122
232;123
232;124
232;125
232;126
232;127
232;128
232;189
232;190
232;191
232;192
232;193
232;194
232;195
232;196
232;197
232;198
232;199
232;200
232;201
232;202
232;203
232;204
232;205
232;206
232;207
232;208
232;209
232;210
232;211
232;212
232;213
232;214
232;215
232;216
232;217
232;218
232;219
232;220
232;221
232;222
232;223
232;224
232;225
232;226
232;227
232;228
232;229
232;230
232;231
232;232
232;233
232;234
232;235
232;236
232;237
232;238
232;239
232;240
232;241
232;242
232;243
232;244
232;245
232;246
232;247
232;248
232;249
232;250
232;251
232;252
232;253
232;254
232;255
232;256
232;257
232;258
232;259
232;260
232;261
232;262
232;263
232;264
232;265
232;266
232;267
232;268
232;269
232;270
232;271
232;272
232;273
232;274
232;275
232;276
232;277
232;278
232;279
232;280
232;281
232;282
232;283
232;297
232;298
232;299
232;300
232;301
232;302
232;303
232;304
232;305
232;306
232;307
232;308
232;309
232;310
232;311
232;312
232;313
232;314
232;315
232;316
232;317
232;318
232;319
232;320
232;321
232;322
232;323
232;324
232;325
232;326
232;327
232;328
232;329
232;330
232;331
232;332
232;333
232;334
232;335
232;336
232;337
232;338
232;339
232;340
232;341
232;342
232;343
232;344
232;345
232;346
232;347
232;348
232;349
232;350
232;351
232;352
232;353
232;354
232;355
232;356
232;357
232;358
232;359
232;360
232;361
232;362
232;363
232;364
232;365
232;366
232;367
232;368
232;369
232;370
232;371
232;372
232;373
232;374
232;375
232;376
232;377
232;378
232;379
232;380
232;381
232;382
232;383
232;384
232;385
232;386
232;387
232;388
232;389
232;390
232;391
232;392
232;393
232;394
232;395
232;396
232;397
232;398
232;399
232;400
232;401
232;402
232;403
232;404
232;405
232;406
232;407
232;408
232;409
232;410
232;411
232;412
232;413
232;414
232;415
232;416
232;417
232;418
232;419
232;420
232;421
232;422
232;423
232;424
232;425
232;426
232;427
232;428
232;429
232;430
232;431
232;432
232;433
232;434
232;435
232;436
232;437
232;438
232;439
232;440
232;441
232;442
232;443
232;444
232;445
232;446
232;447
232;448
232;449
232;450
232;451
232;452
232;453
232;493
232;494
232;495
232;496
232;497
232;498
232;499
232;500
232;501
232;502
232;503
232;504
232;505
232;506
232;507
232;508
232;509
232;510
232;511
232;512
232;513
232;514
232;515
232;516
232;517
232;518
232;519
232;520
232;521
232;522
232;523
232;524
232;525
232;526
232;527
232;528
232;529
232;530
232;531
232;532
232;533
232;534
232;535
232;536
233;78
233;79
233;80
233;81
233;82
233;83
233;84
233;85
233;86
233;87
233;88
233;89
233;90
233;91
233;92
233;93
233;94
233;95
233;96
233;97
233;98
233;99
233;100
233;101
233;102
233;103
233;104
233;105
233;106
233;107
233;108
233;109
233;110
233;111
233;112
233;113
233;114
233;115
233;116
233;117
233;118
233;119
233;120
233;121
233;122
233;123
233;124
233;125
233;126
233;127
233;188
233;189
233;190
233;191
233;192
233;193
233;194
233;195
233;196
233;197
233;198
233;199
233;200
233;201
233;202
233;203
233;204
233;205
233;206
233;207
233;208
233;209
233;210
233;211
233;212
233;213
233;214
233;215
233;216
233;217
233;218
233;219
233;220
233;221
233;222
233;223
233;224
233;225
233;226
233;227
233;228
233;229
233;230
233;231
233;232
233;233
233;234
233;235
233;236
233;237
233;238
233;239
233;240
233;241
233;242
233;243
233;244
233;245
233;246
233;247
233;248
233;249
233;250
233;251
233;252
233;253
233;254
233;255
233;256
233;257
233;258
233;259
233;260
233;261
233;262
233;263
233;264
233;265
233;266
233;267
233;268
233;269
233;270
233;271
233;272
233;273
233;274
233;275
233;276
233;277
233;278
233;279
233;280
233;281
233;282
233;283
233;298
233;299
233;300
233;301
233;302
233;303
233;304
233;305
233;306
233;307
233;308
233;309
233;310
233;311
233;312
233;313
233;314
233;315
233;316
233;317
233;318
233;319
233;320
233;321
233;322
233;323
233;324
233;325
233;326
233;327
233;328
233;329
233;330
233;331
233;332
233;333
233;334
233;335
233;336
233;337
233;338
233;339
233;340
233;341
233;342
233;343
233;344
233;345
233;346
233;347
233;348
233;349
233;350
233;351
233;352
233;353
233;354
233;355
233;356
233;357
233;358
233;359
233;360
233;361
233;362
233;363
233;364
233;365
233;366
233;367
233;368
233;369
233;370
233;371
233;372
233;373
233;374
233;375
233;376
233;377
233;378
233;379
233;380
233;381
233;382
233;383
233;384
233;385
233;386
233;387
233;388
233;389
233;390
233;391
233;392
233;393
233;394
233;395
233;396
233;397
233;398
233;399
233;400
233;401
233;402
233;403
233;404
233;405
233;406
233;407
233;408
233;409
233;410
233;411
233;412
233;413
233;414
233;415
233;416
233;417
233;418
233;419
233;420
233;421
233;422
233;423
233;424
233;425
233;426
233;427
233;428
233;429
233;430
233;431
233;432
233;433
233;434
233;435
233;436
233;437
233;438
233;439
233;440
233;441
233;442
233;443
233;444
233;445
233;446
233;447
233;448
233;449
233;450
233;451
233;452
233;453
233;493
233;494
233;495
233;496
233;497
233;498
233;499
233;500
233;501
233;502
233;503
233;504
233;505
233;506
233;507
233;508
233;509
233;510
233;511
233;512
233;513
233;514
233;515
233;516
233;517
233;518
233;519
233;520
233;521
233;522
233;523
233;524
233;525
233;526
233;527
233;528
233;529
233;530
233;531
233;532
233;533
233;534
233;535
233;536
234;80
234;81
234;82
234;83
234;84
234;85
234;86
234;87
234;88
234;89
234;90
234;91
234;92
234;93
234;94
234;95
234;96
234;97
234;98
234;99
234;100
234;101
234;102
234;103
234;104
234;105
234;106
234;107
234;108
234;109
234;110
234;111
234;112
234;113
234;114
234;115
234;116
234;117
234;118
234;119
234;120
234;121
234;122
234;123
234;124
234;125
234;126
234;187
234;188
234;189
234;190
234;191
234;192
234;193
234;194
234;195
234;196
234;197
234;198
234;199
234;200
234;201
234;202
234;203
234;204
234;205
234;206
234;207
234;208
234;209
234;210
234;211
234;212
234;213
234;214
234;215
234;216
234;217
234;218
234;219
234;220
234;221
234;222
234;223
234;224
234;225
234;226
234;227
234;228
234;229
234;230
234;231
234;232
234;233
234;234
234;235
234;236
234;237
234;238
234;239
234;240
234;241
234;242
234;243
234;244
234;245
234;246
234;247
234;248
234;249
234;250
234;251
234;252
234;253
234;254
234;255
234;256
234;257
234;258
234;259
234;260
234;261
234;262
234;263
234;264
234;265
234;266
234;267
234;268
234;269
234;270
234;271
234;272
234;273
234;274
234;275
234;276
234;277
234;278
234;279
234;280
234;281
234;282
234;283
234;284
234;298
234;299
234;300
234;301
234;302
234;303
234;304
234;305
234;306
234;307
234;308
234;309
234;310
234;311
234;312
234;313
234;314
234;315
234;316
234;317
234;318
234;319
234;320
234;321
234;322
234;323
234;324
234;325
234;326
234;327
234;328
234;329
234;330
234;331
234;332
234;333
234;334
234;335
234;336
234;337
234;338
234;339
234;340
234;341
234;342
234;343
234;344
234;345
234;346
234;347
234;348
234;349
234;350
234;351
234;352
234;353
234;354
234;355
234;356
234;357
234;358
234;359
234;360
234;361
234;362
234;363
234;364
234;365
234;366
234;367
234;368
234;369
234;370
234;371
234;372
234;373
234;374
234;375
234;376
234;377
234;378
234;379
234;380
234;381
234;382
234;383
234;384
234;385
234;386
234;387
234;388
234;389
234;390
234;391
234;392
234;393
234;394
234;395
234;396
234;397
234;398
234;399
234;400
234;401
234;402
234;403
234;404
234;405
234;406
234;407
234;408
234;409
234;410
234;411
234;412
234;413
234;414
234;415
234;416
234;417
234;418
234;419
234;420
234;421
234;422
234;423
234;424
234;425
234;426
234;427
234;428
234;429
234;430
234;431
234;432
234;433
234;434
234;435
234;436
234;437
234;438
234;439
234;440
234;441
234;442
234;443
234;444
234;445
234;446
234;447
234;448
234;449
234;450
234;451
234;452
234;453
234;493
234;494
234;495
234;496
234;497
234;498
234;499
234;500
234;501
234;502
234;503
234;504
234;505
234;506
234;507
234;508
234;509
234;510
234;511
234;512
234;513
234;514
234;515
234;516
234;517
234;518
234;519
234;520
234;521
234;522
234;523
234;524
234;525
234;526
234;527
234;528
234;529
234;530
234;531
234;532
234;533
234;534
234;535
234;536
235;80
235;81
235;82
235;83
235;84
235;85
235;86
235;87
235;88
235;89
235;90
235;91
235;92
235;93
235;94
235;95
235;96
235;97
235;98
235;99
235;100
235;101
235;102
235;103
235;104
235;105
235;106
235;107
235;108
235;109
235;110
235;111
235;112
235;113
235;114
235;115
235;116
235;117
235;118
235;119
235;120
235;121
235;122
235;123
235;124
235;125
235;185
235;186
235;187
235;188
235;189
235;190
235;191
235;192
235;193
235;194
235;195
235;196
235;197
235;198
235;199
235;200
235;201
235;202
235;203
235;204
235;205
235;206
235;207
235;208
235;209
235;210
235;211
235;212
235;213
235;214
235;215
235;216
235;217
235;218
235;219
235;220
235;221
235;222
235;223
235;224
235;225
235;226
235;227
235;228
235;229
235;230
235;231
235;232
235;233
235;234
235;235
235;236
235;237
235;238
235;239
235;240
235;241
235;242
235;243
235;244
235;245
235;246
235;247
235;248
235;249
235;250
235;251
235;252
235;253
235;254
235;255
235;256
235;257
235;258
235;259
235;260
235;261
235;262
235;263
235;264
235;265
235;266
235;267
235;268
235;269
235;270
235;271
235;272
235;273
235;274
235;275
235;276
235;277
235;278
235;279
235;280
235;281
235;282
235;283
235;284
235;299
235;300
235;301
235;302
235;303
235;304
235;305
235;306
235;307
235;308
235;309
235;310
235;311
235;312
235;313
235;314
235;315
235;316
235;317
235;318
235;319
235;320
235;321
235;322
235;323
235;324
235;325
235;326
235;327
235;328
235;329
235;330
235;331
235;332
235;333
235;334
235;335
235;336
235;337
235;338
235;339
235;340
235;341
235;342
235;343
235;344
235;345
235;346
235;347
235;348
235;349
235;350
235;351
235;352
235;353
235;354
235;355
235;356
235;357
235;358
235;359
235;360
235;361
235;362
235;363
235;364
235;365
235;366
235;367
235;368
235;369
235;370
235;371
235;372
235;373
235;374
235;375
235;376
235;377
235;378
235;379
235;380
235;381
235;382
235;383
235;384
235;385
235;386
235;387
235;388
235;389
235;390
235;391
235;392
235;393
235;394
235;395
235;396
235;397
235;398
235;399
235;400
235;401
235;402
235;403
235;404
235;405
235;406
235;407
235;408
235;409
235;410
235;411
235;412
235;413
235;414
235;415
235;416
235;417
235;418
235;419
235;420
235;421
235;422
235;423
235;424
235;425
235;426
235;427
235;428
235;429
235;430
235;431
235;432
235;433
235;434
235;435
235;436
235;437
235;438
235;439
235;440
235;441
235;442
235;443
235;444
235;445
235;446
235;447
235;448
235;449
235;450
235;451
235;452
235;492
235;493
235;494
235;495
235;496
235;497
235;498
235;499
235;500
235;501
235;502
235;503
235;504
235;505
235;506
235;507
235;508
235;509
235;510
235;511
235;512
235;513
235;514
235;515
235;516
235;517
235;518
235;519
235;520
235;521
235;522
235;523
235;524
235;525
235;526
235;527
235;528
235;529
235;530
235;531
235;532
235;533
235;534
235;535
235;536
236;82
236;83
236;84
236;85
236;86
236;87
236;88
236;89
236;90
236;91
236;92
236;93
236;94
236;95
236;96
236;97
236;98
236;99
236;100
236;101
236;102
236;103
236;104
236;105
236;106
236;107
236;108
236;109
236;110
236;111
236;112
236;113
236;114
236;115
236;116
236;117
236;118
236;119
236;120
236;121
236;122
236;123
236;124
236;185
236;186
236;187
236;188
236;189
236;190
236;191
236;192
236;193
236;194
236;195
236;196
236;197
236;198
236;199
236;200
236;201
236;202
236;203
236;204
236;205
236;206
236;207
236;208
236;209
236;210
236;211
236;212
236;213
236;214
236;215
236;216
236;217
236;218
236;219
236;220
236;221
236;222
236;223
236;224
236;225
236;226
236;227
236;228
236;229
236;230
236;231
236;232
236;233
236;234
236;235
236;236
236;237
236;238
236;239
236;240
236;241
236;242
236;243
236;244
236;245
236;246
236;247
236;248
236;249
236;250
236;251
236;252
236;253
236;254
236;255
236;256
236;257
236;258
236;259
236;260
236;261
236;262
236;263
236;264
236;265
236;266
236;267
236;268
236;269
236;270
236;271
236;272
236;273
236;274
236;275
236;276
236;277
236;278
236;279
236;280
236;281
236;282
236;283
236;284
236;299
236;300
236;301
236;302
236;303
236;304
236;305
236;306
236;307
236;308
236;309
236;310
236;311
236;312
236;313
236;314
236;315
236;316
236;317
236;318
236;319
236;320
236;321
236;322
236;323
236;324
236;325
236;326
236;327
236;328
236;329
236;330
236;331
236;332
236;333
236;334
236;335
236;336
236;337
236;338
236;339
236;340
236;341
236;342
236;343
236;344
236;345
236;346
236;347
236;348
236;349
236;350
236;351
236;352
236;353
236;354
236;355
236;356
236;357
236;358
236;359
236;360
236;361
236;362
236;363
236;364
236;365
236;366
236;367
236;368
236;369
236;370
236;371
236;372
236;373
236;374
236;375
236;376
236;377
236;378
236;379
236;380
236;381
236;382
236;383
236;384
236;385
236;386
236;387
236;388
236;389
236;390
236;391
236;392
236;393
236;394
236;395
236;396
236;397
236;398
236;399
236;400
236;401
236;402
236;403
236;404
236;405
236;406
236;407
236;408
236;409
236;410
236;411
236;412
236;413
236;414
236;415
236;416
236;417
236;418
236;419
236;420
236;421
236;422
236;423
236;424
236;425
236;426
236;427
236;428
236;429
236;430
236;431
236;432
236;433
236;434
236;435
236;436
236;437
236;438
236;439
236;440
236;441
236;442
236;443
236;444
236;445
236;446
236;447
236;448
236;449
236;450
236;451
236;452
236;492
236;493
236;494
236;495
236;496
236;497
236;498
236;499
236;500
236;501
236;502
236;503
236;504
236;505
236;506
236;507
236;508
236;509
236;510
236;511
236;512
236;513
236;514
236;515
236;516
236;517
236;518
236;519
236;520
236;521
236;522
236;523
236;524
236;525
236;526
236;527
236;528
236;529
236;530
236;531
236;532
236;533
236;534
236;535
236;536
237;83
237;84
237;85
237;86
237;87
237;88
237;89
237;90
237;91
237;92
237;93
237;94
237;95
237;96
237;97
237;98
237;99
237;100
237;101
237;102
237;103
237;104
237;105
237;106
237;107
237;108
237;109
237;110
237;111
237;112
237;113
237;114
237;115
237;116
237;117
237;118
237;119
237;120
237;121
237;122
237;123
237;183
237;184
237;185
237;186
237;187
237;188
237;189
237;190
237;191
237;192
237;193
237;194
237;195
237;196
237;197
237;198
237;199
237;200
237;201
237;202
237;203
237;204
237;205
237;206
237;207
237;208
237;209
237;210
237;211
237;212
237;213
237;214
237;215
237;216
237;217
237;218
237;219
237;220
237;221
237;222
237;223
237;224
237;225
237;226
237;227
237;228
237;229
237;230
237;231
237;232
237;233
237;234
237;235
237;236
237;237
237;238
237;239
237;240
237;241
237;242
237;243
237;244
237;245
237;246
237;247
237;248
237;249
237;250
237;251
237;252
237;253
237;254
237;255
237;256
237;257
237;258
237;259
237;260
237;261
237;262
237;263
237;264
237;265
237;266
237;267
237;268
237;269
237;270
237;271
237;272
237;273
237;274
237;275
237;276
237;277
237;278
237;279
237;280
237;281
237;282
237;283
237;284
237;285
237;300
237;301
237;302
237;303
237;304
237;305
237;306
237;307
237;308
237;309
237;310
237;311
237;312
237;313
237;314
237;315
237;316
237;317
237;318
237;319
237;320
237;321
237;322
237;323
237;324
237;325
237;326
237;327
237;328
237;329
237;330
237;331
237;332
237;333
237;334
237;335
237;336
237;337
237;338
237;339
237;340
237;341
237;342
237;343
237;344
237;345
237;346
237;347
237;348
237;349
237;350
237;351
237;352
237;353
237;354
237;355
237;356
237;357
237;358
237;359
237;360
237;361
237;362
237;363
237;364
237;365
237;366
237;367
237;368
237;369
237;370
237;371
237;372
237;373
237;374
237;375
237;376
237;377
237;378
237;379
237;380
237;381
237;382
237;383
237;384
237;385
237;386
237;387
237;388
237;389
237;390
237;391
237;392
237;393
237;394
237;395
237;396
237;397
237;398
237;399
237;400
237;401
237;402
237;403
237;404
237;405
237;406
237;407
237;408
237;409
237;410
237;411
237;412
237;413
237;414
237;415
237;416
237;417
237;418
237;419
237;420
237;421
237;422
237;423
237;424
237;425
237;426
237;427
237;428
237;429
237;430
237;431
237;432
237;433
237;434
237;435
237;436
237;437
237;438
237;439
237;440
237;441
237;442
237;443
237;444
237;445
237;446
237;447
237;448
237;449
237;450
237;451
237;452
237;491
237;492
237;493
237;494
237;495
237;496
237;497
237;498
237;499
237;500
237;501
237;502
237;503
237;504
237;505
237;506
237;507
237;508
237;509
237;510
237;511
237;512
237;513
237;514
237;515
237;516
237;517
237;518
237;519
237;520
237;521
237;522
237;523
237;524
237;525
237;526
237;527
237;528
237;529
237;530
237;531
237;532
237;533
237;534
237;535
237;536
238;84
238;85
238;86
238;87
238;88
238;89
238;90
238;91
238;92
238;93
238;94
238;95
238;96
238;97
238;98
238;99
238;100
238;101
238;102
238;103
238;104
238;105
238;106
238;107
238;108
238;109
238;110
238;111
238;112
238;113
238;114
238;115
238;116
238;117
238;118
238;119
238;120
238;121
238;122
238;182
238;183
238;184
238;185
238;186
238;187
238;188
238;189
238;190
238;191
238;192
238;193
238;194
238;195
238;196
238;197
238;198
238;199
238;200
238;201
238;202
238;203
238;204
238;205
238;206
238;207
238;208
238;209
238;210
238;211
238;212
238;213
238;214
238;215
238;216
238;217
238;218
238;219
238;220
238;221
238;222
238;223
238;224
238;225
238;226
238;227
238;228
238;229
238;230
238;231
238;232
238;233
238;234
238;235
238;236
238;237
238;238
238;239
238;240
238;241
238;242
238;243
238;244
238;245
238;246
238;247
238;248
238;249
238;250
238;251
238;252
238;253
238;254
238;255
238;256
238;257
238;258
238;259
238;260
238;261
238;262
238;263
238;264
238;265
238;266
238;267
238;268
238;269
238;270
238;271
238;272
238;273
238;274
238;275
238;276
238;277
238;278
238;279
238;280
238;281
238;282
238;283
238;284
238;285
238;300
238;301
238;302
238;303
238;304
238;305
238;306
238;307
238;308
238;309
238;310
238;311
238;312
238;313
238;314
238;315
238;316
238;317
238;318
238;319
238;320
238;321
238;322
238;323
238;324
238;325
238;326
238;327
238;328
238;329
238;330
238;331
238;332
238;333
238;334
238;335
238;336
238;337
238;338
238;339
238;340
238;341
238;342
238;343
238;344
238;345
238;346
238;347
238;348
238;349
238;350
238;351
238;352
238;353
238;354
238;355
238;356
238;357
238;358
238;359
238;360
238;361
238;362
238;363
238;364
238;365
238;366
238;367
238;368
238;369
238;370
238;371
238;372
238;373
238;374
238;375
238;376
238;377
238;378
238;379
238;380
238;381
238;382
238;383
238;384
238;385
238;386
238;387
238;388
238;389
238;390
238;391
238;392
238;393
238;394
238;395
238;396
238;397
238;398
238;399
238;400
238;401
238;402
238;403
238;404
238;405
238;406
238;407
238;408
238;409
238;410
238;411
238;412
238;413
238;414
238;415
238;416
238;417
238;418
238;419
238;420
238;421
238;422
238;423
238;424
238;425
238;426
238;427
238;428
238;429
238;430
238;431
238;432
238;433
238;434
238;435
238;436
238;437
238;438
238;439
238;440
238;441
238;442
238;443
238;444
238;445
238;446
238;447
238;448
238;449
238;450
238;451
238;452
238;491
238;492
238;493
238;494
238;495
238;496
238;497
238;498
238;499
238;500
238;501
238;502
238;503
238;504
238;505
238;506
238;507
238;508
238;509
238;510
238;511
238;512
238;513
238;514
238;515
238;516
238;517
238;518
238;519
238;520
238;521
238;522
238;523
238;524
238;525
238;526
238;527
238;528
238;529
238;530
238;531
238;532
238;533
238;534
238;535
238;536
239;86
239;87
239;88
239;89
239;90
239;91
239;92
239;93
239;94
239;95
239;96
239;97
239;98
239;99
239;100
239;101
239;102
239;103
239;104
239;105
239;106
239;107
239;108
239;109
239;110
239;111
239;112
239;113
239;114
239;115
239;116
239;117
239;118
239;119
239;120
239;181
239;182
239;183
239;184
239;185
239;186
239;187
239;188
239;189
239;190
239;191
239;192
239;193
239;194
239;195
239;196
239;197
239;198
239;199
239;200
239;201
239;202
239;203
239;204
239;205
239;206
239;207
239;208
239;209
239;210
239;211
239;212
239;213
239;214
239;215
239;216
239;217
239;218
239;219
239;220
239;221
239;222
239;223
239;224
239;225
239;226
239;227
239;228
239;229
239;230
239;231
239;232
239;233
239;234
239;235
239;236
239;237
239;238
239;239
239;240
239;241
239;242
239;243
239;244
239;245
239;246
239;247
239;248
239;249
239;250
239;251
239;252
239;253
239;254
239;255
239;256
239;257
239;258
239;259
239;260
239;261
239;262
239;263
239;264
239;265
239;266
239;267
239;268
239;269
239;270
239;271
239;272
239;273
239;274
239;275
239;276
239;277
239;278
239;279
239;280
239;281
239;282
239;283
239;284
239;285
239;300
239;301
239;302
239;303
239;304
239;305
239;306
239;307
239;308
239;309
239;310
239;311
239;312
239;313
239;314
239;315
239;316
239;317
239;318
239;319
239;320
239;321
239;322
239;323
239;324
239;325
239;326
239;327
239;328
239;329
239;330
239;331
239;332
239;333
239;334
239;335
239;336
239;337
239;338
239;339
239;340
239;341
239;342
239;343
239;344
239;345
239;346
239;347
239;348
239;349
239;350
239;351
239;352
239;353
239;354
239;355
239;356
239;357
239;358
239;359
239;360
239;361
239;362
239;363
239;364
239;365
239;366
239;367
239;368
239;369
239;370
239;371
239;372
239;373
239;374
239;375
239;376
239;377
239;378
239;379
239;380
239;381
239;382
239;383
239;384
239;385
239;386
239;387
239;388
239;389
239;390
239;391
239;392
239;393
239;394
239;395
239;396
239;397
239;398
239;399
239;400
239;401
239;402
239;403
239;404
239;405
239;406
239;407
239;408
239;409
239;410
239;411
239;412
239;413
239;414
239;415
239;416
239;417
239;418
239;419
239;420
239;421
239;422
239;423
239;424
239;425
239;426
239;427
239;428
239;429
239;430
239;431
239;432
239;433
239;434
239;435
239;436
239;437
239;438
239;439
239;440
239;441
239;442
239;443
239;444
239;445
239;446
239;447
239;448
239;449
239;450
239;451
239;452
239;491
239;492
239;493
239;494
239;495
239;496
239;497
239;498
239;499
239;500
239;501
239;502
239;503
239;504
239;505
239;506
239;507
239;508
239;509
239;510
239;511
239;512
239;513
239;514
239;515
239;516
239;517
239;518
239;519
239;520
239;521
239;522
239;523
239;524
239;525
239;526
239;527
239;528
239;529
239;530
239;531
239;532
239;533
239;534
239;535
239;536
240;87
240;88
240;89
240;90
240;91
240;92
240;93
240;94
240;95
240;96
240;97
240;98
240;99
240;100
240;101
240;102
240;103
240;104
240;105
240;106
240;107
240;108
240;109
240;110
240;111
240;112
240;113
240;114
240;115
240;116
240;117
240;118
240;119
240;120
240;179
240;180
240;181
240;182
240;183
240;184
240;185
240;186
240;187
240;188
240;189
240;190
240;191
240;192
240;193
240;194
240;195
240;196
240;197
240;198
240;199
240;200
240;201
240;202
240;203
240;204
240;205
240;206
240;207
240;208
240;209
240;210
240;211
240;212
240;213
240;214
240;215
240;216
240;217
240;218
240;219
240;220
240;221
240;222
240;223
240;224
240;225
240;226
240;227
240;228
240;229
240;230
240;231
240;232
240;233
240;234
240;235
240;236
240;237
240;238
240;239
240;240
240;241
240;242
240;243
240;244
240;245
240;246
240;247
240;248
240;249
240;250
240;251
240;252
240;253
240;254
240;255
240;256
240;257
240;258
240;259
240;260
240;261
240;262
240;263
240;264
240;265
240;266
240;267
240;268
240;269
240;270
240;271
240;272
240;273
240;274
240;275
240;276
240;277
240;278
240;279
240;280
240;281
240;282
240;283
240;284
240;285
240;301
240;302
240;303
240;304
240;305
240;306
240;307
240;308
240;309
240;310
240;311
240;312
240;313
240;314
240;315
240;316
240;317
240;318
240;319
240;320
240;321
240;322
240;323
240;324
240;325
240;326
240;327
240;328
240;329
240;330
240;331
240;332
240;333
240;334
240;335
240;336
240;337
240;338
240;339
240;340
240;341
240;342
240;343
240;344
240;345
240;346
240;347
240;348
240;349
240;350
240;351
240;352
240;353
240;354
240;355
240;356
240;357
240;358
240;359
240;360
240;361
240;362
240;363
240;364
240;365
240;366
240;367
240;368
240;369
240;370
240;371
240;372
240;373
240;374
240;375
240;376
240;377
240;378
240;379
240;380
240;381
240;382
240;383
240;384
240;385
240;386
240;387
240;388
240;389
240;390
240;391
240;392
240;393
240;394
240;395
240;396
240;397
240;398
240;399
240;400
240;401
240;402
240;403
240;404
240;405
240;406
240;407
240;408
240;409
240;410
240;411
240;412
240;413
240;414
240;415
240;416
240;417
240;418
240;419
240;420
240;421
240;422
240;423
240;424
240;425
240;426
240;427
240;428
240;429
240;430
240;431
240;432
240;433
240;434
240;435
240;436
240;437
240;438
240;439
240;440
240;441
240;442
240;443
240;444
240;445
240;446
240;447
240;448
240;449
240;450
240;451
240;490
240;491
240;492
240;493
240;494
240;495
240;496
240;497
240;498
240;499
240;500
240;501
240;502
240;503
240;504
240;505
240;506
240;507
240;508
240;509
240;510
240;511
240;512
240;513
240;514
240;515
240;516
240;517
240;518
240;519
240;520
240;521
240;522
240;523
240;524
240;525
240;526
240;527
240;528
240;529
240;530
240;531
240;532
240;533
240;534
240;535
240;536
241;88
241;89
241;90
241;91
241;92
241;93
241;94
241;95
241;96
241;97
241;98
241;99
241;100
241;101
241;102
241;103
241;104
241;105
241;106
241;107
241;108
241;109
241;110
241;111
241;112
241;113
241;114
241;115
241;116
241;117
241;118
241;175
241;177
241;178
241;179
241;180
241;181
241;182
241;183
241;184
241;185
241;186
241;187
241;188
241;189
241;190
241;191
241;192
241;193
241;194
241;195
241;196
241;197
241;198
241;199
241;200
241;201
241;202
241;203
241;204
241;205
241;206
241;207
241;208
241;209
241;210
241;211
241;212
241;213
241;214
241;215
241;216
241;217
241;218
241;219
241;220
241;221
241;222
241;223
241;224
241;225
241;226
241;227
241;228
241;229
241;230
241;231
241;232
241;233
241;234
241;235
241;236
241;237
241;238
241;239
241;240
241;241
241;242
241;243
241;244
241;245
241;246
241;247
241;248
241;249
241;250
241;251
241;252
241;253
241;254
241;255
241;256
241;257
241;258
241;259
241;260
241;261
241;262
241;263
241;264
241;265
241;266
241;267
241;268
241;269
241;270
241;271
241;272
241;273
241;274
241;275
241;276
241;277
241;278
241;279
241;280
241;281
241;282
241;283
241;284
241;285
241;301
241;302
241;303
241;304
241;305
241;306
241;307
241;308
241;309
241;310
241;311
241;312
241;313
241;314
241;315
241;316
241;317
241;318
241;319
241;320
241;321
241;322
241;323
241;324
241;325
241;326
241;327
241;328
241;329
241;330
241;331
241;332
241;333
241;334
241;335
241;336
241;337
241;338
241;339
241;340
241;341
241;342
241;343
241;344
241;345
241;346
241;347
241;348
241;349
241;350
241;351
241;352
241;353
241;354
241;355
241;356
241;357
241;358
241;359
241;360
241;361
241;362
241;363
241;364
241;365
241;366
241;367
241;368
241;369
241;370
241;371
241;372
241;373
241;374
241;375
241;376
241;377
241;378
241;379
241;380
241;381
241;382
241;383
241;384
241;385
241;386
241;387
241;388
241;389
241;390
241;391
241;392
241;393
241;394
241;395
241;396
241;397
241;398
241;399
241;400
241;401
241;402
241;403
241;404
241;405
241;406
241;407
241;408
241;409
241;410
241;411
241;412
241;413
241;414
241;415
241;416
241;417
241;418
241;419
241;420
241;421
241;422
241;423
241;424
241;425
241;426
241;427
241;428
241;429
241;430
241;431
241;432
241;433
241;434
241;435
241;436
241;437
241;438
241;439
241;440
241;441
241;442
241;443
241;444
241;445
241;446
241;447
241;448
241;449
241;450
241;451
241;490
241;491
241;492
241;493
241;494
241;495
241;496
241;497
241;498
241;499
241;500
241;501
241;502
241;503
241;504
241;505
241;506
241;507
241;508
241;509
241;510
241;511
241;512
241;513
241;514
241;515
241;516
241;517
241;518
241;519
241;520
241;521
241;522
241;523
241;524
241;525
241;526
241;527
241;528
241;529
241;530
241;531
241;532
241;533
241;534
241;535
241;536
242;90
242;91
242;92
242;93
242;94
242;95
242;96
242;97
242;98
242;99
242;100
242;101
242;102
242;103
242;104
242;105
242;106
242;107
242;108
242;109
242;110
242;111
242;112
242;113
242;114
242;115
242;116
242;117
242;118
242;171
242;173
242;174
242;175
242;176
242;177
242;178
242;179
242;180
242;181
242;182
242;183
242;184
242;185
242;186
242;187
242;188
242;189
242;190
242;191
242;192
242;193
242;194
242;195
242;196
242;197
242;198
242;199
242;200
242;201
242;202
242;203
242;204
242;205
242;206
242;207
242;208
242;209
242;210
242;211
242;212
242;213
242;214
242;215
242;216
242;217
242;218
242;219
242;220
242;221
242;222
242;223
242;224
242;225
242;226
242;227
242;228
242;229
242;230
242;231
242;232
242;233
242;234
242;235
242;236
242;237
242;238
242;239
242;240
242;241
242;242
242;243
242;244
242;245
242;246
242;247
242;248
242;249
242;250
242;251
242;252
242;253
242;254
242;255
242;256
242;257
242;258
242;259
242;260
242;261
242;262
242;263
242;264
242;265
242;266
242;267
242;268
242;269
242;270
242;271
242;272
242;273
242;274
242;275
242;276
242;277
242;278
242;279
242;280
242;281
242;282
242;283
242;284
242;285
242;302
242;303
242;304
242;305
242;306
242;307
242;308
242;309
242;310
242;311
242;312
242;313
242;314
242;315
242;316
242;317
242;318
242;319
242;320
242;321
242;322
242;323
242;324
242;325
242;326
242;327
242;328
242;329
242;330
242;331
242;332
242;333
242;334
242;335
242;336
242;337
242;338
242;339
242;340
242;341
242;342
242;343
242;344
242;345
242;346
242;347
242;348
242;349
242;350
242;351
242;352
242;353
242;354
242;355
242;356
242;357
242;358
242;359
242;360
242;361
242;362
242;363
242;364
242;365
242;366
242;367
242;368
242;369
242;370
242;371
242;372
242;373
242;374
242;375
242;376
242;377
242;378
242;379
242;380
242;381
242;382
242;383
242;384
242;385
242;386
242;387
242;388
242;389
242;390
242;391
242;392
242;393
242;394
242;395
242;396
242;397
242;398
242;399
242;400
242;401
242;402
242;403
242;404
242;405
242;406
242;407
242;408
242;409
242;410
242;411
242;412
242;413
242;414
242;415
242;416
242;417
242;418
242;419
242;420
242;421
242;422
242;423
242;424
242;425
242;426
242;427
242;428
242;429
242;430
242;431
242;432
242;433
242;434
242;435
242;436
242;437
242;438
242;439
242;440
242;441
242;442
242;443
242;444
242;445
242;446
242;447
242;448
242;449
242;450
242;451
242;489
242;490
242;491
242;492
242;493
242;494
242;495
242;496
242;497
242;498
242;499
242;500
242;501
242;502
242;503
242;504
242;505
242;506
242;507
242;508
242;509
242;510
242;511
242;512
242;513
242;514
242;515
242;516
242;517
242;518
242;519
242;520
242;521
242;522
242;523
242;524
242;525
242;526
242;527
242;528
242;529
242;530
242;531
242;532
242;533
242;534
242;535
242;536
243;90
243;91
243;92
243;93
243;94
243;95
243;96
243;97
243;98
243;99
243;100
243;101
243;102
243;103
243;104
243;105
243;106
243;107
243;108
243;109
243;110
243;111
243;112
243;113
243;114
243;115
243;116
243;167
243;169
243;170
243;171
243;172
243;173
243;174
243;175
243;176
243;177
243;178
243;179
243;180
243;181
243;182
243;183
243;184
243;185
243;186
243;187
243;188
243;189
243;190
243;191
243;192
243;193
243;194
243;195
243;196
243;197
243;198
243;199
243;200
243;201
243;202
243;203
243;204
243;205
243;206
243;207
243;208
243;209
243;210
243;211
243;212
243;213
243;214
243;215
243;216
243;217
243;218
243;219
243;220
243;221
243;222
243;223
243;224
243;225
243;226
243;227
243;228
243;229
243;230
243;231
243;232
243;233
243;234
243;235
243;236
243;237
243;238
243;239
243;240
243;241
243;242
243;243
243;244
243;245
243;246
243;247
243;248
243;249
243;250
243;251
243;252
243;253
243;254
243;255
243;256
243;257
243;258
243;259
243;260
243;261
243;262
243;263
243;264
243;265
243;266
243;267
243;268
243;269
243;270
243;271
243;272
243;273
243;274
243;275
243;276
243;277
243;278
243;279
243;280
243;281
243;282
243;283
243;284
243;285
243;302
243;303
243;304
243;305
243;306
243;307
243;308
243;309
243;310
243;311
243;312
243;313
243;314
243;315
243;316
243;317
243;318
243;319
243;320
243;321
243;322
243;323
243;324
243;325
243;326
243;327
243;328
243;329
243;330
243;331
243;332
243;333
243;334
243;335
243;336
243;337
243;338
243;339
243;340
243;341
243;342
243;343
243;344
243;345
243;346
243;347
243;348
243;349
243;350
243;351
243;352
243;353
243;354
243;355
243;356
243;357
243;358
243;359
243;360
243;361
243;362
243;363
243;364
243;365
243;366
243;367
243;368
243;369
243;370
243;371
243;372
243;373
243;374
243;375
243;376
243;377
243;378
243;379
243;380
243;381
243;382
243;383
243;384
243;385
243;386
243;387
243;388
243;389
243;390
243;391
243;392
243;393
243;394
243;395
243;396
243;397
243;398
243;399
243;400
243;401
243;402
243;403
243;404
243;405
243;406
243;407
243;408
243;409
243;410
243;411
243;412
243;413
243;414
243;420
243;422
243;423
243;424
243;425
243;426
243;427
243;428
243;429
243;430
243;431
243;432
243;433
243;434
243;435
243;436
243;437
243;438
243;439
243;440
243;441
243;442
243;443
243;444
243;445
243;446
243;447
243;448
243;449
243;450
243;451
243;489
243;490
243;491
243;492
243;493
243;494
243;495
243;496
243;497
243;498
243;499
243;500
243;501
243;502
243;503
243;504
243;505
243;506
243;507
243;508
243;509
243;510
243;511
243;512
243;513
243;514
243;515
243;516
243;517
243;518
243;519
243;520
243;521
243;522
243;523
243;524
243;525
243;526
243;527
243;528
243;529
243;530
243;532
244;92
244;93
244;94
244;95
244;96
244;97
244;98
244;99
244;100
244;101
244;102
244;103
244;104
244;105
244;106
244;107
244;108
244;109
244;110
244;111
244;112
244;113
244;114
244;115
244;116
244;163
244;165
244;166
244;167
244;168
244;169
244;170
244;171
244;172
244;173
244;174
244;175
244;176
244;177
244;178
244;179
244;180
244;181
244;182
244;183
244;184
244;185
244;186
244;187
244;188
244;189
244;190
244;191
244;192
244;193
244;194
244;195
244;196
244;197
244;198
244;199
244;200
244;201
244;202
244;203
244;204
244;205
244;206
244;207
244;208
244;209
244;210
244;211
244;212
244;213
244;214
244;215
244;216
244;217
244;218
244;219
244;220
244;221
244;222
244;223
244;224
244;225
244;226
244;227
244;228
244;229
244;230
244;231
244;232
244;233
244;234
244;235
244;236
244;237
244;238
244;239
244;240
244;241
244;242
244;243
244;244
244;245
244;246
244;247
244;248
244;249
244;250
244;251
244;252
244;253
244;254
244;255
244;256
244;257
244;258
244;259
244;260
244;261
244;262
244;263
244;264
244;265
244;266
244;267
244;268
244;269
244;270
244;271
244;272
244;273
244;274
244;275
244;276
244;277
244;278
244;279
244;280
244;281
244;282
244;283
244;284
244;285
244;286
244;303
244;304
244;305
244;306
244;307
244;308
244;309
244;310
244;311
244;312
244;313
244;314
244;315
244;316
244;317
244;318
244;319
244;320
244;321
244;322
244;323
244;324
244;325
244;326
244;327
244;328
244;329
244;330
244;331
244;332
244;333
244;334
244;335
244;336
244;337
244;338
244;339
244;340
244;341
244;342
244;343
244;344
244;345
244;346
244;347
244;348
244;349
244;350
244;351
244;352
244;353
244;354
244;355
244;356
244;357
244;358
244;359
244;360
244;361
244;362
244;363
244;364
244;365
244;366
244;367
244;368
244;369
244;370
244;371
244;372
244;373
244;374
244;375
244;376
244;377
244;378
244;379
244;380
244;381
244;382
244;383
244;384
244;385
244;386
244;387
244;388
244;389
244;390
244;391
244;392
244;393
244;394
244;395
244;396
244;397
244;398
244;399
244;400
244;401
244;402
244;403
244;404
244;405
244;406
244;407
244;408
244;409
244;410
244;411
244;412
244;413
244;414
244;426
244;428
244;429
244;430
244;431
244;432
244;433
244;434
244;435
244;436
244;437
244;438
244;439
244;440
244;441
244;442
244;443
244;444
244;445
244;446
244;447
244;448
244;449
244;450
244;489
244;490
244;491
244;492
244;493
244;494
244;495
244;496
244;497
244;498
244;499
244;500
244;501
244;502
244;503
244;504
244;505
244;506
244;507
244;508
244;509
244;510
244;511
244;512
244;513
244;514
244;515
244;516
244;517
244;518
244;519
244;520
244;521
244;522
244;523
244;524
244;526
245;94
245;95
245;96
245;97
245;98
245;99
245;100
245;101
245;102
245;103
245;104
245;105
245;106
245;107
245;108
245;109
245;110
245;111
245;112
245;113
245;114
245;162
245;163
245;164
245;165
245;166
245;167
245;168
245;169
245;170
245;171
245;172
245;173
245;174
245;175
245;176
245;177
245;178
245;179
245;180
245;181
245;182
245;183
245;184
245;185
245;186
245;187
245;188
245;189
245;190
245;191
245;192
245;193
245;194
245;195
245;196
245;197
245;198
245;199
245;200
245;201
245;202
245;203
245;204
245;205
245;206
245;207
245;208
245;209
245;210
245;211
245;212
245;213
245;214
245;215
245;216
245;217
245;218
245;219
245;220
245;221
245;222
245;223
245;224
245;225
245;226
245;227
245;228
245;229
245;230
245;231
245;232
245;233
245;234
245;235
245;236
245;237
245;238
245;239
245;240
245;241
245;242
245;243
245;244
245;245
245;246
245;247
245;248
245;249
245;250
245;251
245;252
245;253
245;254
245;255
245;256
245;257
245;258
245;259
245;260
245;261
245;262
245;263
245;264
245;265
245;266
245;267
245;268
245;269
245;270
245;271
245;272
245;273
245;274
245;275
245;276
245;277
245;278
245;279
245;280
245;281
245;282
245;283
245;284
245;285
245;286
245;303
245;304
245;305
245;306
245;307
245;308
245;309
245;310
245;311
245;312
245;313
245;314
245;315
245;316
245;317
245;318
245;319
245;320
245;321
245;322
245;323
245;324
245;325
245;326
245;327
245;328
245;329
245;330
245;331
245;332
245;333
245;334
245;335
245;336
245;337
245;338
245;339
245;340
245;341
245;342
245;343
245;344
245;345
245;346
245;347
245;348
245;349
245;350
245;351
245;352
245;353
245;354
245;355
245;356
245;357
245;358
245;359
245;360
245;361
245;362
245;363
245;364
245;365
245;366
245;367
245;368
245;369
245;370
245;371
245;372
245;373
245;374
245;375
245;376
245;377
245;378
245;379
245;380
245;381
245;382
245;383
245;384
245;385
245;386
245;387
245;388
245;389
245;390
245;391
245;392
245;393
245;394
245;395
245;396
245;397
245;398
245;399
245;400
245;401
245;402
245;403
245;404
245;405
245;406
245;407
245;408
245;409
245;410
245;411
245;412
245;432
245;434
245;435
245;436
245;437
245;438
245;439
245;440
245;441
245;442
245;443
245;444
245;445
245;446
245;447
245;448
245;449
245;450
245;488
245;489
245;490
245;491
245;492
245;493
245;494
245;495
245;496
245;497
245;498
245;499
245;500
245;501
245;502
245;503
245;504
245;505
245;506
245;507
245;508
245;509
245;510
245;511
245;512
245;513
245;514
245;515
245;516
245;517
245;518
245;520
246;94
246;95
246;96
246;97
246;98
246;99
246;100
246;101
246;102
246;103
246;104
246;105
246;106
246;107
246;108
246;109
246;110
246;111
246;112
246;113
246;114
246;163
246;164
246;165
246;166
246;167
246;168
246;169
246;170
246;171
246;172
246;173
246;174
246;175
246;176
246;177
246;178
246;179
246;180
246;181
246;182
246;183
246;184
246;185
246;186
246;187
246;188
246;189
246;190
246;191
246;192
246;193
246;194
246;195
246;196
246;197
246;198
246;199
246;200
246;201
246;202
246;203
246;204
246;205
246;206
246;207
246;208
246;209
246;210
246;211
246;212
246;213
246;214
246;215
246;216
246;217
246;218
246;219
246;220
246;221
246;222
246;223
246;224
246;225
246;226
246;227
246;228
246;229
246;230
246;231
246;232
246;233
246;234
246;235
246;236
246;237
246;238
246;239
246;240
246;241
246;242
246;243
246;244
246;245
246;246
246;247
246;248
246;249
246;250
246;251
246;252
246;253
246;254
246;255
246;256
246;257
246;258
246;259
246;260
246;261
246;262
246;263
246;264
246;265
246;266
246;267
246;268
246;269
246;270
246;271
246;272
246;273
246;274
246;275
246;276
246;277
246;278
246;279
246;280
246;281
246;282
246;283
246;284
246;285
246;304
246;305
246;306
246;307
246;308
246;309
246;310
246;311
246;312
246;313
246;314
246;315
246;316
246;317
246;318
246;319
246;320
246;321
246;322
246;323
246;324
246;325
246;326
246;327
246;328
246;329
246;330
246;331
246;332
246;333
246;334
246;335
246;336
246;337
246;338
246;339
246;340
246;341
246;342
246;343
246;344
246;345
246;346
246;347
246;348
246;349
246;350
246;351
246;352
246;353
246;354
246;355
246;356
246;357
246;358
246;359
246;360
246;361
246;362
246;363
246;364
246;365
246;366
246;367
246;368
246;369
246;370
246;371
246;372
246;373
246;374
246;375
246;376
246;377
246;378
246;379
246;380
246;381
246;382
246;383
246;384
246;385
246;386
246;387
246;388
246;389
246;390
246;391
246;392
246;393
246;394
246;395
246;396
246;397
246;398
246;399
246;400
246;401
246;402
246;403
246;404
246;405
246;406
246;407
246;408
246;409
246;410
246;411
246;412
246;438
246;440
246;441
246;442
246;443
246;444
246;445
246;446
246;447
246;448
246;449
246;450
246;488
246;489
246;490
246;491
246;492
246;493
246;494
246;495
246;496
246;497
246;498
246;499
246;500
246;501
246;502
246;503
246;504
246;505
246;506
246;507
246;508
246;509
246;510
246;511
246;512
246;514
247;96
247;97
247;98
247;99
247;100
247;101
247;102
247;103
247;104
247;105
247;106
247;107
247;108
247;109
247;110
247;111
247;112
247;163
247;164
247;165
247;166
247;167
247;168
247;169
247;170
247;171
247;172
247;173
247;174
247;175
247;176
247;177
247;178
247;179
247;180
247;181
247;182
247;183
247;184
247;185
247;186
247;187
247;188
247;189
247;190
247;191
247;192
247;193
247;194
247;195
247;196
247;197
247;198
247;199
247;200
247;201
247;202
247;203
247;204
247;205
247;206
247;207
247;208
247;209
247;210
247;211
247;212
247;213
247;214
247;215
247;216
247;217
247;218
247;219
247;220
247;221
247;222
247;223
247;224
247;225
247;226
247;227
247;228
247;229
247;230
247;231
247;232
247;233
247;234
247;235
247;236
247;237
247;238
247;239
247;240
247;241
247;242
247;243
247;244
247;245
247;246
247;247
247;248
247;249
247;250
247;251
247;252
247;253
247;254
247;255
247;256
247;257
247;258
247;259
247;260
247;261
247;262
247;263
247;264
247;265
247;266
247;267
247;268
247;269
247;270
247;271
247;272
247;273
247;274
247;275
247;276
247;277
247;278
247;279
247;280
247;281
247;282
247;283
247;284
247;285
247;304
247;305
247;306
247;307
247;308
247;309
247;310
247;311
247;312
247;313
247;314
247;315
247;316
247;317
247;318
247;319
247;320
247;321
247;322
247;323
247;324
247;325
247;326
247;327
247;328
247;329
247;330
247;331
247;332
247;333
247;334
247;335
247;336
247;337
247;338
247;339
247;340
247;341
247;342
247;343
247;344
247;345
247;346
247;347
247;348
247;349
247;350
247;351
247;352
247;353
247;354
247;355
247;356
247;357
247;358
247;359
247;360
247;361
247;362
247;363
247;364
247;365
247;366
247;367
247;368
247;369
247;370
247;371
247;372
247;373
247;374
247;375
247;376
247;377
247;378
247;379
247;380
247;381
247;382
247;383
247;384
247;385
247;386
247;387
247;388
247;389
247;390
247;391
247;392
247;393
247;394
247;395
247;396
247;397
247;398
247;399
247;400
247;401
247;402
247;403
247;404
247;405
247;406
247;407
247;408
247;409
247;410
247;444
247;446
247;447
247;448
247;449
247;450
247;487
247;488
247;489
247;490
247;491
247;492
247;493
247;494
247;495
247;496
247;497
247;498
247;499
247;500
247;501
247;502
247;503
247;504
247;505
247;506
247;508
248;97
248;98
248;99
248;100
248;101
248;102
248;103
248;104
248;105
248;106
248;107
248;108
248;109
248;110
248;111
248;112
248;164
248;165
248;166
248;167
248;168
248;169
248;170
248;171
248;172
248;173
248;174
248;175
248;176
248;177
248;178
248;179
248;180
248;181
248;182
248;183
248;184
248;185
248;186
248;187
248;188
248;189
248;190
248;191
248;192
248;193
248;194
248;195
248;196
248;197
248;198
248;199
248;200
248;201
248;202
248;203
248;204
248;205
248;206
248;207
248;208
248;209
248;210
248;211
248;212
248;213
248;214
248;215
248;216
248;217
248;218
248;219
248;220
248;221
248;222
248;223
248;224
248;225
248;226
248;227
248;228
248;229
248;230
248;231
248;232
248;233
248;234
248;235
248;236
248;237
248;238
248;239
248;240
248;241
248;242
248;243
248;244
248;245
248;246
248;247
248;248
248;249
248;250
248;251
248;252
248;253
248;254
248;255
248;256
248;257
248;258
248;259
248;260
248;261
248;262
248;263
248;264
248;265
248;266
248;267
248;268
248;269
248;270
248;271
248;272
248;273
248;274
248;275
248;276
248;277
248;278
248;279
248;280
248;281
248;282
248;283
248;284
248;285
248;304
248;305
248;306
248;307
248;308
248;309
248;310
248;311
248;312
248;313
248;314
248;315
248;316
248;317
248;318
248;319
248;320
248;321
248;322
248;323
248;324
248;325
248;326
248;327
248;328
248;329
248;330
248;331
248;332
248;333
248;334
248;335
248;336
248;337
248;338
248;339
248;340
248;341
248;342
248;343
248;344
248;345
248;346
248;347
248;348
248;349
248;350
248;351
248;352
248;353
248;354
248;355
248;356
248;357
248;358
248;359
248;360
248;361
248;362
248;363
248;364
248;365
248;366
248;367
248;368
248;369
248;370
248;371
248;372
248;373
248;374
248;375
248;376
248;377
248;378
248;379
248;380
248;381
248;382
248;383
248;384
248;385
248;386
248;387
248;388
248;389
248;390
248;391
248;392
248;393
248;394
248;395
248;396
248;397
248;398
248;399
248;400
248;401
248;402
248;403
248;404
248;405
248;406
248;407
248;408
248;409
248;410
248;450
248;487
248;488
248;489
248;490
248;491
248;492
248;493
248;494
248;495
248;496
248;497
248;498
248;499
248;500
248;501
248;502
249;98
249;99
249;100
249;101
249;102
249;103
249;104
249;105
249;106
249;107
249;108
249;109
249;110
249;164
249;165
249;166
249;167
249;168
249;169
249;170
249;171
249;172
249;173
249;174
249;175
249;176
249;177
249;178
249;179
249;180
249;181
249;182
249;183
249;184
249;185
249;186
249;187
249;188
249;189
249;190
249;191
249;192
249;193
249;194
249;195
249;196
249;197
249;198
249;199
249;200
249;201
249;202
249;203
249;204
249;205
249;206
249;207
249;208
249;209
249;210
249;211
249;212
249;213
249;214
249;215
249;216
249;217
249;218
249;219
249;220
249;221
249;222
249;223
249;224
249;225
249;226
249;227
249;228
249;229
249;230
249;231
249;232
249;233
249;234
249;235
249;236
249;237
249;238
249;239
249;240
249;241
249;242
249;243
249;244
249;245
249;246
249;247
249;248
249;249
249;250
249;251
249;252
249;253
249;254
249;255
249;256
249;257
249;258
249;259
249;260
249;261
249;262
249;263
249;264
249;265
249;266
249;267
249;268
249;269
249;270
249;271
249;272
249;273
249;274
249;275
249;276
249;277
249;278
249;279
249;280
249;281
249;282
249;283
249;284
249;285
249;305
249;306
249;307
249;308
249;309
249;310
249;311
249;312
249;313
249;314
249;315
249;316
249;317
249;318
249;319
249;320
249;321
249;322
249;323
249;324
249;325
249;326
249;327
249;328
249;329
249;330
249;331
249;332
249;333
249;334
249;335
249;336
249;337
249;338
249;339
249;340
249;341
249;342
249;343
249;344
249;345
249;346
249;347
249;348
249;349
249;350
249;351
249;352
249;353
249;354
249;355
249;356
249;357
249;358
249;359
249;360
249;361
249;362
249;363
249;364
249;365
249;366
249;367
249;368
249;369
249;370
249;371
249;372
249;373
249;374
249;375
249;376
249;377
249;378
249;379
249;380
249;381
249;382
249;383
249;384
249;385
249;386
249;387
249;388
249;389
249;390
249;391
249;392
249;393
249;394
249;395
249;396
249;397
249;398
249;399
249;400
249;401
249;402
249;403
249;404
249;405
249;406
249;407
249;408
249;409
249;487
249;488
249;489
249;490
249;491
249;492
249;493
249;494
249;495
249;496
249;498
250;100
250;101
250;102
250;103
250;104
250;105
250;106
250;107
250;108
250;109
250;164
250;165
250;166
250;167
250;168
250;169
250;170
250;171
250;172
250;173
250;174
250;175
250;176
250;177
250;178
250;179
250;180
250;181
250;182
250;183
250;184
250;185
250;186
250;187
250;188
250;189
250;190
250;191
250;192
250;193
250;194
250;195
250;196
250;197
250;198
250;199
250;200
250;201
250;202
250;203
250;204
250;205
250;206
250;207
250;208
250;209
250;210
250;211
250;212
250;213
250;214
250;215
250;216
250;217
250;218
250;219
250;220
250;221
250;222
250;223
250;224
250;225
250;226
250;227
250;228
250;229
250;230
250;231
250;232
250;233
250;234
250;235
250;236
250;237
250;238
250;239
250;240
250;241
250;242
250;243
250;244
250;245
250;246
250;247
250;248
250;249
250;250
250;251
250;252
250;253
250;254
250;255
250;256
250;257
250;258
250;259
250;260
250;261
250;262
250;263
250;264
250;265
250;266
250;267
250;268
250;269
250;270
250;271
250;272
250;273
250;274
250;275
250;276
250;277
250;278
250;279
250;280
250;281
250;282
250;283
250;284
250;285
250;306
250;307
250;308
250;309
250;310
250;311
250;312
250;313
250;314
250;315
250;316
250;317
250;318
250;319
250;320
250;321
250;322
250;323
250;324
250;325
250;326
250;327
250;328
250;329
250;330
250;331
250;332
250;333
250;334
250;335
250;336
250;337
250;338
250;339
250;340
250;341
250;342
250;343
250;344
250;345
250;346
250;347
250;348
250;349
250;350
250;351
250;352
250;353
250;354
250;355
250;356
250;357
250;358
250;359
250;360
250;361
250;362
250;363
250;364
250;365
250;366
250;367
250;368
250;369
250;370
250;371
250;372
250;373
250;374
250;375
250;376
250;377
250;378
250;379
250;380
250;381
250;382
250;383
250;384
250;385
250;386
250;387
250;388
250;389
250;390
250;391
250;392
250;393
250;394
250;395
250;396
250;397
250;398
250;399
250;400
250;401
250;402
250;403
250;404
250;405
250;406
250;407
250;408
250;486
250;487
250;488
250;489
250;490
250;492
251;101
251;102
251;103
251;104
251;105
251;106
251;107
251;108
251;165
251;166
251;167
251;168
251;169
251;170
251;171
251;172
251;173
251;174
251;175
251;176
251;177
251;178
251;179
251;180
251;181
251;182
251;183
251;184
251;185
251;186
251;187
251;188
251;189
251;190
251;191
251;192
251;193
251;194
251;195
251;196
251;197
251;198
251;199
251;200
251;201
251;202
251;203
251;204
251;205
251;206
251;207
251;208
251;209
251;210
251;211
251;212
251;213
251;214
251;215
251;216
251;217
251;218
251;219
251;220
251;221
251;222
251;223
251;224
251;225
251;226
251;227
251;228
251;229
251;230
251;231
251;232
251;233
251;234
251;235
251;236
251;237
251;238
251;239
251;240
251;241
251;242
251;243
251;244
251;245
251;246
251;247
251;248
251;249
251;250
251;251
251;252
251;253
251;254
251;255
251;256
251;257
251;258
251;259
251;260
251;261
251;262
251;263
251;264
251;265
251;266
251;267
251;268
251;269
251;270
251;271
251;272
251;273
251;274
251;275
251;276
251;277
251;278
251;279
251;280
251;281
251;282
251;283
251;284
251;285
251;306
251;307
251;308
251;309
251;310
251;311
251;312
251;313
251;314
251;315
251;316
251;317
251;318
251;319
251;320
251;321
251;322
251;323
251;324
251;325
251;326
251;327
251;328
251;329
251;330
251;331
251;332
251;333
251;334
251;335
251;336
251;337
251;338
251;339
251;340
251;341
251;342
251;343
251;344
251;345
251;346
251;347
251;348
251;349
251;350
251;351
251;352
251;353
251;354
251;355
251;356
251;357
251;358
251;359
251;360
251;361
251;362
251;363
251;364
251;365
251;366
251;367
251;368
251;369
251;370
251;371
251;372
251;373
251;374
251;375
251;376
251;377
251;378
251;379
251;380
251;381
251;382
251;383
251;384
251;385
251;386
251;387
251;388
251;389
251;390
251;391
251;392
251;393
251;394
251;395
251;396
251;397
251;398
251;399
251;400
251;401
251;402
251;403
251;404
251;405
251;406
251;407
251;486
252;102
252;103
252;104
252;105
252;106
252;107
252;165
252;166
252;167
252;168
252;169
252;170
252;171
252;172
252;173
252;174
252;175
252;176
252;177
252;178
252;179
252;180
252;181
252;182
252;183
252;184
252;185
252;186
252;187
252;188
252;189
252;190
252;191
252;192
252;193
252;194
252;195
252;196
252;197
252;198
252;199
252;200
252;201
252;202
252;203
252;204
252;205
252;206
252;207
252;208
252;209
252;210
252;211
252;212
252;213
252;214
252;215
252;216
252;217
252;218
252;219
252;220
252;221
252;222
252;223
252;224
252;225
252;226
252;227
252;228
252;229
252;230
252;231
252;232
252;233
252;234
252;235
252;236
252;237
252;238
252;239
252;240
252;241
252;242
252;243
252;244
252;245
252;246
252;247
252;248
252;249
252;250
252;251
252;252
252;253
252;254
252;255
252;256
252;257
252;258
252;259
252;260
252;261
252;262
252;263
252;264
252;265
252;266
252;267
252;268
252;269
252;270
252;271
252;272
252;273
252;274
252;275
252;276
252;277
252;278
252;279
252;280
252;281
252;282
252;283
252;284
252;306
252;307
252;308
252;309
252;310
252;311
252;312
252;313
252;314
252;315
252;316
252;317
252;318
252;319
252;320
252;321
252;322
252;323
252;324
252;325
252;326
252;327
252;328
252;329
252;330
252;331
252;332
252;333
252;334
252;335
252;336
252;337
252;338
252;339
252;340
252;341
252;342
252;343
252;344
252;345
252;346
252;347
252;348
252;349
252;350
252;351
252;352
252;353
252;354
252;355
252;356
252;357
252;358
252;359
252;360
252;361
252;362
252;363
252;364
252;365
252;366
252;367
252;368
252;369
252;370
252;371
252;372
252;373
252;374
252;375
252;376
252;377
252;378
252;379
252;380
252;381
252;382
252;383
252;384
252;385
252;386
252;387
252;388
252;389
252;390
252;391
252;392
252;393
252;394
252;395
252;396
252;397
252;398
252;399
252;400
252;401
252;402
252;403
252;404
252;405
252;406
253;104
253;105
253;106
253;165
253;166
253;167
253;168
253;169
253;170
253;171
253;172
253;173
253;174
253;175
253;176
253;177
253;178
253;179
253;180
253;181
253;182
253;183
253;184
253;185
253;186
253;187
253;188
253;189
253;190
253;191
253;192
253;193
253;194
253;195
253;196
253;197
253;198
253;199
253;200
253;201
253;202
253;203
253;204
253;205
253;206
253;207
253;208
253;209
253;210
253;211
253;212
253;213
253;214
253;215
253;216
253;217
253;218
253;219
253;220
253;221
253;222
253;223
253;224
253;225
253;226
253;227
253;228
253;229
253;230
253;231
253;232
253;233
253;234
253;235
253;236
253;237
253;238
253;239
253;240
253;241
253;242
253;243
253;244
253;245
253;246
253;247
253;248
253;249
253;250
253;251
253;252
253;253
253;254
253;255
253;256
253;257
253;258
253;259
253;260
253;261
253;262
253;263
253;264
253;265
253;266
253;267
253;268
253;269
253;270
253;271
253;272
253;273
253;274
253;275
253;276
253;277
253;278
253;279
253;280
253;281
253;282
253;283
253;284
253;307
253;308
253;309
253;310
253;311
253;312
253;313
253;314
253;315
253;316
253;317
253;318
253;319
253;320
253;321
253;322
253;323
253;324
253;325
253;326
253;327
253;328
253;329
253;330
253;331
253;332
253;333
253;334
253;335
253;336
253;337
253;338
253;339
253;340
253;341
253;342
253;343
253;344
253;345
253;346
253;347
253;348
253;349
253;350
253;351
253;352
253;353
253;354
253;355
253;356
253;357
253;358
253;359
253;360
253;361
253;362
253;363
253;364
253;365
253;366
253;367
253;368
253;369
253;370
253;371
253;372
253;373
253;374
253;375
253;376
253;377
253;378
253;379
253;380
253;381
253;382
253;383
253;384
253;385
253;386
253;387
253;388
253;389
253;390
253;391
253;392
253;393
253;394
253;395
253;396
253;397
253;398
253;399
253;400
253;401
253;402
253;403
253;404
253;405
254;104
254;105
254;163
254;164
254;165
254;166
254;167
254;168
254;169
254;170
254;171
254;172
254;173
254;174
254;175
254;176
254;177
254;178
254;179
254;180
254;181
254;182
254;183
254;184
254;185
254;186
254;187
254;188
254;189
254;190
254;191
254;192
254;193
254;194
254;195
254;196
254;197
254;198
254;199
254;200
254;201
254;202
254;203
254;204
254;205
254;206
254;207
254;208
254;209
254;210
254;211
254;212
254;213
254;214
254;215
254;216
254;217
254;218
254;219
254;220
254;221
254;222
254;223
254;224
254;225
254;226
254;227
254;228
254;229
254;230
254;231
254;232
254;233
254;234
254;235
254;236
254;237
254;238
254;239
254;240
254;241
254;242
254;243
254;244
254;245
254;246
254;247
254;248
254;249
254;250
254;251
254;252
254;253
254;254
254;255
254;256
254;257
254;258
254;259
254;260
254;261
254;262
254;263
254;264
254;265
254;266
254;267
254;268
254;269
254;270
254;271
254;272
254;273
254;274
254;275
254;276
254;277
254;278
254;279
254;280
254;281
254;282
254;283
254;284
254;307
254;308
254;309
254;310
254;311
254;312
254;313
254;314
254;315
254;316
254;317
254;318
254;319
254;320
254;321
254;322
254;323
254;324
254;325
254;326
254;327
254;328
254;329
254;330
254;331
254;332
254;333
254;334
254;335
254;336
254;337
254;338
254;339
254;340
254;341
254;342
254;343
254;344
254;345
254;346
254;347
254;348
254;349
254;350
254;351
254;352
254;353
254;354
254;355
254;356
254;357
254;358
254;359
254;360
254;361
254;362
254;363
254;364
254;365
254;366
254;367
254;368
254;369
254;370
254;371
254;372
254;373
254;374
254;375
254;376
254;377
254;378
254;379
254;380
254;381
254;382
254;383
254;384
254;385
254;386
254;387
254;388
254;389
254;390
254;391
254;392
254;393
254;394
254;395
254;396
254;397
254;398
254;399
254;400
254;401
254;402
254;403
254;404
255;163
255;164
255;165
255;166
255;167
255;168
255;169
255;170
255;171
255;172
255;173
255;174
255;175
255;176
255;177
255;178
255;179
255;180
255;181
255;182
255;183
255;184
255;185
255;186
255;187
255;188
255;189
255;190
255;191
255;192
255;193
255;194
255;195
255;196
255;197
255;198
255;199
255;200
255;201
255;202
255;203
255;204
255;205
255;206
255;207
255;208
255;209
255;210
255;211
255;212
255;213
255;214
255;215
255;216
255;217
255;218
255;219
255;220
255;221
255;222
255;223
255;224
255;225
255;226
255;227
255;228
255;229
255;230
255;231
255;232
255;233
255;234
255;235
255;236
255;237
255;238
255;239
255;240
255;241
255;242
255;243
255;244
255;245
255;246
255;247
255;248
255;249
255;250
255;251
255;252
255;253
255;254
255;255
255;256
255;257
255;258
255;259
255;260
255;261
255;262
255;263
255;264
255;265
255;266
255;267
255;268
255;269
255;270
255;271
255;272
255;273
255;274
255;275
255;276
255;277
255;278
255;279
255;280
255;281
255;282
255;283
255;284
255;308
255;309
255;310
255;311
255;312
255;313
255;314
255;315
255;316
255;317
255;318
255;319
255;320
255;321
255;322
255;323
255;324
255;325
255;326
255;327
255;328
255;329
255;330
255;331
255;332
255;333
255;334
255;335
255;336
255;337
255;338
255;339
255;340
255;341
255;342
255;343
255;344
255;345
255;346
255;347
255;348
255;349
255;350
255;351
255;352
255;353
255;354
255;355
255;356
255;357
255;358
255;359
255;360
255;361
255;362
255;363
255;364
255;365
255;366
255;367
255;368
255;369
255;370
255;371
255;372
255;373
255;374
255;375
255;376
255;377
255;378
255;379
255;380
255;381
255;382
255;383
255;384
255;385
255;386
255;387
255;388
255;389
255;390
255;391
255;392
255;393
255;394
255;395
255;396
255;397
255;398
255;399
255;400
255;401
255;402
255;403
256;161
256;162
256;163
256;164
256;165
256;166
256;167
256;168
256;169
256;170
256;171
256;172
256;173
256;174
256;175
256;176
256;177
256;178
256;179
256;180
256;181
256;182
256;183
256;184
256;185
256;186
256;187
256;188
256;189
256;190
256;191
256;192
256;193
256;194
256;195
256;196
256;197
256;198
256;199
256;200
256;201
256;202
256;203
256;204
256;205
256;206
256;207
256;208
256;209
256;210
256;211
256;212
256;213
256;214
256;215
256;216
256;217
256;218
256;219
256;220
256;221
256;222
256;223
256;224
256;225
256;226
256;227
256;228
256;229
256;230
256;231
256;232
256;233
256;234
256;235
256;236
256;237
256;238
256;239
256;240
256;241
256;242
256;243
256;244
256;245
256;246
256;247
256;248
256;249
256;250
256;251
256;252
256;253
256;254
256;255
256;256
256;257
256;258
256;259
256;260
256;261
256;262
256;263
256;264
256;265
256;266
256;267
256;268
256;269
256;270
256;271
256;272
256;273
256;274
256;275
256;276
256;277
256;278
256;279
256;280
256;281
256;282
256;283
256;308
256;309
256;310
256;311
256;312
256;313
256;314
256;315
256;316
256;317
256;318
256;319
256;320
256;321
256;322
256;323
256;324
256;325
256;326
256;327
256;328
256;329
256;330
256;331
256;332
256;333
256;334
256;335
256;336
256;337
256;338
256;339
256;340
256;341
256;342
256;343
256;344
256;345
256;346
256;347
256;348
256;349
256;350
256;351
256;352
256;353
256;354
256;355
256;356
256;357
256;358
256;359
256;360
256;361
256;362
256;363
256;364
256;365
256;366
256;367
256;368
256;369
256;370
256;371
256;372
256;373
256;374
256;375
256;376
256;377
256;378
256;379
256;380
256;381
256;382
256;383
256;384
256;385
256;386
256;387
256;388
256;389
256;390
256;391
256;392
256;393
256;394
256;395
256;396
256;397
256;398
256;399
256;400
256;401
256;402
257;160
257;161
257;162
257;163
257;164
257;165
257;166
257;167
257;168
257;169
257;170
257;171
257;172
257;173
257;174
257;175
257;176
257;177
257;178
257;179
257;180
257;181
257;182
257;183
257;184
257;185
257;186
257;187
257;188
257;189
257;190
257;191
257;192
257;193
257;194
257;195
257;196
257;197
257;198
257;199
257;200
257;201
257;202
257;203
257;204
257;205
257;206
257;207
257;208
257;209
257;210
257;211
257;212
257;213
257;214
257;215
257;216
257;217
257;218
257;219
257;220
257;221
257;222
257;223
257;224
257;225
257;226
257;227
257;228
257;229
257;230
257;231
257;232
257;233
257;234
257;235
257;236
257;237
257;238
257;239
257;240
257;241
257;242
257;243
257;244
257;245
257;246
257;247
257;248
257;249
257;250
257;251
257;252
257;253
257;254
257;255
257;256
257;257
257;258
257;259
257;260
257;261
257;262
257;263
257;264
257;265
257;266
257;267
257;268
257;269
257;270
257;271
257;272
257;273
257;274
257;275
257;276
257;277
257;278
257;279
257;280
257;281
257;282
257;283
257;309
257;310
257;311
257;312
257;313
257;314
257;315
257;316
257;317
257;318
257;319
257;320
257;321
257;322
257;323
257;324
257;325
257;326
257;327
257;328
257;329
257;330
257;331
257;332
257;333
257;334
257;335
257;336
257;337
257;338
257;339
257;340
257;341
257;342
257;343
257;344
257;345
257;346
257;347
257;348
257;349
257;350
257;351
257;352
257;353
257;354
257;355
257;356
257;357
257;358
257;359
257;360
257;361
257;362
257;363
257;364
257;365
257;366
257;367
257;368
257;369
257;370
257;371
257;372
257;373
257;374
257;375
257;376
257;377
257;378
257;379
257;380
257;381
257;382
257;383
257;384
257;385
257;386
257;387
257;388
257;389
257;390
257;391
257;392
257;393
257;394
257;395
257;396
257;397
257;398
257;399
257;400
257;401
257;402
258;159
258;160
258;161
258;162
258;163
258;164
258;165
258;166
258;167
258;168
258;169
258;170
258;171
258;172
258;173
258;174
258;175
258;176
258;177
258;178
258;179
258;180
258;181
258;182
258;183
258;184
258;185
258;186
258;187
258;188
258;189
258;190
258;191
258;192
258;193
258;194
258;195
258;196
258;197
258;198
258;199
258;200
258;201
258;202
258;203
258;204
258;205
258;206
258;207
258;208
258;209
258;210
258;211
258;212
258;213
258;214
258;215
258;216
258;217
258;218
258;219
258;220
258;221
258;222
258;223
258;224
258;225
258;226
258;227
258;228
258;229
258;230
258;231
258;232
258;233
258;234
258;235
258;236
258;237
258;238
258;239
258;240
258;241
258;242
258;243
258;244
258;245
258;246
258;247
258;248
258;249
258;250
258;251
258;252
258;253
258;254
258;255
258;256
258;257
258;258
258;259
258;260
258;261
258;262
258;263
258;264
258;265
258;266
258;267
258;268
258;269
258;270
258;271
258;272
258;273
258;274
258;275
258;276
258;277
258;278
258;279
258;280
258;281
258;282
258;309
258;310
258;311
258;312
258;313
258;314
258;315
258;316
258;317
258;318
258;319
258;320
258;321
258;322
258;323
258;324
258;325
258;326
258;327
258;328
258;329
258;330
258;331
258;332
258;333
258;334
258;335
258;336
258;337
258;338
258;339
258;340
258;341
258;342
258;343
258;344
258;345
258;346
258;347
258;348
258;349
258;350
258;351
258;352
258;353
258;354
258;355
258;356
258;357
258;358
258;359
258;360
258;361
258;362
258;363
258;364
258;365
258;366
258;367
258;368
258;369
258;370
258;371
258;372
258;373
258;374
258;375
258;376
258;377
258;378
258;379
258;380
258;381
258;382
258;383
258;384
258;385
258;386
258;387
258;388
258;389
258;390
258;391
258;392
258;393
258;394
258;395
258;396
258;397
258;398
258;399
258;400
259;157
259;158
259;159
259;160
259;161
259;162
259;163
259;164
259;165
259;166
259;167
259;168
259;169
259;170
259;171
259;172
259;173
259;174
259;175
259;176
259;177
259;178
259;179
259;180
259;181
259;182
259;183
259;184
259;185
259;186
259;187
259;188
259;189
259;190
259;191
259;192
259;193
259;194
259;195
259;196
259;197
259;198
259;199
259;200
259;201
259;202
259;203
259;204
259;205
259;206
259;207
259;208
259;209
259;210
259;211
259;212
259;213
259;214
259;215
259;216
259;217
259;218
259;219
259;220
259;221
259;222
259;223
259;224
259;225
259;226
259;227
259;228
259;229
259;230
259;231
259;232
259;233
259;234
259;235
259;236
259;237
259;238
259;239
259;240
259;241
259;242
259;243
259;244
259;245
259;246
259;247
259;248
259;249
259;250
259;251
259;252
259;253
259;254
259;255
259;256
259;257
259;258
259;259
259;260
259;261
259;262
259;263
259;264
259;265
259;266
259;267
259;268
259;269
259;270
259;271
259;272
259;273
259;274
259;275
259;276
259;277
259;278
259;279
259;280
259;281
259;282
259;310
259;311
259;312
259;313
259;314
259;315
259;316
259;317
259;318
259;319
259;320
259;321
259;322
259;323
259;324
259;325
259;326
259;327
259;328
259;329
259;330
259;331
259;332
259;333
259;334
259;335
259;336
259;337
259;338
259;339
259;340
259;341
259;342
259;343
259;344
259;345
259;346
259;347
259;348
259;349
259;350
259;351
259;352
259;353
259;354
259;355
259;356
259;357
259;358
259;359
259;360
259;361
259;362
259;363
259;364
259;365
259;366
259;367
259;368
259;369
259;370
259;371
259;372
259;373
259;374
259;375
259;376
259;377
259;378
259;379
259;380
259;381
259;382
259;383
259;384
259;385
259;386
259;387
259;388
259;389
259;390
259;391
259;392
259;393
259;394
259;395
259;396
259;397
259;398
259;399
259;400
260;157
260;158
260;159
260;160
260;161
260;162
260;163
260;164
260;165
260;166
260;167
260;168
260;169
260;170
260;171
260;172
260;173
260;174
260;175
260;176
260;177
260;178
260;179
260;180
260;181
260;182
260;183
260;184
260;185
260;186
260;187
260;188
260;189
260;190
260;191
260;192
260;193
260;194
260;195
260;196
260;197
260;198
260;199
260;200
260;201
260;202
260;203
260;204
260;205
260;206
260;207
260;208
260;209
260;210
260;211
260;212
260;213
260;214
260;215
260;216
260;217
260;218
260;219
260;220
260;221
260;222
260;223
260;224
260;225
260;226
260;227
260;228
260;229
260;230
260;231
260;232
260;233
260;234
260;235
260;236
260;237
260;238
260;239
260;240
260;241
260;242
260;243
260;244
260;245
260;246
260;247
260;248
260;249
260;250
260;251
260;252
260;253
260;254
260;255
260;256
260;257
260;258
260;259
260;260
260;261
260;262
260;263
260;264
260;265
260;266
260;267
260;268
260;269
260;270
260;271
260;272
260;273
260;274
260;275
260;276
260;277
260;278
260;279
260;280
260;281
260;310
260;311
260;312
260;313
260;314
260;315
260;316
260;317
260;318
260;319
260;320
260;321
260;322
260;323
260;324
260;325
260;326
260;327
260;328
260;329
260;330
260;331
260;332
260;333
260;334
260;335
260;336
260;337
260;338
260;339
260;340
260;341
260;342
260;343
260;344
260;345
260;346
260;347
260;348
260;349
260;350
260;351
260;352
260;353
260;354
260;355
260;356
260;357
260;358
260;359
260;360
260;361
260;362
260;363
260;364
260;365
260;366
260;367
260;368
260;369
260;370
260;371
260;372
260;373
260;374
260;375
260;376
260;377
260;378
260;379
260;380
260;381
260;382
260;383
260;384
260;385
260;386
260;387
260;388
260;389
260;390
260;391
260;392
260;393
260;394
260;395
260;396
260;397
260;398
261;155
261;156
261;157
261;158
261;159
261;160
261;161
261;162
261;163
261;164
261;165
261;166
261;167
261;168
261;169
261;170
261;171
261;172
261;173
261;174
261;175
261;176
261;177
261;178
261;179
261;180
261;181
261;182
261;183
261;184
261;185
261;186
261;187
261;188
261;189
261;190
261;191
261;192
261;193
261;194
261;195
261;196
261;197
261;198
261;199
261;200
261;201
261;202
261;203
261;204
261;205
261;206
261;207
261;208
261;209
261;210
261;211
261;212
261;213
261;214
261;215
261;216
261;217
261;218
261;219
261;220
261;221
261;222
261;223
261;224
261;225
261;226
261;227
261;228
261;229
261;230
261;231
261;232
261;233
261;234
261;235
261;236
261;237
261;238
261;239
261;240
261;241
261;242
261;243
261;244
261;245
261;246
261;247
261;248
261;249
261;250
261;251
261;252
261;253
261;254
261;255
261;256
261;257
261;258
261;259
261;260
261;261
261;262
261;263
261;264
261;265
261;266
261;267
261;268
261;269
261;270
261;271
261;272
261;273
261;274
261;275
261;276
261;277
261;278
261;279
261;280
261;310
261;311
261;312
261;313
261;314
261;315
261;316
261;317
261;318
261;319
261;320
261;321
261;322
261;323
261;324
261;325
261;326
261;327
261;328
261;329
261;330
261;331
261;332
261;333
261;334
261;335
261;336
261;337
261;338
261;339
261;340
261;341
261;342
261;343
261;344
261;345
261;346
261;347
261;348
261;349
261;350
261;351
261;352
261;353
261;354
261;355
261;356
261;357
261;358
261;359
261;360
261;361
261;362
261;363
261;364
261;365
261;366
261;367
261;368
261;369
261;370
261;371
261;372
261;373
261;374
261;375
261;376
261;377
261;378
261;379
261;380
261;381
261;382
261;383
261;384
261;385
261;386
261;387
261;388
261;389
261;390
261;391
261;392
261;393
261;394
261;395
261;396
261;397
261;398
262;155
262;156
262;157
262;158
262;159
262;160
262;161
262;162
262;163
262;164
262;165
262;166
262;167
262;168
262;169
262;170
262;171
262;172
262;173
262;174
262;175
262;176
262;177
262;178
262;179
262;180
262;181
262;182
262;183
262;184
262;185
262;186
262;187
262;188
262;189
262;190
262;191
262;192
262;193
262;194
262;195
262;196
262;197
262;198
262;199
262;200
262;201
262;202
262;203
262;204
262;205
262;206
262;207
262;208
262;209
262;210
262;211
262;212
262;213
262;214
262;215
262;216
262;217
262;218
262;219
262;220
262;221
262;222
262;223
262;224
262;225
262;226
262;227
262;228
262;229
262;230
262;231
262;232
262;233
262;234
262;235
262;236
262;237
262;238
262;239
262;240
262;241
262;242
262;243
262;244
262;245
262;246
262;247
262;248
262;249
262;250
262;251
262;252
262;253
262;254
262;255
262;256
262;257
262;258
262;259
262;260
262;261
262;262
262;263
262;264
262;265
262;266
262;267
262;268
262;269
262;270
262;271
262;272
262;273
262;274
262;275
262;276
262;277
262;278
262;279
262;280
262;311
262;312
262;313
262;314
262;315
262;316
262;317
262;318
262;319
262;320
262;321
262;322
262;323
262;324
262;325
262;326
262;327
262;328
262;329
262;330
262;331
262;332
262;333
262;334
262;335
262;336
262;337
262;338
262;339
262;340
262;341
262;342
262;343
262;344
262;345
262;346
262;347
262;348
262;349
262;350
262;351
262;352
262;353
262;354
262;355
262;356
262;357
262;358
262;359
262;360
262;361
262;362
262;363
262;364
262;365
262;366
262;367
262;368
262;369
262;370
262;371
262;372
262;373
262;374
262;375
262;376
262;377
262;378
262;379
262;380
262;381
262;382
262;383
262;384
262;385
262;386
262;387
262;388
262;389
262;390
262;391
262;392
262;393
262;394
262;395
262;396
262;397
263;153
263;154
263;155
263;156
263;157
263;158
263;159
263;160
263;161
263;162
263;163
263;164
263;165
263;166
263;167
263;168
263;169
263;170
263;171
263;172
263;173
263;174
263;175
263;176
263;177
263;178
263;179
263;180
263;181
263;182
263;183
263;184
263;185
263;186
263;187
263;188
263;189
263;190
263;191
263;192
263;193
263;194
263;195
263;196
263;197
263;198
263;199
263;200
263;201
263;202
263;203
263;204
263;205
263;206
263;207
263;208
263;209
263;210
263;211
263;212
263;213
263;214
263;215
263;216
263;217
263;218
263;219
263;220
263;221
263;222
263;223
263;224
263;225
263;226
263;227
263;228
263;229
263;230
263;231
263;232
263;233
263;234
263;235
263;236
263;237
263;238
263;239
263;240
263;241
263;242
263;243
263;244
263;245
263;246
263;247
263;248
263;249
263;250
263;251
263;252
263;253
263;254
263;255
263;256
263;257
263;258
263;259
263;260
263;261
263;262
263;263
263;264
263;265
263;266
263;267
263;268
263;269
263;270
263;271
263;272
263;273
263;274
263;275
263;276
263;277
263;278
263;279
263;312
263;313
263;314
263;315
263;316
263;317
263;318
263;319
263;320
263;321
263;322
263;323
263;324
263;325
263;326
263;327
263;328
263;329
263;330
263;331
263;332
263;333
263;334
263;335
263;336
263;337
263;338
263;339
263;340
263;341
263;342
263;343
263;344
263;345
263;346
263;347
263;348
263;349
263;350
263;351
263;352
263;353
263;354
263;355
263;356
263;357
263;358
263;359
263;360
263;361
263;362
263;363
263;364
263;365
263;366
263;367
263;368
263;369
263;370
263;371
263;372
263;373
263;374
263;375
263;376
263;377
263;378
263;379
263;380
263;381
263;382
263;383
263;384
263;385
263;386
263;387
263;388
263;389
263;390
263;391
263;392
263;393
263;394
263;395
263;396
264;152
264;153
264;154
264;155
264;156
264;157
264;158
264;159
264;160
264;161
264;162
264;163
264;164
264;165
264;166
264;167
264;168
264;169
264;170
264;171
264;172
264;173
264;174
264;175
264;176
264;177
264;178
264;179
264;180
264;181
264;182
264;183
264;184
264;185
264;186
264;187
264;188
264;189
264;190
264;191
264;192
264;193
264;194
264;195
264;196
264;197
264;198
264;199
264;200
264;201
264;202
264;203
264;204
264;205
264;206
264;207
264;208
264;209
264;210
264;211
264;212
264;213
264;214
264;215
264;216
264;217
264;218
264;219
264;220
264;221
264;222
264;223
264;224
264;225
264;226
264;227
264;228
264;229
264;230
264;231
264;232
264;233
264;234
264;235
264;236
264;237
264;238
264;239
264;240
264;241
264;242
264;243
264;244
264;245
264;246
264;247
264;248
264;249
264;250
264;251
264;252
264;253
264;254
264;255
264;256
264;257
264;258
264;259
264;260
264;261
264;262
264;263
264;264
264;265
264;266
264;267
264;268
264;269
264;270
264;271
264;272
264;273
264;274
264;275
264;276
264;277
264;278
264;312
264;313
264;314
264;315
264;316
264;317
264;318
264;319
264;320
264;321
264;322
264;323
264;324
264;325
264;326
264;327
264;328
264;329
264;330
264;331
264;332
264;333
264;334
264;335
264;336
264;337
264;338
264;339
264;340
264;341
264;342
264;343
264;344
264;345
264;346
264;347
264;348
264;349
264;350
264;351
264;352
264;353
264;354
264;355
264;356
264;357
264;358
264;359
264;360
264;361
264;362
264;363
264;364
264;365
264;366
264;367
264;368
264;369
264;370
264;371
264;372
264;373
264;374
264;375
264;376
264;377
264;378
264;379
264;380
264;381
264;382
264;383
264;384
264;385
264;386
264;387
264;388
264;389
264;390
264;391
264;392
264;393
264;394
264;395
265;151
265;152
265;153
265;154
265;155
265;156
265;157
265;158
265;159
265;160
265;161
265;162
265;163
265;164
265;165
265;166
265;167
265;168
265;169
265;170
265;171
265;172
265;173
265;174
265;175
265;176
265;177
265;178
265;179
265;180
265;181
265;182
265;183
265;184
265;185
265;186
265;187
265;188
265;189
265;190
265;191
265;192
265;193
265;194
265;195
265;196
265;197
265;198
265;199
265;200
265;201
265;202
265;203
265;204
265;205
265;206
265;207
265;208
265;209
265;210
265;211
265;212
265;213
265;214
265;215
265;216
265;217
265;218
265;219
265;220
265;221
265;222
265;223
265;224
265;225
265;226
265;227
265;228
265;229
265;230
265;231
265;232
265;233
265;234
265;235
265;236
265;237
265;238
265;239
265;240
265;241
265;242
265;243
265;244
265;245
265;246
265;247
265;248
265;249
265;250
265;251
265;252
265;253
265;254
265;255
265;256
265;257
265;258
265;259
265;260
265;261
265;262
265;263
265;264
265;265
265;266
265;267
265;268
265;269
265;270
265;271
265;272
265;273
265;274
265;275
265;276
265;277
265;278
265;312
265;313
265;314
265;315
265;316
265;317
265;318
265;319
265;320
265;321
265;322
265;323
265;324
265;325
265;326
265;327
265;328
265;329
265;330
265;331
265;332
265;333
265;334
265;335
265;336
265;337
265;338
265;339
265;340
265;341
265;342
265;343
265;344
265;345
265;346
265;347
265;348
265;349
265;350
265;351
265;352
265;353
265;354
265;355
265;356
265;357
265;358
265;359
265;360
265;361
265;362
265;363
265;364
265;365
265;366
265;367
265;368
265;369
265;370
265;371
265;372
265;373
265;374
265;375
265;376
265;377
265;378
265;379
265;380
265;381
265;382
265;383
265;384
265;385
265;386
265;387
265;388
265;389
265;390
265;391
265;392
265;393
265;394
266;150
266;151
266;152
266;153
266;154
266;155
266;156
266;157
266;158
266;159
266;160
266;161
266;162
266;163
266;164
266;165
266;166
266;167
266;168
266;169
266;170
266;171
266;172
266;173
266;174
266;175
266;176
266;177
266;178
266;179
266;180
266;181
266;182
266;183
266;184
266;185
266;186
266;187
266;188
266;189
266;190
266;191
266;192
266;193
266;194
266;195
266;196
266;197
266;198
266;199
266;200
266;201
266;202
266;203
266;204
266;205
266;206
266;207
266;208
266;209
266;210
266;211
266;212
266;213
266;214
266;215
266;216
266;217
266;218
266;219
266;220
266;221
266;222
266;223
266;224
266;225
266;226
266;227
266;228
266;229
266;230
266;231
266;232
266;233
266;234
266;235
266;236
266;237
266;238
266;239
266;240
266;241
266;242
266;243
266;244
266;245
266;246
266;247
266;248
266;249
266;250
266;251
266;252
266;253
266;254
266;255
266;256
266;257
266;258
266;259
266;260
266;261
266;262
266;263
266;264
266;265
266;266
266;267
266;268
266;269
266;270
266;271
266;272
266;273
266;274
266;275
266;276
266;313
266;314
266;315
266;316
266;317
266;318
266;319
266;320
266;321
266;322
266;323
266;324
266;325
266;326
266;327
266;328
266;329
266;330
266;331
266;332
266;333
266;334
266;335
266;336
266;337
266;338
266;339
266;340
266;341
266;342
266;343
266;344
266;345
266;346
266;347
266;348
266;349
266;350
266;351
266;352
266;353
266;354
266;355
266;356
266;357
266;358
266;359
266;360
266;361
266;362
266;363
266;364
266;365
266;366
266;367
266;368
266;369
266;370
266;371
266;372
266;373
266;374
266;375
266;376
266;377
266;378
266;379
266;380
266;381
266;382
266;383
266;384
266;385
266;386
266;387
266;388
266;389
266;390
266;391
266;392
266;393
267;151
267;152
267;153
267;154
267;155
267;156
267;157
267;158
267;159
267;160
267;161
267;162
267;163
267;164
267;165
267;166
267;167
267;168
267;169
267;170
267;171
267;172
267;173
267;174
267;175
267;176
267;177
267;178
267;179
267;180
267;181
267;182
267;183
267;184
267;185
267;186
267;187
267;188
267;189
267;190
267;191
267;192
267;193
267;194
267;195
267;196
267;197
267;198
267;199
267;200
267;201
267;202
267;203
267;204
267;205
267;206
267;207
267;208
267;209
267;210
267;211
267;212
267;213
267;214
267;215
267;216
267;217
267;218
267;219
267;220
267;221
267;222
267;223
267;224
267;225
267;226
267;227
267;228
267;229
267;230
267;231
267;232
267;233
267;234
267;235
267;236
267;237
267;238
267;239
267;240
267;241
267;242
267;243
267;244
267;245
267;246
267;247
267;248
267;249
267;250
267;251
267;252
267;253
267;254
267;255
267;256
267;257
267;258
267;259
267;260
267;261
267;262
267;263
267;264
267;265
267;266
267;267
267;268
267;269
267;270
267;271
267;272
267;273
267;274
267;275
267;276
267;313
267;314
267;315
267;316
267;317
267;318
267;319
267;320
267;321
267;322
267;323
267;324
267;325
267;326
267;327
267;328
267;329
267;330
267;331
267;332
267;333
267;334
267;335
267;336
267;337
267;338
267;339
267;340
267;341
267;342
267;343
267;344
267;345
267;346
267;347
267;348
267;349
267;350
267;351
267;352
267;353
267;354
267;355
267;356
267;357
267;358
267;359
267;360
267;361
267;362
267;363
267;364
267;365
267;366
267;367
267;368
267;369
267;370
267;371
267;372
267;373
267;374
267;375
267;376
267;377
267;378
267;379
267;380
267;381
267;382
267;383
267;384
267;385
267;386
267;387
267;388
267;389
267;390
267;391
267;392
268;152
268;153
268;154
268;155
268;156
268;157
268;158
268;159
268;160
268;161
268;162
268;163
268;164
268;165
268;166
268;167
268;168
268;169
268;170
268;171
268;172
268;173
268;174
268;175
268;176
268;177
268;178
268;179
268;180
268;181
268;182
268;183
268;184
268;185
268;186
268;187
268;188
268;189
268;190
268;191
268;192
268;193
268;194
268;195
268;196
268;197
268;198
268;199
268;200
268;201
268;202
268;203
268;204
268;205
268;206
268;207
268;208
268;209
268;210
268;211
268;212
268;213
268;214
268;215
268;216
268;217
268;218
268;219
268;220
268;221
268;222
268;223
268;224
268;225
268;226
268;227
268;228
268;229
268;230
268;231
268;232
268;233
268;234
268;235
268;236
268;237
268;238
268;239
268;240
268;241
268;242
268;243
268;244
268;245
268;246
268;247
268;248
268;249
268;250
268;251
268;252
268;253
268;254
268;255
268;256
268;257
268;258
268;259
268;260
268;261
268;262
268;263
268;264
268;265
268;266
268;267
268;268
268;269
268;270
268;271
268;272
268;273
268;274
268;314
268;315
268;316
268;317
268;318
268;319
268;320
268;321
268;322
268;323
268;324
268;325
268;326
268;327
268;328
268;329
268;330
268;331
268;332
268;333
268;334
268;335
268;336
268;337
268;338
268;339
268;340
268;341
268;342
268;343
268;344
268;345
268;346
268;347
268;348
268;349
268;350
268;351
268;352
268;353
268;354
268;355
268;356
268;357
268;358
268;359
268;360
268;361
268;362
268;363
268;364
268;365
268;366
268;367
268;368
268;369
268;370
268;371
268;372
268;373
268;374
268;375
268;376
268;377
268;378
268;379
268;380
268;381
268;382
268;383
268;384
268;385
268;386
268;387
268;388
268;389
268;390
268;391
268;392
269;154
269;155
269;156
269;157
269;158
269;159
269;160
269;161
269;162
269;163
269;164
269;165
269;166
269;167
269;168
269;169
269;170
269;171
269;172
269;173
269;174
269;175
269;176
269;177
269;178
269;179
269;180
269;181
269;182
269;183
269;184
269;185
269;186
269;187
269;188
269;189
269;190
269;191
269;192
269;193
269;194
269;195
269;196
269;197
269;198
269;199
269;200
269;201
269;202
269;203
269;204
269;205
269;206
269;207
269;208
269;209
269;210
269;211
269;212
269;213
269;214
269;215
269;216
269;217
269;218
269;219
269;220
269;221
269;222
269;223
269;224
269;225
269;226
269;227
269;228
269;229
269;230
269;231
269;232
269;233
269;234
269;235
269;236
269;237
269;238
269;239
269;240
269;241
269;242
269;243
269;244
269;245
269;246
269;247
269;248
269;249
269;250
269;251
269;252
269;253
269;254
269;255
269;256
269;257
269;258
269;259
269;260
269;261
269;262
269;263
269;264
269;265
269;266
269;267
269;268
269;269
269;270
269;271
269;272
269;273
269;314
269;315
269;316
269;317
269;318
269;319
269;320
269;321
269;322
269;323
269;324
269;325
269;326
269;327
269;328
269;329
269;330
269;331
269;332
269;333
269;334
269;335
269;336
269;337
269;338
269;339
269;340
269;341
269;342
269;343
269;344
269;345
269;346
269;347
269;348
269;349
269;350
269;351
269;352
269;353
269;354
269;355
269;356
269;357
269;358
269;359
269;360
269;361
269;362
269;363
269;364
269;365
269;366
269;367
269;368
269;369
269;370
269;371
269;372
269;373
269;374
269;375
269;376
269;377
269;378
269;379
269;380
269;381
269;382
269;383
269;384
269;385
269;386
269;387
269;388
269;389
269;390
270;154
270;155
270;156
270;157
270;158
270;159
270;160
270;161
270;162
270;163
270;164
270;165
270;166
270;167
270;168
270;169
270;170
270;171
270;172
270;173
270;174
270;175
270;176
270;177
270;178
270;179
270;180
270;181
270;182
270;183
270;184
270;185
270;186
270;187
270;188
270;189
270;190
270;191
270;192
270;193
270;194
270;195
270;196
270;197
270;198
270;199
270;200
270;201
270;202
270;203
270;204
270;205
270;206
270;207
270;208
270;209
270;210
270;211
270;212
270;213
270;214
270;215
270;216
270;217
270;218
270;219
270;220
270;221
270;222
270;223
270;224
270;225
270;226
270;227
270;228
270;229
270;230
270;231
270;232
270;233
270;234
270;235
270;236
270;237
270;238
270;239
270;240
270;241
270;242
270;243
270;244
270;245
270;246
270;247
270;248
270;249
270;250
270;251
270;252
270;253
270;254
270;255
270;256
270;257
270;258
270;259
270;260
270;261
270;262
270;263
270;264
270;265
270;266
270;267
270;268
270;269
270;270
270;271
270;272
270;315
270;316
270;317
270;318
270;319
270;320
270;321
270;322
270;323
270;324
270;325
270;326
270;327
270;328
270;329
270;330
270;331
270;332
270;333
270;334
270;335
270;336
270;337
270;338
270;339
270;340
270;341
270;342
270;343
270;344
270;345
270;346
270;347
270;348
270;349
270;350
270;351
270;352
270;353
270;354
270;355
270;356
270;357
270;358
270;359
270;360
270;361
270;362
270;363
270;364
270;365
270;366
270;367
270;368
270;369
270;370
270;371
270;372
270;373
270;374
270;375
270;376
270;377
270;378
270;379
270;380
270;381
270;382
270;383
270;384
270;385
270;386
270;387
270;388
270;389
270;390
271;156
271;157
271;158
271;159
271;160
271;161
271;162
271;163
271;164
271;165
271;166
271;167
271;168
271;169
271;170
271;171
271;172
271;173
271;174
271;175
271;176
271;177
271;178
271;179
271;180
271;181
271;182
271;183
271;184
271;185
271;186
271;187
271;188
271;189
271;190
271;191
271;192
271;193
271;194
271;195
271;196
271;197
271;198
271;199
271;200
271;201
271;202
271;203
271;204
271;205
271;206
271;207
271;208
271;209
271;210
271;211
271;212
271;213
271;214
271;215
271;216
271;217
271;218
271;219
271;220
271;221
271;222
271;223
271;224
271;225
271;226
271;227
271;228
271;229
271;230
271;231
271;232
271;233
271;234
271;235
271;236
271;237
271;238
271;239
271;240
271;241
271;242
271;243
271;244
271;245
271;246
271;247
271;248
271;249
271;250
271;251
271;252
271;253
271;254
271;255
271;256
271;257
271;258
271;259
271;260
271;261
271;262
271;263
271;264
271;265
271;266
271;267
271;268
271;269
271;270
271;315
271;316
271;317
271;318
271;319
271;320
271;321
271;322
271;323
271;324
271;325
271;326
271;327
271;328
271;329
271;330
271;331
271;332
271;333
271;334
271;335
271;336
271;337
271;338
271;339
271;340
271;341
271;342
271;343
271;344
271;345
271;346
271;347
271;348
271;349
271;350
271;351
271;352
271;353
271;354
271;355
271;356
271;357
271;358
271;359
271;360
271;361
271;362
271;363
271;364
271;365
271;366
271;367
271;368
271;369
271;370
271;371
271;372
271;373
271;374
271;375
271;376
271;377
271;378
271;379
271;380
271;381
271;382
271;383
271;384
271;385
271;386
271;387
271;388
272;157
272;158
272;159
272;160
272;161
272;162
272;163
272;164
272;165
272;166
272;167
272;168
272;169
272;170
272;171
272;172
272;173
272;174
272;175
272;176
272;177
272;178
272;179
272;180
272;181
272;182
272;183
272;184
272;185
272;186
272;187
272;188
272;189
272;190
272;191
272;192
272;193
272;194
272;195
272;196
272;197
272;198
272;199
272;200
272;201
272;202
272;203
272;204
272;205
272;206
272;207
272;208
272;209
272;210
272;211
272;212
272;213
272;214
272;215
272;216
272;217
272;218
272;219
272;220
272;221
272;222
272;223
272;224
272;225
272;226
272;227
272;228
272;229
272;230
272;231
272;232
272;233
272;234
272;235
272;236
272;237
272;238
272;239
272;240
272;241
272;242
272;243
272;244
272;245
272;246
272;247
272;248
272;249
272;250
272;251
272;252
272;253
272;254
272;255
272;256
272;257
272;258
272;259
272;260
272;261
272;262
272;263
272;264
272;265
272;266
272;267
272;268
272;316
272;317
272;318
272;319
272;320
272;321
272;322
272;323
272;324
272;325
272;326
272;327
272;328
272;329
272;330
272;331
272;332
272;333
272;334
272;335
272;336
272;337
272;338
272;339
272;340
272;341
272;342
272;343
272;344
272;345
272;346
272;347
272;348
272;349
272;350
272;351
272;352
272;353
272;354
272;355
272;356
272;357
272;358
272;359
272;360
272;361
272;362
272;363
272;364
272;365
272;366
272;367
272;368
272;369
272;370
272;371
272;372
272;373
272;374
272;375
272;376
272;377
272;378
272;379
272;380
272;381
272;382
272;383
272;384
272;385
272;386
272;387
272;388
273;43
273;45
273;158
273;159
273;160
273;161
273;162
273;163
273;164
273;165
273;166
273;167
273;168
273;169
273;170
273;171
273;172
273;173
273;174
273;175
273;176
273;177
273;178
273;179
273;180
273;181
273;182
273;183
273;184
273;185
273;186
273;187
273;188
273;189
273;190
273;191
273;192
273;193
273;194
273;195
273;196
273;197
273;198
273;199
273;200
273;201
273;202
273;203
273;204
273;205
273;206
273;207
273;208
273;209
273;210
273;211
273;212
273;213
273;214
273;215
273;216
273;217
273;218
273;219
273;220
273;221
273;222
273;223
273;224
273;225
273;226
273;227
273;228
273;229
273;230
273;231
273;232
273;233
273;234
273;235
273;236
273;237
273;238
273;239
273;240
273;241
273;242
273;243
273;244
273;245
273;246
273;247
273;248
273;249
273;250
273;251
273;252
273;253
273;254
273;255
273;256
273;257
273;258
273;259
273;260
273;261
273;262
273;263
273;264
273;265
273;266
273;316
273;317
273;318
273;319
273;320
273;321
273;322
273;323
273;324
273;325
273;326
273;327
273;328
273;329
273;330
273;331
273;332
273;333
273;334
273;335
273;336
273;337
273;338
273;339
273;340
273;341
273;342
273;343
273;344
273;345
273;346
273;347
273;348
273;349
273;350
273;351
273;352
273;353
273;354
273;355
273;356
273;357
273;358
273;359
273;360
273;361
273;362
273;363
273;364
273;365
273;366
273;367
273;368
273;369
273;370
273;371
273;372
273;373
273;374
273;375
273;376
273;377
273;378
273;379
273;380
273;381
273;382
273;383
273;384
273;385
273;386
273;387
274;37
274;38
274;39
274;40
274;41
274;42
274;43
274;44
274;45
274;46
274;47
274;48
274;49
274;50
274;51
274;159
274;160
274;161
274;162
274;163
274;164
274;165
274;166
274;167
274;168
274;169
274;170
274;171
274;172
274;173
274;174
274;175
274;176
274;177
274;178
274;179
274;180
274;181
274;182
274;183
274;184
274;185
274;186
274;187
274;188
274;189
274;190
274;191
274;192
274;193
274;194
274;195
274;196
274;197
274;198
274;199
274;200
274;201
274;202
274;203
274;204
274;205
274;206
274;207
274;208
274;209
274;210
274;211
274;212
274;213
274;214
274;215
274;216
274;217
274;218
274;219
274;220
274;221
274;222
274;223
274;224
274;225
274;226
274;227
274;228
274;229
274;230
274;231
274;232
274;233
274;234
274;235
274;236
274;237
274;238
274;239
274;240
274;241
274;242
274;243
274;244
274;245
274;246
274;247
274;248
274;249
274;250
274;251
274;252
274;253
274;254
274;255
274;256
274;257
274;258
274;259
274;260
274;261
274;262
274;263
274;264
274;316
274;317
274;318
274;319
274;320
274;321
274;322
274;323
274;324
274;325
274;326
274;327
274;328
274;329
274;330
274;331
274;332
274;333
274;334
274;335
274;336
274;337
274;338
274;339
274;340
274;341
274;342
274;343
274;344
274;345
274;346
274;347
274;348
274;349
274;350
274;351
274;352
274;353
274;354
274;355
274;356
274;357
274;358
274;359
274;360
274;361
274;362
274;363
274;364
274;365
274;366
274;367
274;368
274;369
274;370
274;371
274;372
274;373
274;374
274;375
274;376
274;377
274;378
274;379
274;380
274;381
274;382
274;383
274;384
274;385
274;386
275;33
275;34
275;35
275;36
275;37
275;38
275;39
275;40
275;41
275;42
275;43
275;44
275;45
275;46
275;47
275;48
275;49
275;50
275;51
275;52
275;53
275;54
275;55
275;160
275;161
275;162
275;163
275;164
275;165
275;166
275;167
275;168
275;169
275;170
275;171
275;172
275;173
275;174
275;175
275;176
275;177
275;178
275;179
275;180
275;181
275;182
275;183
275;184
275;185
275;186
275;187
275;188
275;189
275;190
275;191
275;192
275;193
275;194
275;195
275;196
275;197
275;198
275;199
275;200
275;201
275;202
275;203
275;204
275;205
275;206
275;207
275;208
275;209
275;210
275;211
275;212
275;213
275;214
275;215
275;216
275;217
275;218
275;219
275;220
275;221
275;222
275;223
275;224
275;225
275;226
275;227
275;228
275;229
275;230
275;231
275;232
275;233
275;234
275;235
275;236
275;237
275;238
275;239
275;240
275;241
275;242
275;243
275;244
275;245
275;246
275;247
275;248
275;249
275;250
275;251
275;252
275;253
275;254
275;255
275;256
275;257
275;258
275;259
275;260
275;261
275;262
275;317
275;318
275;319
275;320
275;321
275;322
275;323
275;324
275;325
275;326
275;327
275;328
275;329
275;330
275;331
275;332
275;333
275;334
275;335
275;336
275;337
275;338
275;339
275;340
275;341
275;342
275;343
275;344
275;345
275;346
275;347
275;348
275;349
275;350
275;351
275;352
275;353
275;354
275;355
275;356
275;357
275;358
275;359
275;360
275;361
275;362
275;363
275;364
275;365
275;366
275;367
275;368
275;369
275;370
275;371
275;372
275;373
275;374
275;375
275;376
275;377
275;378
275;379
275;380
275;381
275;382
275;383
275;384
275;385
276;31
276;32
276;33
276;34
276;35
276;36
276;37
276;38
276;39
276;40
276;41
276;42
276;43
276;44
276;45
276;46
276;47
276;48
276;49
276;50
276;51
276;52
276;53
276;54
276;55
276;56
276;57
276;162
276;163
276;164
276;165
276;166
276;167
276;168
276;169
276;170
276;171
276;172
276;173
276;174
276;175
276;176
276;177
276;178
276;179
276;180
276;181
276;182
276;183
276;184
276;185
276;186
276;187
276;188
276;189
276;190
276;191
276;192
276;193
276;194
276;195
276;196
276;197
276;198
276;199
276;200
276;201
276;202
276;203
276;204
276;205
276;206
276;207
276;208
276;209
276;210
276;211
276;212
276;213
276;214
276;215
276;216
276;217
276;218
276;219
276;220
276;221
276;222
276;223
276;224
276;225
276;226
276;227
276;228
276;229
276;230
276;231
276;232
276;233
276;234
276;235
276;236
276;237
276;238
276;239
276;240
276;241
276;242
276;243
276;244
276;245
276;246
276;247
276;248
276;249
276;250
276;251
276;252
276;253
276;254
276;255
276;256
276;257
276;258
276;259
276;260
276;318
276;319
276;320
276;321
276;322
276;323
276;324
276;325
276;326
276;327
276;328
276;329
276;330
276;331
276;332
276;333
276;334
276;335
276;336
276;337
276;338
276;339
276;340
276;341
276;342
276;343
276;344
276;345
276;346
276;347
276;348
276;349
276;350
276;351
276;352
276;353
276;354
276;355
276;356
276;357
276;358
276;359
276;360
276;361
276;362
276;363
276;364
276;365
276;366
276;367
276;368
276;369
276;370
276;371
276;372
276;373
276;374
276;375
276;376
276;377
276;378
276;379
276;380
276;381
276;382
276;383
276;384
277;29
277;30
277;31
277;32
277;33
277;34
277;35
277;36
277;37
277;38
277;39
277;40
277;41
277;42
277;43
277;44
277;45
277;46
277;47
277;48
277;49
277;50
277;51
277;52
277;53
277;54
277;55
277;56
277;57
277;58
277;59
277;162
277;163
277;164
277;165
277;166
277;167
277;168
277;169
277;170
277;171
277;172
277;173
277;174
277;175
277;176
277;177
277;178
277;179
277;180
277;181
277;182
277;183
277;184
277;185
277;186
277;187
277;188
277;189
277;190
277;191
277;192
277;193
277;194
277;195
277;196
277;197
277;198
277;199
277;200
277;201
277;202
277;203
277;204
277;205
277;206
277;207
277;208
277;209
277;210
277;211
277;212
277;213
277;214
277;215
277;216
277;217
277;218
277;219
277;220
277;221
277;222
277;223
277;224
277;225
277;226
277;227
277;228
277;229
277;230
277;231
277;232
277;233
277;234
277;235
277;236
277;237
277;238
277;239
277;240
277;241
277;242
277;243
277;244
277;245
277;246
277;247
277;248
277;249
277;250
277;251
277;252
277;253
277;254
277;256
277;318
277;319
277;320
277;321
277;322
277;323
277;324
277;325
277;326
277;327
277;328
277;329
277;330
277;331
277;332
277;333
277;334
277;335
277;336
277;337
277;338
277;339
277;340
277;341
277;342
277;343
277;344
277;345
277;346
277;347
277;348
277;349
277;350
277;351
277;352
277;353
277;354
277;355
277;356
277;357
277;358
277;359
277;360
277;361
277;362
277;363
277;364
277;365
277;366
277;367
277;368
277;369
277;370
277;371
277;372
277;373
277;374
277;375
277;376
277;377
277;378
277;379
277;380
277;381
277;382
277;383
278;27
278;28
278;29
278;30
278;31
278;32
278;33
278;34
278;35
278;36
278;37
278;38
278;39
278;40
278;41
278;42
278;43
278;44
278;45
278;46
278;47
278;48
278;49
278;50
278;51
278;52
278;53
278;54
278;55
278;56
278;57
278;58
278;59
278;60
278;61
278;164
278;165
278;166
278;167
278;168
278;169
278;170
278;171
278;172
278;173
278;174
278;175
278;176
278;177
278;178
278;179
278;180
278;181
278;182
278;183
278;184
278;185
278;186
278;187
278;188
278;189
278;190
278;191
278;192
278;193
278;194
278;195
278;196
278;197
278;198
278;199
278;200
278;201
278;202
278;203
278;204
278;205
278;206
278;207
278;208
278;209
278;210
278;211
278;212
278;213
278;214
278;215
278;216
278;217
278;218
278;219
278;220
278;221
278;222
278;223
278;224
278;225
278;226
278;227
278;228
278;229
278;230
278;231
278;232
278;233
278;234
278;235
278;236
278;237
278;238
278;239
278;240
278;241
278;242
278;243
278;244
278;245
278;246
278;247
278;248
278;249
278;250
278;251
278;252
278;318
278;319
278;320
278;321
278;322
278;323
278;324
278;325
278;326
278;327
278;328
278;329
278;330
278;331
278;332
278;333
278;334
278;335
278;336
278;337
278;338
278;339
278;340
278;341
278;342
278;343
278;344
278;345
278;346
278;347
278;348
278;349
278;350
278;351
278;352
278;353
278;354
278;355
278;356
278;357
278;358
278;359
278;360
278;361
278;362
278;363
278;364
278;365
278;366
278;367
278;368
278;369
278;370
278;371
278;372
278;373
278;374
278;375
278;376
278;377
278;378
278;379
278;380
278;381
278;382
279;25
279;26
279;27
279;28
279;29
279;30
279;31
279;32
279;33
279;34
279;35
279;36
279;37
279;38
279;39
279;40
279;41
279;42
279;43
279;44
279;45
279;46
279;47
279;48
279;49
279;50
279;51
279;52
279;53
279;54
279;55
279;56
279;57
279;58
279;59
279;60
279;61
279;62
279;63
279;165
279;166
279;167
279;168
279;169
279;170
279;171
279;172
279;173
279;174
279;175
279;176
279;177
279;178
279;179
279;180
279;181
279;182
279;183
279;184
279;185
279;186
279;187
279;188
279;189
279;190
279;191
279;192
279;193
279;194
279;195
279;196
279;197
279;198
279;199
279;200
279;201
279;202
279;203
279;204
279;205
279;206
279;207
279;208
279;209
279;210
279;211
279;212
279;213
279;214
279;215
279;216
279;217
279;218
279;219
279;220
279;221
279;222
279;223
279;224
279;225
279;226
279;227
279;228
279;229
279;230
279;231
279;232
279;233
279;234
279;235
279;236
279;237
279;238
279;239
279;240
279;241
279;242
279;243
279;244
279;245
279;246
279;247
279;248
279;249
279;250
279;251
279;252
279;319
279;320
279;321
279;322
279;323
279;324
279;325
279;326
279;327
279;328
279;329
279;330
279;331
279;332
279;333
279;334
279;335
279;336
279;337
279;338
279;339
279;340
279;341
279;342
279;343
279;344
279;345
279;346
279;347
279;348
279;349
279;350
279;351
279;352
279;353
279;354
279;355
279;356
279;357
279;358
279;359
279;360
279;361
279;362
279;363
279;364
279;365
279;366
279;367
279;368
279;369
279;370
279;371
279;372
279;373
279;374
279;375
279;376
279;377
279;378
279;379
279;380
279;381
279;382
280;23
280;24
280;25
280;26
280;27
280;28
280;29
280;30
280;31
280;32
280;33
280;34
280;35
280;36
280;37
280;38
280;39
280;40
280;41
280;42
280;43
280;44
280;45
280;46
280;47
280;48
280;49
280;50
280;51
280;52
280;53
280;54
280;55
280;56
280;57
280;58
280;59
280;60
280;61
280;62
280;63
280;64
280;65
280;166
280;167
280;168
280;169
280;170
280;171
280;172
280;173
280;174
280;175
280;176
280;177
280;178
280;179
280;180
280;181
280;182
280;183
280;184
280;185
280;186
280;187
280;188
280;189
280;190
280;191
280;192
280;193
280;194
280;195
280;196
280;197
280;198
280;199
280;200
280;201
280;202
280;203
280;204
280;205
280;206
280;207
280;208
280;209
280;210
280;211
280;212
280;213
280;214
280;215
280;216
280;217
280;218
280;219
280;220
280;221
280;222
280;223
280;224
280;225
280;226
280;227
280;228
280;229
280;230
280;231
280;232
280;233
280;234
280;235
280;236
280;237
280;238
280;239
280;240
280;241
280;242
280;243
280;244
280;245
280;246
280;247
280;248
280;249
280;250
280;319
280;320
280;321
280;322
280;323
280;324
280;325
280;326
280;327
280;328
280;329
280;330
280;331
280;332
280;333
280;334
280;335
280;336
280;337
280;338
280;339
280;340
280;341
280;342
280;343
280;344
280;345
280;346
280;347
280;348
280;349
280;350
280;351
280;352
280;353
280;354
280;355
280;356
280;357
280;358
280;359
280;360
280;361
280;362
280;363
280;364
280;365
280;366
280;367
280;368
280;369
280;370
280;371
280;372
280;373
280;374
280;375
280;376
280;377
280;378
280;379
280;380
281;22
281;23
281;24
281;25
281;26
281;27
281;28
281;29
281;30
281;31
281;32
281;33
281;34
281;35
281;36
281;37
281;38
281;39
281;40
281;41
281;42
281;43
281;44
281;45
281;46
281;47
281;48
281;49
281;50
281;51
281;52
281;53
281;54
281;55
281;56
281;57
281;58
281;59
281;60
281;61
281;62
281;63
281;64
281;65
281;168
281;169
281;170
281;171
281;172
281;173
281;174
281;175
281;176
281;177
281;178
281;179
281;180
281;181
281;182
281;183
281;184
281;185
281;186
281;187
281;188
281;189
281;190
281;191
281;192
281;193
281;194
281;195
281;196
281;197
281;198
281;199
281;200
281;201
281;202
281;203
281;204
281;205
281;206
281;207
281;208
281;209
281;210
281;211
281;212
281;213
281;214
281;215
281;216
281;217
281;218
281;219
281;220
281;221
281;222
281;223
281;224
281;225
281;226
281;227
281;228
281;229
281;230
281;231
281;232
281;233
281;234
281;235
281;236
281;237
281;238
281;239
281;240
281;241
281;242
281;243
281;244
281;245
281;246
281;247
281;248
281;249
281;320
281;321
281;322
281;323
281;324
281;325
281;326
281;327
281;328
281;329
281;330
281;331
281;332
281;333
281;334
281;335
281;336
281;337
281;338
281;339
281;340
281;341
281;342
281;343
281;344
281;345
281;346
281;347
281;348
281;349
281;350
281;351
281;352
281;353
281;354
281;355
281;356
281;357
281;358
281;359
281;360
281;361
281;362
281;363
281;364
281;365
281;366
281;367
281;368
281;369
281;370
281;371
281;372
281;373
281;374
281;375
281;376
281;377
281;378
281;379
281;380
282;21
282;22
282;23
282;24
282;25
282;26
282;27
282;28
282;29
282;30
282;31
282;32
282;33
282;34
282;35
282;36
282;37
282;38
282;39
282;40
282;41
282;42
282;43
282;44
282;45
282;46
282;47
282;48
282;49
282;50
282;51
282;52
282;53
282;54
282;55
282;56
282;57
282;58
282;59
282;60
282;61
282;62
282;63
282;64
282;65
282;66
282;67
282;168
282;169
282;170
282;171
282;172
282;173
282;174
282;175
282;176
282;177
282;178
282;179
282;180
282;181
282;182
282;183
282;184
282;185
282;186
282;187
282;188
282;189
282;190
282;191
282;192
282;193
282;194
282;195
282;196
282;197
282;198
282;199
282;200
282;201
282;202
282;203
282;204
282;205
282;206
282;207
282;208
282;209
282;210
282;211
282;212
282;213
282;214
282;215
282;216
282;217
282;218
282;219
282;220
282;221
282;222
282;223
282;224
282;225
282;226
282;227
282;228
282;229
282;230
282;231
282;232
282;233
282;234
282;235
282;236
282;237
282;238
282;239
282;240
282;241
282;242
282;243
282;244
282;245
282;246
282;247
282;248
282;320
282;321
282;322
282;323
282;324
282;325
282;326
282;327
282;328
282;329
282;330
282;331
282;332
282;333
282;334
282;335
282;336
282;337
282;338
282;339
282;340
282;341
282;342
282;343
282;344
282;345
282;346
282;347
282;348
282;349
282;350
282;351
282;352
282;353
282;354
282;355
282;356
282;357
282;358
282;359
282;360
282;361
282;362
282;363
282;364
282;365
282;366
282;367
282;368
282;369
282;370
282;371
282;372
282;373
282;374
282;375
282;376
282;377
282;378
283;20
283;21
283;22
283;23
283;24
283;25
283;26
283;27
283;28
283;29
283;30
283;31
283;32
283;33
283;34
283;35
283;36
283;37
283;38
283;39
283;40
283;41
283;42
283;43
283;44
283;45
283;46
283;47
283;48
283;49
283;50
283;51
283;52
283;53
283;54
283;55
283;56
283;57
283;58
283;59
283;60
283;61
283;62
283;63
283;64
283;65
283;66
283;67
283;68
283;170
283;171
283;172
283;173
283;174
283;175
283;176
283;177
283;178
283;179
283;180
283;181
283;182
283;183
283;184
283;185
283;186
283;187
283;188
283;189
283;190
283;191
283;192
283;193
283;194
283;195
283;196
283;197
283;198
283;199
283;200
283;201
283;202
283;203
283;204
283;205
283;206
283;207
283;208
283;209
283;210
283;211
283;212
283;213
283;214
283;215
283;216
283;217
283;218
283;219
283;220
283;221
283;222
283;223
283;224
283;225
283;226
283;227
283;228
283;229
283;230
283;231
283;232
283;233
283;234
283;235
283;236
283;237
283;238
283;239
283;240
283;241
283;242
283;243
283;244
283;245
283;246
283;320
283;321
283;322
283;323
283;324
283;325
283;326
283;327
283;328
283;329
283;330
283;331
283;332
283;333
283;334
283;335
283;336
283;337
283;338
283;339
283;340
283;341
283;342
283;343
283;344
283;345
283;346
283;347
283;348
283;349
283;350
283;351
283;352
283;353
283;354
283;355
283;356
283;357
283;358
283;359
283;360
283;361
283;362
283;363
283;364
283;365
283;366
283;367
283;368
283;369
283;370
283;371
283;372
283;373
283;374
283;375
283;376
283;377
283;378
283;405
283;406
283;407
283;408
283;409
283;411
283;413
283;415
283;417
283;419
283;421
283;423
283;425
283;427
283;429
283;431
283;433
283;435
283;437
283;439
283;441
283;443
283;445
283;447
283;449
283;451
283;453
283;455
283;457
283;459
283;461
283;463
283;465
283;467
283;469
283;471
283;473
283;475
283;477
283;479
283;481
283;483
283;485
283;487
283;535
283;536
284;19
284;20
284;21
284;22
284;23
284;24
284;25
284;26
284;27
284;28
284;29
284;30
284;31
284;32
284;33
284;34
284;35
284;36
284;37
284;38
284;39
284;40
284;41
284;42
284;43
284;44
284;45
284;46
284;47
284;48
284;49
284;50
284;51
284;52
284;53
284;54
284;55
284;56
284;57
284;58
284;59
284;60
284;61
284;62
284;63
284;64
284;65
284;66
284;67
284;68
284;69
284;170
284;171
284;172
284;173
284;174
284;175
284;176
284;177
284;178
284;179
284;180
284;181
284;182
284;183
284;184
284;185
284;186
284;187
284;188
284;189
284;190
284;191
284;192
284;193
284;194
284;195
284;196
284;197
284;198
284;199
284;200
284;201
284;202
284;203
284;204
284;205
284;206
284;207
284;208
284;209
284;210
284;211
284;212
284;213
284;214
284;215
284;216
284;217
284;218
284;219
284;220
284;221
284;222
284;223
284;224
284;225
284;226
284;227
284;228
284;229
284;230
284;231
284;232
284;233
284;234
284;235
284;236
284;237
284;238
284;239
284;240
284;241
284;242
284;243
284;244
284;245
284;246
284;321
284;322
284;323
284;324
284;325
284;326
284;327
284;328
284;329
284;330
284;331
284;332
284;333
284;334
284;335
284;336
284;337
284;338
284;339
284;340
284;341
284;342
284;343
284;344
284;345
284;346
284;347
284;348
284;349
284;350
284;351
284;352
284;353
284;354
284;355
284;356
284;357
284;358
284;359
284;360
284;361
284;362
284;363
284;364
284;365
284;366
284;367
284;368
284;369
284;370
284;371
284;372
284;373
284;374
284;375
284;376
284;377
284;405
284;406
284;407
284;408
284;409
284;410
284;411
284;412
284;413
284;414
284;415
284;416
284;417
284;418
284;419
284;420
284;421
284;422
284;423
284;424
284;425
284;426
284;427
284;428
284;429
284;430
284;431
284;432
284;433
284;434
284;435
284;436
284;437
284;438
284;439
284;440
284;441
284;442
284;443
284;444
284;445
284;446
284;447
284;448
284;449
284;450
284;451
284;452
284;453
284;454
284;455
284;456
284;457
284;458
284;459
284;460
284;461
284;462
284;463
284;464
284;465
284;466
284;467
284;468
284;469
284;470
284;471
284;472
284;473
284;474
284;475
284;476
284;477
284;478
284;479
284;480
284;481
284;482
284;483
284;484
284;485
284;486
284;487
284;531
284;533
284;534
284;535
284;536
285;18
285;19
285;20
285;21
285;22
285;23
285;24
285;25
285;26
285;27
285;28
285;29
285;30
285;31
285;32
285;33
285;34
285;35
285;36
285;37
285;38
285;39
285;40
285;41
285;42
285;43
285;44
285;45
285;46
285;47
285;48
285;49
285;50
285;51
285;52
285;53
285;54
285;55
285;56
285;57
285;58
285;59
285;60
285;61
285;62
285;63
285;64
285;65
285;66
285;67
285;68
285;69
285;172
285;173
285;174
285;175
285;176
285;177
285;178
285;179
285;180
285;181
285;182
285;183
285;184
285;185
285;186
285;187
285;188
285;189
285;190
285;191
285;192
285;193
285;194
285;195
285;196
285;197
285;198
285;199
285;200
285;201
285;202
285;203
285;204
285;205
285;206
285;207
285;208
285;209
285;210
285;211
285;212
285;213
285;214
285;215
285;216
285;217
285;218
285;219
285;220
285;221
285;222
285;223
285;224
285;225
285;226
285;227
285;228
285;229
285;230
285;231
285;232
285;233
285;234
285;235
285;236
285;237
285;238
285;239
285;240
285;241
285;242
285;243
285;244
285;322
285;323
285;324
285;325
285;326
285;327
285;328
285;329
285;330
285;331
285;332
285;333
285;334
285;335
285;336
285;337
285;338
285;339
285;340
285;341
285;342
285;343
285;344
285;345
285;346
285;347
285;348
285;349
285;350
285;351
285;352
285;353
285;354
285;355
285;356
285;357
285;358
285;359
285;360
285;361
285;362
285;363
285;364
285;365
285;366
285;367
285;368
285;369
285;370
285;371
285;372
285;373
285;374
285;375
285;376
285;405
285;406
285;407
285;408
285;409
285;410
285;411
285;412
285;413
285;414
285;415
285;416
285;417
285;418
285;419
285;420
285;421
285;422
285;423
285;424
285;425
285;426
285;427
285;428
285;429
285;430
285;431
285;432
285;433
285;434
285;435
285;436
285;437
285;438
285;439
285;440
285;441
285;442
285;443
285;444
285;445
285;446
285;447
285;448
285;449
285;450
285;451
285;452
285;453
285;454
285;455
285;456
285;457
285;458
285;459
285;460
285;461
285;462
285;463
285;464
285;465
285;466
285;467
285;468
285;469
285;470
285;471
285;472
285;473
285;474
285;475
285;476
285;477
285;478
285;479
285;480
285;481
285;482
285;483
285;484
285;485
285;486
285;487
285;529
285;530
285;531
285;532
285;533
285;534
285;535
285;536
286;17
286;18
286;19
286;20
286;21
286;22
286;23
286;24
286;25
286;26
286;27
286;28
286;29
286;30
286;31
286;32
286;33
286;34
286;35
286;36
286;37
286;38
286;39
286;40
286;41
286;42
286;43
286;44
286;45
286;46
286;47
286;48
286;49
286;50
286;51
286;52
286;53
286;54
286;55
286;56
286;57
286;58
286;59
286;60
286;61
286;62
286;63
286;64
286;65
286;66
286;67
286;68
286;69
286;70
286;71
286;173
286;174
286;175
286;176
286;177
286;178
286;179
286;180
286;181
286;182
286;183
286;184
286;185
286;186
286;187
286;188
286;189
286;190
286;191
286;192
286;193
286;194
286;195
286;196
286;197
286;198
286;199
286;200
286;201
286;202
286;203
286;204
286;205
286;206
286;207
286;208
286;209
286;210
286;211
286;212
286;213
286;214
286;215
286;216
286;217
286;218
286;219
286;220
286;221
286;222
286;223
286;224
286;225
286;226
286;227
286;228
286;229
286;230
286;231
286;232
286;233
286;234
286;235
286;236
286;237
286;238
286;239
286;240
286;241
286;242
286;243
286;322
286;323
286;324
286;325
286;326
286;327
286;328
286;329
286;330
286;331
286;332
286;333
286;334
286;335
286;336
286;337
286;338
286;339
286;340
286;341
286;342
286;343
286;344
286;345
286;346
286;347
286;348
286;349
286;350
286;351
286;352
286;353
286;354
286;355
286;356
286;357
286;358
286;359
286;360
286;361
286;362
286;363
286;364
286;365
286;366
286;367
286;368
286;369
286;370
286;371
286;372
286;373
286;374
286;375
286;405
286;406
286;407
286;408
286;409
286;410
286;411
286;412
286;413
286;414
286;415
286;416
286;417
286;418
286;419
286;420
286;421
286;422
286;423
286;424
286;425
286;426
286;427
286;428
286;429
286;430
286;431
286;432
286;433
286;434
286;435
286;436
286;437
286;438
286;439
286;440
286;441
286;442
286;443
286;444
286;445
286;446
286;447
286;448
286;449
286;450
286;451
286;452
286;453
286;454
286;455
286;456
286;457
286;458
286;459
286;460
286;461
286;462
286;463
286;464
286;465
286;466
286;467
286;468
286;469
286;470
286;471
286;472
286;473
286;474
286;475
286;476
286;477
286;478
286;479
286;480
286;481
286;482
286;483
286;484
286;485
286;486
286;487
286;525
286;526
286;527
286;528
286;529
286;530
286;531
286;532
286;533
286;534
286;535
286;536
287;17
287;18
287;19
287;20
287;21
287;22
287;23
287;24
287;25
287;26
287;27
287;28
287;29
287;30
287;31
287;32
287;33
287;34
287;35
287;36
287;37
287;38
287;39
287;40
287;41
287;42
287;43
287;44
287;45
287;46
287;47
287;48
287;49
287;50
287;51
287;52
287;53
287;54
287;55
287;56
287;57
287;58
287;59
287;60
287;61
287;62
287;63
287;64
287;65
287;66
287;67
287;68
287;69
287;70
287;71
287;174
287;175
287;176
287;177
287;178
287;179
287;180
287;181
287;182
287;183
287;184
287;185
287;186
287;187
287;188
287;189
287;190
287;191
287;192
287;193
287;194
287;195
287;196
287;197
287;198
287;199
287;200
287;201
287;202
287;203
287;204
287;205
287;206
287;207
287;208
287;209
287;210
287;211
287;212
287;213
287;214
287;215
287;216
287;217
287;218
287;219
287;220
287;221
287;222
287;223
287;224
287;225
287;226
287;227
287;228
287;229
287;230
287;231
287;232
287;233
287;234
287;235
287;236
287;237
287;238
287;239
287;240
287;241
287;242
287;322
287;323
287;324
287;325
287;326
287;327
287;328
287;329
287;330
287;331
287;332
287;333
287;334
287;335
287;336
287;337
287;338
287;339
287;340
287;341
287;342
287;343
287;344
287;345
287;346
287;347
287;348
287;349
287;350
287;351
287;352
287;353
287;354
287;355
287;356
287;357
287;358
287;359
287;360
287;361
287;362
287;363
287;364
287;365
287;366
287;367
287;368
287;369
287;370
287;371
287;372
287;373
287;374
287;405
287;406
287;407
287;408
287;409
287;410
287;411
287;412
287;413
287;414
287;415
287;416
287;417
287;418
287;419
287;420
287;421
287;422
287;423
287;424
287;425
287;426
287;427
287;428
287;429
287;430
287;431
287;432
287;433
287;434
287;435
287;436
287;437
287;438
287;439
287;440
287;441
287;442
287;443
287;444
287;445
287;446
287;447
287;448
287;449
287;450
287;451
287;452
287;453
287;454
287;455
287;456
287;457
287;458
287;459
287;460
287;461
287;462
287;463
287;464
287;465
287;466
287;467
287;468
287;469
287;470
287;471
287;472
287;473
287;474
287;475
287;476
287;477
287;478
287;479
287;480
287;481
287;482
287;483
287;484
287;485
287;486
287;487
287;521
287;523
287;524
287;525
287;526
287;527
287;528
287;529
287;530
287;531
287;532
287;533
287;534
287;535
287;536
288;16
288;17
288;18
288;19
288;20
288;21
288;22
288;23
288;24
288;25
288;26
288;27
288;28
288;29
288;30
288;31
288;32
288;33
288;34
288;35
288;36
288;37
288;38
288;39
288;40
288;41
288;42
288;43
288;44
288;45
288;46
288;47
288;48
288;49
288;50
288;51
288;52
288;53
288;54
288;55
288;56
288;57
288;58
288;59
288;60
288;61
288;62
288;63
288;64
288;65
288;66
288;67
288;68
288;69
288;70
288;71
288;72
288;176
288;177
288;178
288;179
288;180
288;181
288;182
288;183
288;184
288;185
288;186
288;187
288;188
288;189
288;190
288;191
288;192
288;193
288;194
288;195
288;196
288;197
288;198
288;199
288;200
288;201
288;202
288;203
288;204
288;205
288;206
288;207
288;208
288;209
288;210
288;211
288;212
288;213
288;214
288;215
288;216
288;217
288;218
288;219
288;220
288;221
288;222
288;223
288;224
288;225
288;226
288;227
288;228
288;229
288;230
288;231
288;232
288;233
288;234
288;235
288;236
288;237
288;238
288;239
288;240
288;241
288;323
288;324
288;325
288;326
288;327
288;328
288;329
288;330
288;331
288;332
288;333
288;334
288;335
288;336
288;337
288;338
288;339
288;340
288;341
288;342
288;343
288;344
288;345
288;346
288;347
288;348
288;349
288;350
288;351
288;352
288;353
288;354
288;355
288;356
288;357
288;358
288;359
288;360
288;361
288;362
288;363
288;364
288;365
288;366
288;367
288;368
288;369
288;370
288;371
288;372
288;373
288;405
288;406
288;407
288;408
288;409
288;410
288;411
288;412
288;413
288;414
288;415
288;416
288;417
288;418
288;419
288;420
288;421
288;422
288;423
288;424
288;425
288;426
288;427
288;428
288;429
288;430
288;431
288;432
288;433
288;434
288;435
288;436
288;437
288;438
288;439
288;440
288;441
288;442
288;443
288;444
288;445
288;446
288;447
288;448
288;449
288;450
288;451
288;452
288;453
288;454
288;455
288;456
288;457
288;458
288;459
288;460
288;461
288;462
288;463
288;464
288;465
288;466
288;467
288;468
288;469
288;470
288;471
288;472
288;473
288;474
288;475
288;476
288;477
288;478
288;479
288;480
288;481
288;482
288;483
288;484
288;485
288;486
288;487
288;519
288;520
288;521
288;522
288;523
288;524
288;525
288;526
288;527
288;528
288;529
288;530
288;531
288;532
288;533
288;534
288;535
288;536
289;15
289;16
289;17
289;18
289;19
289;20
289;21
289;22
289;23
289;24
289;25
289;26
289;27
289;28
289;29
289;30
289;31
289;32
289;33
289;34
289;35
289;36
289;37
289;38
289;39
289;40
289;41
289;42
289;43
289;44
289;45
289;46
289;47
289;48
289;49
289;50
289;51
289;52
289;53
289;54
289;55
289;56
289;57
289;58
289;59
289;60
289;61
289;62
289;63
289;64
289;65
289;66
289;67
289;68
289;69
289;70
289;71
289;72
289;176
289;177
289;178
289;179
289;180
289;181
289;182
289;183
289;184
289;185
289;186
289;187
289;188
289;189
289;190
289;191
289;192
289;193
289;194
289;195
289;196
289;197
289;198
289;199
289;200
289;201
289;202
289;203
289;204
289;205
289;206
289;207
289;208
289;209
289;210
289;211
289;212
289;213
289;214
289;215
289;216
289;217
289;218
289;219
289;220
289;221
289;222
289;223
289;224
289;225
289;226
289;227
289;228
289;229
289;230
289;231
289;232
289;233
289;234
289;235
289;236
289;237
289;238
289;239
289;240
289;323
289;324
289;325
289;326
289;327
289;328
289;329
289;330
289;331
289;332
289;333
289;334
289;335
289;336
289;337
289;338
289;339
289;340
289;341
289;342
289;343
289;344
289;345
289;346
289;347
289;348
289;349
289;350
289;351
289;352
289;353
289;354
289;355
289;356
289;357
289;358
289;359
289;360
289;361
289;362
289;363
289;364
289;365
289;366
289;367
289;368
289;369
289;370
289;371
289;372
289;405
289;406
289;407
289;408
289;409
289;410
289;411
289;412
289;413
289;414
289;415
289;416
289;417
289;418
289;419
289;420
289;421
289;422
289;423
289;424
289;425
289;426
289;427
289;428
289;429
289;430
289;431
289;432
289;433
289;434
289;435
289;436
289;437
289;438
289;439
289;440
289;441
289;442
289;443
289;444
289;445
289;446
289;447
289;448
289;449
289;450
289;451
289;452
289;453
289;454
289;455
289;456
289;457
289;458
289;459
289;460
289;461
289;462
289;463
289;464
289;465
289;466
289;467
289;468
289;469
289;470
289;471
289;472
289;473
289;474
289;475
289;476
289;477
289;478
289;479
289;480
289;481
289;482
289;483
289;484
289;485
289;486
289;487
289;515
289;516
289;517
289;518
289;519
289;520
289;521
289;522
289;523
289;524
289;525
289;526
289;527
289;528
289;529
289;530
289;531
289;532
289;533
289;534
289;535
289;536
290;15
290;16
290;17
290;18
290;19
290;20
290;21
290;22
290;23
290;24
290;25
290;26
290;27
290;28
290;29
290;30
290;31
290;32
290;33
290;34
290;35
290;36
290;37
290;38
290;39
290;40
290;41
290;42
290;43
290;44
290;45
290;46
290;47
290;48
290;49
290;50
290;51
290;52
290;53
290;54
290;55
290;56
290;57
290;58
290;59
290;60
290;61
290;62
290;63
290;64
290;65
290;66
290;67
290;68
290;69
290;70
290;71
290;72
290;73
290;178
290;179
290;180
290;181
290;182
290;183
290;184
290;185
290;186
290;187
290;188
290;189
290;190
290;191
290;192
290;193
290;194
290;195
290;196
290;197
290;198
290;199
290;200
290;201
290;202
290;203
290;204
290;205
290;206
290;207
290;208
290;209
290;210
290;211
290;212
290;213
290;214
290;215
290;216
290;217
290;218
290;219
290;220
290;221
290;222
290;223
290;224
290;225
290;226
290;227
290;228
290;229
290;230
290;231
290;232
290;233
290;234
290;235
290;236
290;237
290;238
290;324
290;325
290;326
290;327
290;328
290;329
290;330
290;331
290;332
290;333
290;334
290;335
290;336
290;337
290;338
290;339
290;340
290;341
290;342
290;343
290;344
290;345
290;346
290;347
290;348
290;349
290;350
290;351
290;352
290;353
290;354
290;355
290;356
290;357
290;358
290;359
290;360
290;361
290;362
290;363
290;364
290;365
290;366
290;367
290;368
290;369
290;370
290;371
290;405
290;406
290;407
290;408
290;409
290;410
290;411
290;412
290;413
290;414
290;415
290;416
290;417
290;418
290;419
290;420
290;421
290;422
290;423
290;424
290;425
290;426
290;427
290;428
290;429
290;430
290;431
290;432
290;433
290;434
290;435
290;436
290;437
290;438
290;439
290;440
290;441
290;442
290;443
290;444
290;445
290;446
290;447
290;448
290;449
290;450
290;451
290;452
290;453
290;454
290;455
290;456
290;457
290;458
290;459
290;460
290;461
290;462
290;463
290;464
290;465
290;466
290;467
290;468
290;469
290;470
290;471
290;472
290;473
290;474
290;475
290;476
290;477
290;478
290;479
290;480
290;481
290;482
290;483
290;484
290;485
290;486
290;487
290;511
290;513
290;514
290;515
290;516
290;517
290;518
290;519
290;520
290;521
290;522
290;523
290;524
290;525
290;526
290;527
290;528
290;529
290;530
290;531
290;532
290;533
290;534
290;535
290;536
291;15
291;16
291;17
291;18
291;19
291;20
291;21
291;22
291;23
291;24
291;25
291;26
291;27
291;28
291;29
291;30
291;31
291;32
291;33
291;34
291;35
291;36
291;37
291;38
291;39
291;40
291;41
291;42
291;43
291;44
291;45
291;46
291;47
291;48
291;49
291;50
291;51
291;52
291;53
291;54
291;55
291;56
291;57
291;58
291;59
291;60
291;61
291;62
291;63
291;64
291;65
291;66
291;67
291;68
291;69
291;70
291;71
291;72
291;73
291;178
291;179
291;180
291;181
291;182
291;183
291;184
291;185
291;186
291;187
291;188
291;189
291;190
291;191
291;192
291;193
291;194
291;195
291;196
291;197
291;198
291;199
291;200
291;201
291;202
291;203
291;204
291;205
291;206
291;207
291;208
291;209
291;210
291;211
291;212
291;213
291;214
291;215
291;216
291;217
291;218
291;219
291;220
291;221
291;222
291;223
291;224
291;225
291;226
291;227
291;228
291;229
291;230
291;231
291;232
291;233
291;234
291;235
291;236
291;237
291;238
291;324
291;325
291;326
291;327
291;328
291;329
291;330
291;331
291;332
291;333
291;334
291;335
291;336
291;337
291;338
291;339
291;340
291;341
291;342
291;343
291;344
291;345
291;346
291;347
291;348
291;349
291;350
291;351
291;352
291;353
291;354
291;355
291;356
291;357
291;358
291;359
291;360
291;361
291;362
291;363
291;364
291;365
291;366
291;367
291;368
291;369
291;370
291;405
291;406
291;407
291;408
291;409
291;410
291;411
291;412
291;413
291;414
291;415
291;416
291;417
291;418
291;419
291;420
291;421
291;422
291;423
291;424
291;425
291;426
291;427
291;428
291;429
291;430
291;431
291;432
291;433
291;434
291;435
291;436
291;437
291;438
291;439
291;440
291;441
291;442
291;443
291;444
291;445
291;446
291;447
291;448
291;449
291;450
291;451
291;452
291;453
291;454
291;455
291;456
291;457
291;458
291;459
291;460
291;461
291;462
291;463
291;464
291;465
291;466
291;467
291;468
291;469
291;470
291;471
291;472
291;473
291;474
291;475
291;476
291;477
291;478
291;479
291;480
291;481
291;482
291;483
291;484
291;485
291;486
291;487
291;507
291;509
291;510
291;511
291;512
291;513
291;514
291;515
291;516
291;517
291;518
291;519
291;520
291;521
291;522
291;523
291;524
291;525
291;526
291;527
291;528
291;529
291;530
291;531
291;532
291;533
291;534
291;535
291;536
292;14
292;15
292;16
292;17
292;18
292;19
292;20
292;21
292;22
292;23
292;24
292;25
292;26
292;27
292;28
292;29
292;30
292;31
292;32
292;33
292;34
292;35
292;36
292;37
292;38
292;39
292;40
292;41
292;42
292;43
292;44
292;45
292;46
292;47
292;48
292;49
292;50
292;51
292;52
292;53
292;54
292;55
292;56
292;57
292;58
292;59
292;60
292;61
292;62
292;63
292;64
292;65
292;66
292;67
292;68
292;69
292;70
292;71
292;72
292;73
292;74
292;180
292;181
292;182
292;183
292;184
292;185
292;186
292;187
292;188
292;189
292;190
292;191
292;192
292;193
292;194
292;195
292;196
292;197
292;198
292;199
292;200
292;201
292;202
292;203
292;204
292;205
292;206
292;207
292;208
292;209
292;210
292;211
292;212
292;213
292;214
292;215
292;216
292;217
292;218
292;219
292;220
292;221
292;222
292;223
292;224
292;225
292;226
292;227
292;228
292;229
292;230
292;231
292;232
292;233
292;234
292;235
292;236
292;325
292;326
292;327
292;328
292;329
292;330
292;331
292;332
292;333
292;334
292;335
292;336
292;337
292;338
292;339
292;340
292;341
292;342
292;343
292;344
292;345
292;346
292;347
292;348
292;349
292;350
292;351
292;352
292;353
292;354
292;355
292;356
292;357
292;358
292;359
292;360
292;361
292;362
292;363
292;364
292;365
292;366
292;367
292;368
292;369
292;370
292;405
292;406
292;407
292;408
292;409
292;410
292;411
292;412
292;413
292;414
292;415
292;416
292;417
292;418
292;419
292;420
292;421
292;422
292;423
292;424
292;425
292;426
292;427
292;428
292;429
292;430
292;431
292;432
292;433
292;434
292;435
292;436
292;437
292;438
292;439
292;440
292;441
292;442
292;443
292;444
292;445
292;446
292;447
292;448
292;449
292;450
292;451
292;452
292;453
292;454
292;455
292;456
292;457
292;458
292;459
292;460
292;461
292;462
292;463
292;464
292;465
292;466
292;467
292;468
292;469
292;470
292;471
292;472
292;473
292;474
292;475
292;476
292;477
292;478
292;479
292;480
292;481
292;482
292;483
292;484
292;485
292;486
292;487
292;505
292;506
292;507
292;508
292;509
292;510
292;511
292;512
292;513
292;514
292;515
292;516
292;517
292;518
292;519
292;520
292;521
292;522
292;523
292;524
292;525
292;526
292;527
292;528
292;529
292;530
292;531
292;532
292;533
292;534
292;535
292;536
293;14
293;15
293;16
293;17
293;18
293;19
293;20
293;21
293;22
293;23
293;24
293;25
293;26
293;27
293;28
293;29
293;30
293;31
293;32
293;33
293;34
293;35
293;36
293;37
293;38
293;39
293;40
293;41
293;42
293;43
293;44
293;45
293;46
293;47
293;48
293;49
293;50
293;51
293;52
293;53
293;54
293;55
293;56
293;57
293;58
293;59
293;60
293;61
293;62
293;63
293;64
293;65
293;66
293;67
293;68
293;69
293;70
293;71
293;72
293;73
293;74
293;181
293;182
293;183
293;184
293;185
293;186
293;187
293;188
293;189
293;190
293;191
293;192
293;193
293;194
293;195
293;196
293;197
293;198
293;199
293;200
293;201
293;202
293;203
293;204
293;205
293;206
293;207
293;208
293;209
293;210
293;211
293;212
293;213
293;214
293;215
293;216
293;217
293;218
293;219
293;220
293;221
293;222
293;223
293;224
293;225
293;226
293;227
293;228
293;229
293;230
293;231
293;232
293;233
293;234
293;235
293;325
293;326
293;327
293;328
293;329
293;330
293;331
293;332
293;333
293;334
293;335
293;336
293;337
293;338
293;339
293;340
293;341
293;342
293;343
293;344
293;345
293;346
293;347
293;348
293;349
293;350
293;351
293;352
293;353
293;354
293;355
293;356
293;357
293;358
293;359
293;360
293;361
293;362
293;363
293;364
293;365
293;366
293;367
293;368
293;405
293;406
293;407
293;408
293;409
293;410
293;411
293;412
293;413
293;414
293;415
293;416
293;417
293;418
293;419
293;420
293;421
293;422
293;423
293;424
293;425
293;426
293;427
293;428
293;429
293;430
293;431
293;432
293;433
293;434
293;435
293;436
293;437
293;438
293;439
293;440
293;441
293;442
293;443
293;444
293;445
293;446
293;447
293;448
293;449
293;450
293;451
293;452
293;453
293;454
293;455
293;456
293;457
293;458
293;459
293;460
293;461
293;462
293;463
293;464
293;465
293;466
293;467
293;468
293;469
293;470
293;471
293;472
293;473
293;474
293;475
293;476
293;477
293;478
293;479
293;480
293;481
293;482
293;483
293;484
293;485
293;486
293;487
293;501
293;502
293;503
293;504
293;505
293;506
293;507
293;508
293;509
293;510
293;511
293;512
293;513
293;514
293;515
293;516
293;517
293;518
293;519
293;520
293;521
293;522
293;523
293;524
293;525
293;526
293;527
293;528
293;529
293;530
293;531
293;532
293;533
293;534
293;535
293;536
294;13
294;14
294;15
294;16
294;17
294;18
294;19
294;20
294;21
294;22
294;23
294;24
294;25
294;26
294;27
294;28
294;29
294;30
294;31
294;32
294;33
294;34
294;35
294;36
294;37
294;38
294;39
294;40
294;41
294;42
294;43
294;44
294;45
294;46
294;47
294;48
294;49
294;50
294;51
294;52
294;53
294;54
294;55
294;56
294;57
294;58
294;59
294;60
294;61
294;62
294;63
294;64
294;65
294;66
294;67
294;68
294;69
294;70
294;71
294;72
294;73
294;74
294;182
294;183
294;184
294;185
294;186
294;187
294;188
294;189
294;190
294;191
294;192
294;193
294;194
294;195
294;196
294;197
294;198
294;199
294;200
294;201
294;202
294;203
294;204
294;205
294;206
294;207
294;208
294;209
294;210
294;211
294;212
294;213
294;214
294;215
294;216
294;217
294;218
294;219
294;220
294;221
294;222
294;223
294;224
294;225
294;226
294;227
294;228
294;229
294;230
294;231
294;232
294;233
294;234
294;326
294;327
294;328
294;329
294;330
294;331
294;332
294;333
294;334
294;335
294;336
294;337
294;338
294;339
294;340
294;341
294;342
294;343
294;344
294;345
294;346
294;347
294;348
294;349
294;350
294;351
294;352
294;353
294;354
294;355
294;356
294;357
294;358
294;359
294;360
294;361
294;362
294;363
294;364
294;365
294;366
294;367
294;368
294;405
294;406
294;407
294;408
294;409
294;410
294;411
294;412
294;413
294;414
294;415
294;416
294;417
294;418
294;419
294;420
294;421
294;422
294;423
294;424
294;425
294;426
294;427
294;428
294;429
294;430
294;431
294;432
294;433
294;434
294;435
294;436
294;437
294;438
294;439
294;440
294;441
294;442
294;443
294;444
294;445
294;446
294;447
294;448
294;449
294;450
294;451
294;452
294;453
294;454
294;455
294;456
294;457
294;458
294;459
294;460
294;461
294;462
294;463
294;464
294;465
294;466
294;467
294;468
294;469
294;470
294;471
294;472
294;473
294;474
294;475
294;476
294;477
294;478
294;479
294;480
294;481
294;482
294;483
294;484
294;485
294;486
294;487
294;497
294;499
294;500
294;501
294;502
294;503
294;504
294;505
294;506
294;507
294;508
294;509
294;510
294;511
294;512
294;513
294;514
294;515
294;516
294;517
294;518
294;519
294;520
294;521
294;522
294;523
294;524
294;525
294;526
294;527
294;528
294;529
294;530
294;531
294;532
294;533
294;534
294;535
294;536
295;13
295;14
295;15
295;16
295;17
295;18
295;19
295;20
295;21
295;22
295;23
295;24
295;25
295;26
295;27
295;28
295;29
295;30
295;31
295;32
295;33
295;34
295;35
295;36
295;37
295;38
295;39
295;40
295;41
295;42
295;43
295;44
295;45
295;46
295;47
295;48
295;49
295;50
295;51
295;52
295;53
295;54
295;55
295;56
295;57
295;58
295;59
295;60
295;61
295;62
295;63
295;64
295;65
295;66
295;67
295;68
295;69
295;70
295;71
295;72
295;73
295;74
295;75
295;184
295;185
295;186
295;187
295;188
295;189
295;190
295;191
295;192
295;193
295;194
295;195
295;196
295;197
295;198
295;199
295;200
295;201
295;202
295;203
295;204
295;205
295;206
295;207
295;208
295;209
295;210
295;211
295;212
295;213
295;214
295;215
295;216
295;217
295;218
295;219
295;220
295;221
295;222
295;223
295;224
295;225
295;226
295;227
295;228
295;229
295;230
295;231
295;232
295;326
295;327
295;328
295;329
295;330
295;331
295;332
295;333
295;334
295;335
295;336
295;337
295;338
295;339
295;340
295;341
295;342
295;343
295;344
295;345
295;346
295;347
295;348
295;349
295;350
295;351
295;352
295;353
295;354
295;355
295;356
295;357
295;358
295;359
295;360
295;361
295;362
295;363
295;364
295;365
295;366
295;405
295;406
295;407
295;408
295;409
295;410
295;411
295;412
295;413
295;414
295;415
295;416
295;417
295;418
295;419
295;420
295;421
295;422
295;423
295;424
295;425
295;426
295;427
295;428
295;429
295;430
295;431
295;432
295;433
295;434
295;435
295;436
295;437
295;438
295;439
295;440
295;441
295;442
295;443
295;444
295;445
295;446
295;447
295;448
295;449
295;450
295;451
295;452
295;453
295;454
295;455
295;456
295;457
295;458
295;459
295;460
295;461
295;462
295;463
295;464
295;465
295;466
295;467
295;468
295;469
295;470
295;471
295;472
295;473
295;474
295;475
295;476
295;477
295;478
295;479
295;480
295;481
295;482
295;483
295;484
295;485
295;486
295;487
295;495
295;496
295;497
295;498
295;499
295;500
295;501
295;502
295;503
295;504
295;505
295;506
295;507
295;508
295;509
295;510
295;511
295;512
295;513
295;514
295;515
295;516
295;517
295;518
295;519
295;520
295;521
295;522
295;523
295;524
295;525
295;526
295;527
295;528
295;529
295;530
295;531
295;532
295;533
295;534
295;535
295;536
296;13
296;14
296;15
296;16
296;17
296;18
296;19
296;20
296;21
296;22
296;23
296;24
296;25
296;26
296;27
296;28
296;29
296;30
296;31
296;32
296;33
296;34
296;35
296;36
296;37
296;38
296;39
296;40
296;41
296;42
296;43
296;44
296;45
296;46
296;47
296;48
296;49
296;50
296;51
296;52
296;53
296;54
296;55
296;56
296;57
296;58
296;59
296;60
296;61
296;62
296;63
296;64
296;65
296;66
296;67
296;68
296;69
296;70
296;71
296;72
296;73
296;74
296;75
296;184
296;185
296;186
296;187
296;188
296;189
296;190
296;191
296;192
296;193
296;194
296;195
296;196
296;197
296;198
296;199
296;200
296;201
296;202
296;203
296;204
296;205
296;206
296;207
296;208
296;209
296;210
296;211
296;212
296;213
296;214
296;215
296;216
296;217
296;218
296;219
296;220
296;221
296;222
296;223
296;224
296;225
296;226
296;227
296;228
296;229
296;230
296;231
296;232
296;326
296;327
296;328
296;329
296;330
296;331
296;332
296;333
296;334
296;335
296;336
296;337
296;338
296;339
296;340
296;341
296;342
296;343
296;344
296;345
296;346
296;347
296;348
296;349
296;350
296;351
296;352
296;353
296;354
296;355
296;356
296;357
296;358
296;359
296;360
296;361
296;362
296;363
296;364
296;365
296;366
296;405
296;406
296;407
296;408
296;409
296;410
296;411
296;412
296;413
296;414
296;415
296;416
296;417
296;418
296;419
296;420
296;421
296;422
296;423
296;424
296;425
296;426
296;427
296;428
296;429
296;430
296;431
296;432
296;433
296;434
296;435
296;436
296;437
296;438
296;439
296;440
296;441
296;442
296;443
296;444
296;445
296;446
296;447
296;448
296;449
296;450
296;451
296;452
296;453
296;454
296;455
296;456
296;457
296;458
296;459
296;460
296;461
296;462
296;463
296;464
296;465
296;466
296;467
296;468
296;469
296;470
296;471
296;472
296;473
296;474
296;475
296;476
296;477
296;478
296;479
296;480
296;481
296;482
296;483
296;484
296;485
296;486
296;487
296;491
296;492
296;493
296;494
296;495
296;496
296;497
296;498
296;499
296;500
296;501
296;502
296;503
296;504
296;505
296;506
296;507
296;508
296;509
296;510
296;511
296;512
296;513
296;514
296;515
296;516
296;517
296;518
296;519
296;520
296;521
296;522
296;523
296;524
296;525
296;526
296;527
296;528
296;529
296;530
296;531
296;532
296;533
296;534
296;535
296;536
297;13
297;14
297;15
297;16
297;17
297;18
297;19
297;20
297;21
297;22
297;23
297;24
297;25
297;26
297;27
297;28
297;29
297;30
297;31
297;32
297;33
297;34
297;35
297;36
297;37
297;38
297;39
297;40
297;41
297;42
297;43
297;44
297;45
297;46
297;47
297;48
297;49
297;50
297;51
297;52
297;53
297;54
297;55
297;56
297;57
297;58
297;59
297;60
297;61
297;62
297;63
297;64
297;65
297;66
297;67
297;68
297;69
297;70
297;71
297;72
297;73
297;74
297;75
297;186
297;187
297;188
297;189
297;190
297;191
297;192
297;193
297;194
297;195
297;196
297;197
297;198
297;199
297;200
297;201
297;202
297;203
297;204
297;205
297;206
297;207
297;208
297;209
297;210
297;211
297;212
297;213
297;214
297;215
297;216
297;217
297;218
297;219
297;220
297;221
297;222
297;223
297;224
297;225
297;226
297;227
297;228
297;229
297;230
297;327
297;328
297;329
297;330
297;331
297;332
297;333
297;334
297;335
297;336
297;337
297;338
297;339
297;340
297;341
297;342
297;343
297;344
297;345
297;346
297;347
297;348
297;349
297;350
297;351
297;352
297;353
297;354
297;355
297;356
297;357
297;358
297;359
297;360
297;361
297;362
297;363
297;364
297;365
297;405
297;406
297;407
297;408
297;409
297;410
297;411
297;412
297;413
297;414
297;415
297;416
297;417
297;418
297;419
297;420
297;421
297;422
297;423
297;424
297;425
297;426
297;427
297;428
297;429
297;430
297;431
297;432
297;433
297;434
297;435
297;436
297;437
297;438
297;439
297;440
297;441
297;442
297;443
297;444
297;445
297;446
297;447
297;448
297;449
297;450
297;451
297;452
297;453
297;454
297;455
297;456
297;457
297;458
297;459
297;460
297;461
297;462
297;463
297;464
297;465
297;466
297;467
297;468
297;469
297;470
297;471
297;472
297;473
297;474
297;475
297;476
297;477
297;478
297;479
297;480
297;481
297;482
297;483
297;484
297;485
297;486
297;487
297;489
297;490
297;491
297;492
297;493
297;494
297;495
297;496
297;497
297;498
297;499
297;500
297;501
297;502
297;503
297;504
297;505
297;506
297;507
297;508
297;509
297;510
297;511
297;512
297;513
297;514
297;515
297;516
297;517
297;518
297;519
297;520
297;521
297;522
297;523
297;524
297;525
297;526
297;527
297;528
297;529
297;530
297;531
297;532
297;533
297;534
297;535
297;536
298;13
298;14
298;15
298;16
298;17
298;18
298;19
298;20
298;21
298;22
298;23
298;24
298;25
298;26
298;27
298;28
298;29
298;30
298;31
298;32
298;33
298;34
298;35
298;36
298;37
298;38
298;39
298;40
298;41
298;42
298;43
298;44
298;45
298;46
298;47
298;48
298;49
298;50
298;51
298;52
298;53
298;54
298;55
298;56
298;57
298;58
298;59
298;60
298;61
298;62
298;63
298;64
298;65
298;66
298;67
298;68
298;69
298;70
298;71
298;72
298;73
298;74
298;75
298;186
298;187
298;188
298;189
298;190
298;191
298;192
298;193
298;194
298;195
298;196
298;197
298;198
298;199
298;200
298;201
298;202
298;203
298;204
298;205
298;206
298;207
298;208
298;209
298;210
298;211
298;212
298;213
298;214
298;215
298;216
298;217
298;218
298;219
298;220
298;221
298;222
298;223
298;224
298;225
298;226
298;227
298;228
298;229
298;328
298;329
298;330
298;331
298;332
298;333
298;334
298;335
298;336
298;337
298;338
298;339
298;340
298;341
298;342
298;343
298;344
298;345
298;346
298;347
298;348
298;349
298;350
298;351
298;352
298;353
298;354
298;355
298;356
298;357
298;358
298;359
298;360
298;361
298;362
298;363
298;364
298;405
298;406
298;407
298;408
298;409
298;410
298;411
298;412
298;413
298;414
298;415
298;416
298;417
298;418
298;419
298;420
298;421
298;422
298;423
298;424
298;425
298;426
298;427
298;428
298;429
298;430
298;431
298;432
298;433
298;434
298;435
298;436
298;437
298;438
298;439
298;440
298;441
298;442
298;443
298;444
298;445
298;446
298;447
298;448
298;449
298;450
298;451
298;452
298;453
298;454
298;455
298;456
298;457
298;458
298;459
298;460
298;461
298;462
298;463
298;464
298;465
298;466
298;467
298;468
298;469
298;470
298;471
298;472
298;473
298;474
298;475
298;476
298;477
298;478
298;479
298;480
298;481
298;482
298;483
298;484
298;485
298;486
298;487
298;488
298;489
298;490
298;491
298;492
298;493
298;494
298;495
298;496
298;497
298;498
298;499
298;500
298;501
298;502
298;503
298;504
298;505
298;506
298;507
298;508
298;509
298;510
298;511
298;512
298;513
298;514
298;515
298;516
298;517
298;518
298;519
298;520
298;521
298;522
298;523
298;524
298;525
298;526
298;527
298;528
298;529
298;530
298;531
298;532
298;533
298;534
298;535
298;536
299;13
299;14
299;15
299;16
299;17
299;18
299;19
299;20
299;21
299;22
299;23
299;24
299;25
299;26
299;27
299;28
299;29
299;30
299;31
299;32
299;33
299;34
299;35
299;36
299;37
299;38
299;39
299;40
299;41
299;42
299;43
299;44
299;45
299;46
299;47
299;48
299;49
299;50
299;51
299;52
299;53
299;54
299;55
299;56
299;57
299;58
299;59
299;60
299;61
299;62
299;63
299;64
299;65
299;66
299;67
299;68
299;69
299;70
299;71
299;72
299;73
299;74
299;75
299;188
299;189
299;190
299;191
299;192
299;193
299;194
299;195
299;196
299;197
299;198
299;199
299;200
299;201
299;202
299;203
299;204
299;205
299;206
299;207
299;208
299;209
299;210
299;211
299;212
299;213
299;214
299;215
299;216
299;217
299;218
299;219
299;220
299;221
299;222
299;223
299;224
299;225
299;226
299;227
299;228
299;328
299;329
299;330
299;331
299;332
299;333
299;334
299;335
299;336
299;337
299;338
299;339
299;340
299;341
299;342
299;343
299;344
299;345
299;346
299;347
299;348
299;349
299;350
299;351
299;352
299;353
299;354
299;355
299;356
299;357
299;358
299;359
299;360
299;361
299;362
299;363
299;405
299;406
299;407
299;408
299;409
299;410
299;411
299;412
299;413
299;414
299;415
299;416
299;417
299;418
299;419
299;420
299;421
299;422
299;423
299;424
299;425
299;426
299;427
299;428
299;429
299;430
299;431
299;432
299;433
299;434
299;435
299;436
299;437
299;438
299;439
299;440
299;441
299;442
299;443
299;444
299;445
299;446
299;447
299;448
299;449
299;450
299;451
299;452
299;453
299;454
299;455
299;456
299;457
299;458
299;459
299;460
299;461
299;462
299;463
299;464
299;465
299;466
299;467
299;468
299;469
299;470
299;471
299;472
299;473
299;474
299;475
299;476
299;477
299;478
299;479
299;480
299;481
299;482
299;483
299;484
299;485
299;486
299;487
299;488
299;489
299;490
299;491
299;492
299;493
299;494
299;495
299;496
299;497
299;498
299;499
299;500
299;501
299;502
299;503
299;504
299;505
299;506
299;507
299;508
299;509
299;510
299;511
299;512
299;513
299;514
299;515
299;516
299;517
299;518
299;519
299;520
299;521
299;522
299;523
299;524
299;525
299;526
299;527
299;528
299;529
299;530
299;531
299;532
299;533
299;534
299;535
299;536
300;13
300;14
300;15
300;16
300;17
300;18
300;19
300;20
300;21
300;22
300;23
300;24
300;25
300;26
300;27
300;28
300;29
300;30
300;31
300;32
300;33
300;34
300;35
300;36
300;37
300;38
300;39
300;40
300;41
300;42
300;43
300;44
300;45
300;46
300;47
300;48
300;49
300;50
300;51
300;52
300;53
300;54
300;55
300;56
300;57
300;58
300;59
300;60
300;61
300;62
300;63
300;64
300;65
300;66
300;67
300;68
300;69
300;70
300;71
300;72
300;73
300;74
300;75
300;189
300;190
300;191
300;192
300;193
300;194
300;195
300;196
300;197
300;198
300;199
300;200
300;201
300;202
300;203
300;204
300;205
300;206
300;207
300;208
300;209
300;210
300;211
300;212
300;213
300;214
300;215
300;216
300;217
300;218
300;219
300;220
300;221
300;222
300;223
300;224
300;225
300;226
300;227
300;328
300;329
300;330
300;331
300;332
300;333
300;334
300;335
300;336
300;337
300;338
300;339
300;340
300;341
300;342
300;343
300;344
300;345
300;346
300;347
300;348
300;349
300;350
300;351
300;352
300;353
300;354
300;355
300;356
300;357
300;358
300;359
300;360
300;361
300;362
300;405
300;406
300;407
300;408
300;409
300;410
300;411
300;412
300;413
300;414
300;415
300;416
300;417
300;418
300;419
300;420
300;421
300;422
300;423
300;424
300;425
300;426
300;427
300;428
300;429
300;430
300;431
300;432
300;433
300;434
300;435
300;436
300;437
300;438
300;439
300;440
300;441
300;442
300;443
300;444
300;445
300;446
300;447
300;448
300;449
300;450
300;451
300;452
300;453
300;454
300;455
300;456
300;457
300;458
300;459
300;460
300;461
300;462
300;463
300;464
300;465
300;466
300;467
300;468
300;469
300;470
300;471
300;472
300;473
300;474
300;475
300;476
300;477
300;478
300;479
300;480
300;481
300;482
300;483
300;484
300;485
300;486
300;487
300;488
300;489
300;490
300;491
300;492
300;493
300;494
300;495
300;496
300;497
300;498
300;499
300;500
300;501
300;502
300;503
300;504
300;505
300;506
300;507
300;508
300;509
300;510
300;511
300;512
300;513
300;514
300;515
300;516
300;517
300;518
300;519
300;520
300;521
300;522
300;523
300;524
300;525
300;526
300;527
300;528
300;529
300;530
300;531
300;532
300;533
300;534
300;535
300;536
301;12
301;13
301;14
301;15
301;16
301;17
301;18
301;19
301;20
301;21
301;22
301;23
301;24
301;25
301;26
301;27
301;28
301;29
301;30
301;31
301;32
301;33
301;34
301;35
301;36
301;37
301;38
301;39
301;40
301;41
301;42
301;43
301;44
301;45
301;46
301;47
301;48
301;49
301;50
301;51
301;52
301;53
301;54
301;55
301;56
301;57
301;58
301;59
301;60
301;61
301;62
301;63
301;64
301;65
301;66
301;67
301;68
301;69
301;70
301;71
301;72
301;73
301;74
301;75
301;190
301;191
301;192
301;193
301;194
301;195
301;196
301;197
301;198
301;199
301;200
301;201
301;202
301;203
301;204
301;205
301;206
301;207
301;208
301;209
301;210
301;211
301;212
301;213
301;214
301;215
301;216
301;217
301;218
301;219
301;220
301;221
301;222
301;223
301;224
301;225
301;226
301;329
301;330
301;331
301;332
301;333
301;334
301;335
301;336
301;337
301;338
301;339
301;340
301;341
301;342
301;343
301;344
301;345
301;346
301;347
301;348
301;349
301;350
301;351
301;352
301;353
301;354
301;355
301;356
301;357
301;358
301;359
301;360
301;361
301;405
301;406
301;407
301;408
301;409
301;410
301;411
301;412
301;413
301;414
301;415
301;416
301;417
301;418
301;419
301;420
301;421
301;422
301;423
301;424
301;425
301;426
301;427
301;428
301;429
301;430
301;431
301;432
301;433
301;434
301;435
301;436
301;437
301;438
301;439
301;440
301;441
301;442
301;443
301;444
301;445
301;446
301;447
301;448
301;449
301;450
301;451
301;452
301;453
301;454
301;455
301;456
301;457
301;458
301;459
301;460
301;461
301;462
301;463
301;464
301;465
301;466
301;467
301;468
301;469
301;470
301;471
301;472
301;473
301;474
301;475
301;476
301;477
301;478
301;479
301;480
301;481
301;482
301;483
301;484
301;485
301;486
301;487
301;488
301;489
301;490
301;491
301;492
301;493
301;494
301;495
301;496
301;497
301;498
301;499
301;500
301;501
301;502
301;503
301;504
301;505
301;506
301;507
301;508
301;509
301;510
301;511
301;512
301;513
301;514
301;515
301;516
301;517
301;518
301;519
301;520
301;521
301;522
301;523
301;524
301;525
301;526
301;527
301;528
301;529
301;530
301;531
301;532
301;533
301;534
301;535
301;536
302;13
302;14
302;15
302;16
302;17
302;18
302;19
302;20
302;21
302;22
302;23
302;24
302;25
302;26
302;27
302;28
302;29
302;30
302;31
302;32
302;33
302;34
302;35
302;36
302;37
302;38
302;39
302;40
302;41
302;42
302;43
302;44
302;45
302;46
302;47
302;48
302;49
302;50
302;51
302;52
302;53
302;54
302;55
302;56
302;57
302;58
302;59
302;60
302;61
302;62
302;63
302;64
302;65
302;66
302;67
302;68
302;69
302;70
302;71
302;72
302;73
302;74
302;75
302;192
302;193
302;194
302;195
302;196
302;197
302;198
302;199
302;200
302;201
302;202
302;203
302;204
302;205
302;206
302;207
302;208
302;209
302;210
302;211
302;212
302;213
302;214
302;215
302;216
302;217
302;218
302;219
302;220
302;221
302;222
302;223
302;224
302;329
302;330
302;331
302;332
302;333
302;334
302;335
302;336
302;337
302;338
302;339
302;340
302;341
302;342
302;343
302;344
302;345
302;346
302;347
302;348
302;349
302;350
302;351
302;352
302;353
302;354
302;355
302;356
302;357
302;358
302;359
302;360
302;405
302;406
302;407
302;408
302;409
302;410
302;411
302;412
302;413
302;414
302;415
302;416
302;417
302;418
302;419
302;420
302;421
302;422
302;423
302;424
302;425
302;426
302;427
302;428
302;429
302;430
302;431
302;432
302;433
302;434
302;435
302;436
302;437
302;438
302;439
302;440
302;441
302;442
302;443
302;444
302;445
302;446
302;447
302;448
302;449
302;450
302;451
302;452
302;453
302;454
302;455
302;456
302;457
302;458
302;459
302;460
302;461
302;462
302;463
302;464
302;465
302;466
302;467
302;468
302;469
302;470
302;471
302;472
302;473
302;474
302;475
302;476
302;477
302;478
302;479
302;480
302;481
302;482
302;483
302;484
302;485
302;486
302;487
302;488
302;489
302;490
302;491
302;492
302;493
302;494
302;495
302;496
302;497
302;498
302;499
302;500
302;501
302;502
302;503
302;504
302;505
302;506
302;507
302;508
302;509
302;510
302;511
302;512
302;513
302;514
302;515
302;516
302;517
302;518
302;519
302;520
302;521
302;522
302;523
302;524
302;525
302;526
302;527
302;528
302;529
302;530
302;531
302;532
302;533
302;534
302;535
302;536
303;13
303;14
303;15
303;16
303;17
303;18
303;19
303;20
303;21
303;22
303;23
303;24
303;25
303;26
303;27
303;28
303;29
303;30
303;31
303;32
303;33
303;34
303;35
303;36
303;37
303;38
303;39
303;40
303;41
303;42
303;43
303;44
303;45
303;46
303;47
303;48
303;49
303;50
303;51
303;52
303;53
303;54
303;55
303;56
303;57
303;58
303;59
303;60
303;61
303;62
303;63
303;64
303;65
303;66
303;67
303;68
303;69
303;70
303;71
303;72
303;73
303;74
303;75
303;192
303;193
303;194
303;195
303;196
303;197
303;198
303;199
303;200
303;201
303;202
303;203
303;204
303;205
303;206
303;207
303;208
303;209
303;210
303;211
303;212
303;213
303;214
303;215
303;216
303;217
303;218
303;219
303;220
303;221
303;222
303;223
303;224
303;330
303;331
303;332
303;333
303;334
303;335
303;336
303;337
303;338
303;339
303;340
303;341
303;342
303;343
303;344
303;345
303;346
303;347
303;348
303;349
303;350
303;351
303;352
303;353
303;354
303;355
303;356
303;357
303;358
303;359
303;360
303;405
303;406
303;407
303;408
303;409
303;410
303;411
303;412
303;413
303;414
303;415
303;416
303;417
303;418
303;419
303;420
303;421
303;422
303;423
303;424
303;425
303;426
303;427
303;428
303;429
303;430
303;431
303;432
303;433
303;434
303;435
303;436
303;437
303;438
303;439
303;440
303;441
303;442
303;443
303;444
303;445
303;446
303;447
303;448
303;449
303;450
303;451
303;452
303;453
303;454
303;455
303;456
303;457
303;458
303;459
303;460
303;461
303;462
303;463
303;464
303;465
303;466
303;467
303;468
303;469
303;470
303;471
303;472
303;473
303;474
303;475
303;476
303;477
303;478
303;479
303;480
303;481
303;482
303;483
303;484
303;485
303;486
303;487
303;488
303;489
303;490
303;491
303;492
303;493
303;494
303;495
303;496
303;497
303;498
303;499
303;500
303;501
303;502
303;503
303;504
303;505
303;506
303;507
303;508
303;509
303;510
303;511
303;512
303;513
303;514
303;515
303;516
303;517
303;518
303;519
303;520
303;521
303;522
303;523
303;524
303;525
303;526
303;527
303;528
303;529
303;530
303;531
303;532
303;533
303;534
303;535
303;536
304;13
304;14
304;15
304;16
304;17
304;18
304;19
304;20
304;21
304;22
304;23
304;24
304;25
304;26
304;27
304;28
304;29
304;30
304;31
304;32
304;33
304;34
304;35
304;36
304;37
304;38
304;39
304;40
304;41
304;42
304;43
304;44
304;45
304;46
304;47
304;48
304;49
304;50
304;51
304;52
304;53
304;54
304;55
304;56
304;57
304;58
304;59
304;60
304;61
304;62
304;63
304;64
304;65
304;66
304;67
304;68
304;69
304;70
304;71
304;72
304;73
304;74
304;75
304;194
304;195
304;196
304;197
304;198
304;199
304;200
304;201
304;202
304;203
304;204
304;205
304;206
304;207
304;208
304;209
304;210
304;211
304;212
304;213
304;214
304;215
304;216
304;217
304;218
304;219
304;220
304;221
304;222
304;330
304;331
304;332
304;333
304;334
304;335
304;336
304;337
304;338
304;339
304;340
304;341
304;342
304;343
304;344
304;345
304;346
304;347
304;348
304;349
304;350
304;351
304;352
304;353
304;354
304;355
304;356
304;357
304;358
304;405
304;406
304;407
304;408
304;409
304;410
304;411
304;412
304;413
304;414
304;415
304;416
304;417
304;418
304;419
304;420
304;421
304;422
304;423
304;424
304;425
304;426
304;427
304;428
304;429
304;430
304;431
304;432
304;433
304;434
304;435
304;436
304;437
304;438
304;439
304;440
304;441
304;442
304;443
304;444
304;445
304;446
304;447
304;448
304;449
304;450
304;451
304;452
304;453
304;454
304;455
304;456
304;457
304;458
304;459
304;460
304;461
304;462
304;463
304;464
304;465
304;466
304;467
304;468
304;469
304;470
304;471
304;472
304;473
304;474
304;475
304;476
304;477
304;478
304;479
304;480
304;481
304;482
304;483
304;484
304;485
304;486
304;487
304;488
304;489
304;490
304;491
304;492
304;493
304;494
304;495
304;496
304;497
304;498
304;499
304;500
304;501
304;502
304;503
304;504
304;505
304;506
304;507
304;508
304;509
304;510
304;511
304;512
304;513
304;514
304;515
304;516
304;517
304;518
304;519
304;520
304;521
304;522
304;523
304;524
304;525
304;526
304;527
304;528
304;529
304;530
304;531
304;532
304;533
304;534
304;535
304;536
305;13
305;14
305;15
305;16
305;17
305;18
305;19
305;20
305;21
305;22
305;23
305;24
305;25
305;26
305;27
305;28
305;29
305;30
305;31
305;32
305;33
305;34
305;35
305;36
305;37
305;38
305;39
305;40
305;41
305;42
305;43
305;44
305;45
305;46
305;47
305;48
305;49
305;50
305;51
305;52
305;53
305;54
305;55
305;56
305;57
305;58
305;59
305;60
305;61
305;62
305;63
305;64
305;65
305;66
305;67
305;68
305;69
305;70
305;71
305;72
305;73
305;74
305;75
305;194
305;195
305;196
305;197
305;198
305;199
305;200
305;201
305;202
305;203
305;204
305;205
305;206
305;207
305;208
305;209
305;210
305;211
305;212
305;213
305;214
305;215
305;216
305;217
305;218
305;219
305;220
305;221
305;331
305;332
305;333
305;334
305;335
305;336
305;337
305;338
305;339
305;340
305;341
305;342
305;343
305;344
305;345
305;346
305;347
305;348
305;349
305;350
305;351
305;352
305;353
305;354
305;355
305;356
305;357
305;358
305;405
305;406
305;407
305;408
305;409
305;410
305;411
305;412
305;413
305;414
305;415
305;416
305;417
305;418
305;419
305;420
305;421
305;422
305;423
305;424
305;425
305;426
305;427
305;428
305;429
305;430
305;431
305;432
305;433
305;434
305;435
305;436
305;437
305;438
305;439
305;440
305;441
305;442
305;443
305;444
305;445
305;446
305;447
305;448
305;449
305;450
305;451
305;452
305;453
305;454
305;455
305;456
305;457
305;458
305;459
305;460
305;461
305;462
305;463
305;464
305;465
305;466
305;467
305;468
305;469
305;470
305;471
305;472
305;473
305;474
305;475
305;476
305;477
305;478
305;479
305;480
305;481
305;482
305;483
305;484
305;485
305;486
305;487
305;488
305;489
305;490
305;491
305;492
305;493
305;494
305;495
305;496
305;497
305;498
305;499
305;500
305;501
305;502
305;503
305;504
305;505
305;506
305;507
305;508
305;509
305;510
305;511
305;512
305;513
305;514
305;515
305;516
305;517
305;518
305;519
305;520
305;521
305;522
305;523
305;524
305;525
305;526
305;527
305;528
305;529
305;530
305;531
305;532
305;533
305;534
305;535
305;536
306;13
306;14
306;15
306;16
306;17
306;18
306;19
306;20
306;21
306;22
306;23
306;24
306;25
306;26
306;27
306;28
306;29
306;30
306;31
306;32
306;33
306;34
306;35
306;36
306;37
306;38
306;39
306;40
306;41
306;42
306;43
306;44
306;45
306;46
306;47
306;48
306;49
306;50
306;51
306;52
306;53
306;54
306;55
306;56
306;57
306;58
306;59
306;60
306;61
306;62
306;63
306;64
306;65
306;66
306;67
306;68
306;69
306;70
306;71
306;72
306;73
306;74
306;75
306;196
306;197
306;198
306;199
306;200
306;201
306;202
306;203
306;204
306;205
306;206
306;207
306;208
306;209
306;210
306;211
306;212
306;213
306;214
306;215
306;216
306;217
306;218
306;219
306;220
306;331
306;332
306;333
306;334
306;335
306;336
306;337
306;338
306;339
306;340
306;341
306;342
306;343
306;344
306;345
306;346
306;347
306;348
306;349
306;350
306;351
306;352
306;353
306;354
306;355
306;356
306;405
306;406
306;407
306;408
306;409
306;410
306;411
306;412
306;413
306;414
306;415
306;416
306;417
306;418
306;419
306;420
306;421
306;422
306;423
306;424
306;425
306;426
306;427
306;428
306;429
306;430
306;431
306;432
306;433
306;434
306;435
306;436
306;437
306;438
306;439
306;440
306;441
306;442
306;443
306;444
306;445
306;446
306;447
306;448
306;449
306;450
306;451
306;452
306;453
306;454
306;455
306;456
306;457
306;458
306;459
306;460
306;461
306;462
306;463
306;464
306;465
306;466
306;467
306;468
306;469
306;470
306;471
306;472
306;473
306;474
306;475
306;476
306;477
306;478
306;479
306;480
306;481
306;482
306;483
306;484
306;485
306;486
306;487
306;488
306;489
306;490
306;491
306;492
306;493
306;494
306;495
306;496
306;497
306;498
306;499
306;500
306;501
306;502
306;503
306;504
306;505
306;506
306;507
306;508
306;509
306;510
306;511
306;512
306;513
306;514
306;515
306;516
306;517
306;518
306;519
306;520
306;521
306;522
306;523
306;524
306;525
306;526
306;527
306;528
306;529
306;530
306;531
306;532
306;533
306;534
306;535
306;536
307;13
307;14
307;15
307;16
307;17
307;18
307;19
307;20
307;21
307;22
307;23
307;24
307;25
307;26
307;27
307;28
307;29
307;30
307;31
307;32
307;33
307;34
307;35
307;36
307;37
307;38
307;39
307;40
307;41
307;42
307;43
307;44
307;45
307;46
307;47
307;48
307;49
307;50
307;51
307;52
307;53
307;54
307;55
307;56
307;57
307;58
307;59
307;60
307;61
307;62
307;63
307;64
307;65
307;66
307;67
307;68
307;69
307;70
307;71
307;72
307;73
307;74
307;197
307;198
307;199
307;200
307;201
307;202
307;203
307;204
307;205
307;206
307;207
307;208
307;209
307;210
307;211
307;212
307;213
307;214
307;215
307;216
307;217
307;218
307;332
307;333
307;334
307;335
307;336
307;337
307;338
307;339
307;340
307;341
307;342
307;343
307;344
307;345
307;346
307;347
307;348
307;349
307;350
307;351
307;352
307;353
307;354
307;355
307;356
307;405
307;406
307;407
307;408
307;409
307;410
307;411
307;412
307;413
307;414
307;415
307;416
307;417
307;418
307;419
307;420
307;421
307;422
307;423
307;424
307;425
307;426
307;427
307;428
307;429
307;430
307;431
307;432
307;433
307;434
307;435
307;436
307;437
307;438
307;439
307;440
307;441
307;442
307;443
307;444
307;445
307;446
307;447
307;448
307;449
307;450
307;451
307;452
307;453
307;454
307;455
307;456
307;457
307;458
307;459
307;460
307;461
307;462
307;463
307;464
307;465
307;466
307;467
307;468
307;469
307;470
307;471
307;472
307;473
307;474
307;475
307;476
307;477
307;478
307;479
307;480
307;481
307;482
307;483
307;484
307;485
307;486
307;487
307;488
307;489
307;490
307;491
307;492
307;493
307;494
307;495
307;496
307;497
307;498
307;499
307;500
307;501
307;502
307;503
307;504
307;505
307;506
307;507
307;508
307;509
307;510
307;511
307;512
307;513
307;514
307;515
307;516
307;517
307;518
307;519
307;520
307;521
307;522
307;523
307;524
307;525
307;526
307;527
307;528
307;529
307;530
307;531
307;532
307;533
307;534
307;535
307;536
308;14
308;15
308;16
308;17
308;18
308;19
308;20
308;21
308;22
308;23
308;24
308;25
308;26
308;27
308;28
308;29
308;30
308;31
308;32
308;33
308;34
308;35
308;36
308;37
308;38
308;39
308;40
308;41
308;42
308;43
308;44
308;45
308;46
308;47
308;48
308;49
308;50
308;51
308;52
308;53
308;54
308;55
308;56
308;57
308;58
308;59
308;60
308;61
308;62
308;63
308;64
308;65
308;66
308;67
308;68
308;69
308;70
308;71
308;72
308;73
308;74
308;198
308;199
308;200
308;201
308;202
308;203
308;204
308;205
308;206
308;207
308;208
308;209
308;210
308;211
308;212
308;213
308;214
308;215
308;216
308;217
308;218
308;332
308;333
308;334
308;335
308;336
308;337
308;338
308;339
308;340
308;341
308;342
308;343
308;344
308;345
308;346
308;347
308;348
308;349
308;350
308;351
308;352
308;353
308;354
308;355
308;405
308;406
308;407
308;408
308;409
308;410
308;411
308;412
308;413
308;414
308;415
308;416
308;417
308;418
308;419
308;420
308;421
308;422
308;423
308;424
308;425
308;426
308;427
308;428
308;429
308;430
308;431
308;432
308;433
308;434
308;435
308;436
308;437
308;438
308;439
308;440
308;441
308;442
308;443
308;444
308;445
308;446
308;447
308;448
308;449
308;450
308;451
308;452
308;453
308;454
308;455
308;456
308;457
308;458
308;459
308;460
308;461
308;462
308;463
308;464
308;465
308;466
308;467
308;468
308;469
308;470
308;471
308;472
308;473
308;474
308;475
308;476
308;477
308;478
308;479
308;480
308;481
308;482
308;483
308;484
308;485
308;486
308;487
308;488
308;489
308;490
308;491
308;492
308;493
308;494
308;495
308;496
308;497
308;498
308;499
308;500
308;501
308;502
308;503
308;504
308;505
308;506
308;507
308;508
308;509
308;510
308;511
308;512
308;513
308;514
308;515
308;516
308;517
308;518
308;519
308;520
308;521
308;522
308;523
308;524
308;525
308;526
308;527
308;528
308;529
308;530
308;531
308;532
308;533
308;534
308;535
308;536
309;14
309;15
309;16
309;17
309;18
309;19
309;20
309;21
309;22
309;23
309;24
309;25
309;26
309;27
309;28
309;29
309;30
309;31
309;32
309;33
309;34
309;35
309;36
309;37
309;38
309;39
309;40
309;41
309;42
309;43
309;44
309;45
309;46
309;47
309;48
309;49
309;50
309;51
309;52
309;53
309;54
309;55
309;56
309;57
309;58
309;59
309;60
309;61
309;62
309;63
309;64
309;65
309;66
309;67
309;68
309;69
309;70
309;71
309;72
309;73
309;74
309;200
309;201
309;202
309;203
309;204
309;205
309;206
309;207
309;208
309;209
309;210
309;211
309;212
309;213
309;214
309;215
309;216
309;332
309;333
309;334
309;335
309;336
309;337
309;338
309;339
309;340
309;341
309;342
309;343
309;344
309;345
309;346
309;347
309;348
309;349
309;350
309;351
309;352
309;353
309;354
309;405
309;406
309;407
309;408
309;409
309;410
309;411
309;412
309;413
309;414
309;415
309;416
309;417
309;418
309;419
309;420
309;421
309;422
309;423
309;424
309;425
309;426
309;427
309;428
309;429
309;430
309;431
309;432
309;433
309;434
309;435
309;436
309;437
309;438
309;439
309;440
309;441
309;442
309;443
309;444
309;445
309;446
309;447
309;448
309;449
309;450
309;451
309;452
309;453
309;454
309;455
309;456
309;457
309;458
309;459
309;460
309;461
309;462
309;463
309;464
309;465
309;466
309;467
309;468
309;469
309;470
309;471
309;472
309;473
309;474
309;475
309;476
309;477
309;478
309;479
309;480
309;481
309;482
309;483
309;484
309;485
309;486
309;487
309;488
309;489
309;490
309;491
309;492
309;493
309;494
309;495
309;496
309;497
309;498
309;499
309;500
309;501
309;502
309;503
309;504
309;505
309;506
309;507
309;508
309;509
309;510
309;511
309;512
309;513
309;514
309;515
309;516
309;517
309;518
309;519
309;520
309;521
309;522
309;523
309;524
309;525
309;526
309;527
309;528
309;529
309;530
309;531
309;532
309;533
309;534
309;535
309;536
310;14
310;15
310;16
310;17
310;18
310;19
310;20
310;21
310;22
310;23
310;24
310;25
310;26
310;27
310;28
310;29
310;30
310;31
310;32
310;33
310;34
310;35
310;36
310;37
310;38
310;39
310;40
310;41
310;42
310;43
310;44
310;45
310;46
310;47
310;48
310;49
310;50
310;51
310;52
310;53
310;54
310;55
310;56
310;57
310;58
310;59
310;60
310;61
310;62
310;63
310;64
310;65
310;66
310;67
310;68
310;69
310;70
310;71
310;72
310;73
310;74
310;200
310;201
310;202
310;203
310;204
310;205
310;206
310;207
310;208
310;209
310;210
310;211
310;212
310;213
310;214
310;215
310;333
310;334
310;335
310;336
310;337
310;338
310;339
310;340
310;341
310;342
310;343
310;344
310;345
310;346
310;347
310;348
310;349
310;350
310;351
310;352
310;353
310;405
310;406
310;407
310;408
310;409
310;410
310;411
310;412
310;413
310;414
310;415
310;416
310;417
310;418
310;419
310;420
310;421
310;422
310;423
310;424
310;425
310;426
310;427
310;428
310;429
310;430
310;431
310;432
310;433
310;434
310;435
310;436
310;437
310;438
310;439
310;440
310;441
310;442
310;443
310;444
310;445
310;446
310;447
310;448
310;449
310;450
310;451
310;452
310;453
310;454
310;455
310;456
310;457
310;458
310;459
310;460
310;461
310;462
310;463
310;464
310;465
310;466
310;467
310;468
310;469
310;470
310;471
310;472
310;473
310;474
310;475
310;476
310;477
310;478
310;479
310;480
310;481
310;482
310;483
310;484
310;485
310;486
310;487
310;488
310;489
310;490
310;491
310;492
310;493
310;494
310;495
310;496
310;497
310;498
310;499
310;500
310;501
310;502
310;503
310;504
310;505
310;506
310;507
310;508
310;509
310;510
310;511
310;512
310;513
310;514
310;515
310;516
310;517
310;518
310;519
310;520
310;521
310;522
310;523
310;524
310;525
310;526
310;527
310;528
310;529
310;530
310;531
310;532
310;533
310;534
310;535
310;536
311;15
311;16
311;17
311;18
311;19
311;20
311;21
311;22
311;23
311;24
311;25
311;26
311;27
311;28
311;29
311;30
311;31
311;32
311;33
311;34
311;35
311;36
311;37
311;38
311;39
311;40
311;41
311;42
311;43
311;44
311;45
311;46
311;47
311;48
311;49
311;50
311;51
311;52
311;53
311;54
311;55
311;56
311;57
311;58
311;59
311;60
311;61
311;62
311;63
311;64
311;65
311;66
311;67
311;68
311;69
311;70
311;71
311;72
311;73
311;202
311;203
311;204
311;205
311;206
311;207
311;208
311;209
311;210
311;211
311;212
311;213
311;214
311;334
311;335
311;336
311;337
311;338
311;339
311;340
311;341
311;342
311;343
311;344
311;345
311;346
311;347
311;348
311;349
311;350
311;351
311;352
311;405
311;406
311;407
311;408
311;409
311;410
311;411
311;412
311;413
311;414
311;415
311;416
311;417
311;418
311;419
311;420
311;421
311;422
311;423
311;424
311;425
311;426
311;427
311;428
311;429
311;430
311;431
311;432
311;433
311;434
311;435
311;436
311;437
311;438
311;439
311;440
311;441
311;442
311;443
311;444
311;445
311;446
311;447
311;448
311;449
311;450
311;451
311;452
311;453
311;454
311;455
311;456
311;457
311;458
311;459
311;460
311;461
311;462
311;463
311;464
311;465
311;466
311;467
311;468
311;469
311;470
311;471
311;472
311;473
311;474
311;475
311;476
311;477
311;478
311;479
311;480
311;481
311;482
311;483
311;484
311;485
311;486
311;487
311;488
311;489
311;490
311;491
311;492
311;493
311;494
311;495
311;496
311;497
311;498
311;499
311;500
311;501
311;502
311;503
311;504
311;505
311;506
311;507
311;508
311;509
311;510
311;511
311;512
311;513
311;514
311;515
311;516
311;517
311;518
311;519
311;520
311;521
311;522
311;523
311;524
311;525
311;526
311;527
311;528
311;529
311;530
311;531
311;532
311;533
311;534
311;535
311;536
312;15
312;16
312;17
312;18
312;19
312;20
312;21
312;22
312;23
312;24
312;25
312;26
312;27
312;28
312;29
312;30
312;31
312;32
312;33
312;34
312;35
312;36
312;37
312;38
312;39
312;40
312;41
312;42
312;43
312;44
312;45
312;46
312;47
312;48
312;49
312;50
312;51
312;52
312;53
312;54
312;55
312;56
312;57
312;58
312;59
312;60
312;61
312;62
312;63
312;64
312;65
312;66
312;67
312;68
312;69
312;70
312;71
312;72
312;202
312;203
312;204
312;205
312;206
312;207
312;208
312;209
312;210
312;211
312;212
312;213
312;334
312;335
312;336
312;337
312;338
312;339
312;340
312;341
312;342
312;343
312;344
312;345
312;346
312;347
312;348
312;349
312;350
312;351
312;405
312;406
312;407
312;408
312;409
312;410
312;411
312;412
312;413
312;414
312;415
312;416
312;417
312;418
312;419
312;420
312;421
312;422
312;423
312;424
312;425
312;426
312;427
312;428
312;429
312;430
312;431
312;432
312;433
312;434
312;435
312;436
312;437
312;438
312;439
312;440
312;441
312;442
312;443
312;444
312;445
312;446
312;447
312;448
312;449
312;450
312;451
312;452
312;453
312;454
312;455
312;456
312;457
312;458
312;459
312;460
312;461
312;462
312;463
312;464
312;465
312;466
312;467
312;468
312;469
312;470
312;471
312;472
312;473
312;474
312;475
312;476
312;477
312;478
312;479
312;480
312;481
312;482
312;483
312;484
312;485
312;486
312;487
312;488
312;489
312;490
312;491
312;492
312;493
312;494
312;495
312;496
312;497
312;498
312;499
312;500
312;501
312;502
312;503
312;504
312;505
312;506
312;507
312;508
312;509
312;510
312;511
312;512
312;513
312;514
312;515
312;516
312;517
312;518
312;519
312;520
312;521
312;522
312;523
312;524
312;525
312;526
312;527
312;528
312;529
312;530
312;531
312;532
312;533
312;534
312;535
312;536
313;16
313;17
313;18
313;19
313;20
313;21
313;22
313;23
313;24
313;25
313;26
313;27
313;28
313;29
313;30
313;31
313;32
313;33
313;34
313;35
313;36
313;37
313;38
313;39
313;40
313;41
313;42
313;43
313;44
313;45
313;46
313;47
313;48
313;49
313;50
313;51
313;52
313;53
313;54
313;55
313;56
313;57
313;58
313;59
313;60
313;61
313;62
313;63
313;64
313;65
313;66
313;67
313;68
313;69
313;70
313;71
313;72
313;204
313;205
313;206
313;207
313;208
313;209
313;210
313;211
313;212
313;334
313;335
313;336
313;337
313;338
313;339
313;340
313;341
313;342
313;343
313;344
313;345
313;346
313;347
313;348
313;349
313;350
313;405
313;406
313;407
313;408
313;409
313;410
313;411
313;412
313;413
313;414
313;415
313;416
313;417
313;418
313;419
313;420
313;421
313;422
313;423
313;424
313;425
313;426
313;427
313;428
313;429
313;430
313;431
313;432
313;433
313;434
313;435
313;436
313;437
313;438
313;439
313;440
313;441
313;442
313;443
313;444
313;445
313;446
313;447
313;448
313;449
313;450
313;451
313;452
313;453
313;454
313;455
313;456
313;457
313;458
313;459
313;460
313;461
313;462
313;463
313;464
313;465
313;466
313;467
313;468
313;469
313;470
313;471
313;472
313;473
313;474
313;475
313;476
313;477
313;478
313;479
313;480
313;481
313;482
313;483
313;484
313;485
313;486
313;487
313;488
313;489
313;490
313;491
313;492
313;493
313;494
313;495
313;496
313;497
313;498
313;499
313;500
313;501
313;502
313;503
313;504
313;505
313;506
313;507
313;508
313;509
313;510
313;511
313;512
313;513
313;514
313;515
313;516
313;517
313;518
313;519
313;520
313;521
313;522
313;523
313;524
313;525
313;526
313;527
313;528
313;529
313;530
313;531
313;532
313;533
313;534
313;535
313;536
314;16
314;17
314;18
314;19
314;20
314;21
314;22
314;23
314;24
314;25
314;26
314;27
314;28
314;29
314;30
314;31
314;32
314;33
314;34
314;35
314;36
314;37
314;38
314;39
314;40
314;41
314;42
314;43
314;44
314;45
314;46
314;47
314;48
314;49
314;50
314;51
314;52
314;53
314;54
314;55
314;56
314;57
314;58
314;59
314;60
314;61
314;62
314;63
314;64
314;65
314;66
314;67
314;68
314;69
314;70
314;71
314;72
314;205
314;206
314;207
314;208
314;209
314;210
314;335
314;336
314;337
314;338
314;339
314;340
314;341
314;342
314;343
314;344
314;345
314;346
314;347
314;348
314;349
314;350
314;405
314;406
314;407
314;408
314;409
314;410
314;411
314;412
314;413
314;414
314;415
314;416
314;417
314;418
314;419
314;420
314;421
314;422
314;423
314;424
314;425
314;426
314;427
314;428
314;429
314;430
314;431
314;432
314;433
314;434
314;435
314;436
314;437
314;438
314;439
314;440
314;441
314;442
314;443
314;444
314;445
314;446
314;447
314;448
314;449
314;450
314;451
314;452
314;453
314;454
314;455
314;456
314;457
314;458
314;459
314;460
314;461
314;462
314;463
314;464
314;465
314;466
314;467
314;468
314;469
314;470
314;471
314;472
314;473
314;474
314;475
314;476
314;477
314;478
314;479
314;480
314;481
314;482
314;483
314;484
314;485
314;486
314;487
314;488
314;489
314;490
314;491
314;492
314;493
314;494
314;495
314;496
314;497
314;498
314;499
314;500
314;501
314;502
314;503
314;504
314;505
314;506
314;507
314;508
314;509
314;510
314;511
314;512
314;513
314;514
314;515
314;516
314;517
314;518
314;519
314;520
314;521
314;522
314;523
314;524
314;525
314;526
314;527
314;528
314;529
314;530
314;531
314;532
314;533
314;534
314;535
314;536
315;17
315;18
315;19
315;20
315;21
315;22
315;23
315;24
315;25
315;26
315;27
315;28
315;29
315;30
315;31
315;32
315;33
315;34
315;35
315;36
315;37
315;38
315;39
315;40
315;41
315;42
315;43
315;44
315;45
315;46
315;47
315;48
315;49
315;50
315;51
315;52
315;53
315;54
315;55
315;56
315;57
315;58
315;59
315;60
315;61
315;62
315;63
315;64
315;65
315;66
315;67
315;68
315;69
315;70
315;71
315;206
315;207
315;208
315;209
315;210
315;335
315;336
315;337
315;338
315;339
315;340
315;341
315;342
315;343
315;344
315;345
315;346
315;347
315;348
315;405
315;406
315;407
315;408
315;409
315;410
315;411
315;412
315;413
315;414
315;415
315;416
315;417
315;418
315;419
315;420
315;421
315;422
315;423
315;424
315;425
315;426
315;427
315;428
315;429
315;430
315;431
315;432
315;433
315;434
315;435
315;436
315;437
315;438
315;439
315;440
315;441
315;442
315;443
315;444
315;445
315;446
315;447
315;448
315;449
315;450
315;451
315;452
315;453
315;454
315;455
315;456
315;457
315;458
315;459
315;460
315;461
315;462
315;463
315;464
315;465
315;466
315;467
315;468
315;469
315;470
315;471
315;472
315;473
315;474
315;475
315;476
315;477
315;478
315;479
315;480
315;481
315;482
315;483
315;484
315;485
315;486
315;487
315;488
315;489
315;490
315;491
315;492
315;493
315;494
315;495
315;496
315;497
315;498
315;499
315;500
315;501
315;502
315;503
315;504
315;505
315;506
315;507
315;508
315;509
315;510
315;511
315;512
315;513
315;514
315;515
315;516
315;517
315;518
315;519
315;520
315;521
315;522
315;523
315;524
315;525
315;526
315;527
315;528
315;529
315;530
315;531
315;532
315;533
315;534
315;535
315;536
316;18
316;19
316;20
316;21
316;22
316;23
316;24
316;25
316;26
316;27
316;28
316;29
316;30
316;31
316;32
316;33
316;34
316;35
316;36
316;37
316;38
316;39
316;40
316;41
316;42
316;43
316;44
316;45
316;46
316;47
316;48
316;49
316;50
316;51
316;52
316;53
316;54
316;55
316;56
316;57
316;58
316;59
316;60
316;61
316;62
316;63
316;64
316;65
316;66
316;67
316;68
316;69
316;70
316;208
316;336
316;337
316;338
316;339
316;340
316;341
316;342
316;343
316;344
316;345
316;346
316;347
316;348
316;405
316;406
316;407
316;408
316;409
316;410
316;411
316;412
316;413
316;414
316;415
316;416
316;417
316;418
316;419
316;420
316;421
316;422
316;423
316;424
316;425
316;426
316;427
316;428
316;429
316;430
316;431
316;432
316;433
316;434
316;435
316;436
316;437
316;438
316;439
316;440
316;441
316;442
316;443
316;444
316;445
316;446
316;447
316;448
316;449
316;450
316;451
316;452
316;453
316;454
316;455
316;456
316;457
316;458
316;459
316;460
316;461
316;462
316;463
316;464
316;465
316;466
316;467
316;468
316;469
316;470
316;471
316;472
316;473
316;474
316;475
316;476
316;477
316;478
316;479
316;480
316;481
316;482
316;483
316;484
316;485
316;486
316;487
316;488
316;489
316;490
316;491
316;492
316;493
316;494
316;495
316;496
316;497
316;498
316;499
316;500
316;501
316;502
316;503
316;504
316;505
316;506
316;507
316;508
316;509
316;510
316;511
316;512
316;513
316;514
316;515
316;516
316;517
316;518
316;519
316;520
316;521
316;522
316;523
316;524
316;525
316;526
316;527
316;528
316;529
316;530
316;531
316;532
316;533
316;534
316;535
316;536
317;18
317;19
317;20
317;21
317;22
317;23
317;24
317;25
317;26
317;27
317;28
317;29
317;30
317;31
317;32
317;33
317;34
317;35
317;36
317;37
317;38
317;39
317;40
317;41
317;42
317;43
317;44
317;45
317;46
317;47
317;48
317;49
317;50
317;51
317;52
317;53
317;54
317;55
317;56
317;57
317;58
317;59
317;60
317;61
317;62
317;63
317;64
317;65
317;66
317;67
317;68
317;69
317;70
317;336
317;337
317;338
317;339
317;340
317;341
317;342
317;343
317;344
317;345
317;346
317;405
317;406
317;407
317;408
317;409
317;410
317;411
317;412
317;413
317;414
317;415
317;416
317;417
317;418
317;419
317;420
317;421
317;422
317;423
317;424
317;425
317;426
317;427
317;428
317;429
317;430
317;431
317;432
317;433
317;434
317;435
317;436
317;437
317;438
317;439
317;440
317;441
317;442
317;443
317;444
317;445
317;446
317;447
317;448
317;449
317;450
317;451
317;452
317;453
317;454
317;455
317;456
317;457
317;458
317;459
317;460
317;461
317;462
317;463
317;464
317;465
317;466
317;467
317;468
317;469
317;470
317;471
317;472
317;473
317;474
317;475
317;476
317;477
317;478
317;479
317;480
317;481
317;482
317;483
317;484
317;485
317;486
317;487
317;488
317;489
317;490
317;491
317;492
317;493
317;494
317;495
317;496
317;497
317;498
317;499
317;500
317;501
317;502
317;503
317;504
317;505
317;506
317;507
317;508
317;509
317;510
317;511
317;512
317;513
317;514
317;515
317;516
317;517
317;518
317;519
317;520
317;521
317;522
317;523
317;524
317;525
317;526
317;527
317;528
317;529
317;530
317;531
317;532
317;533
317;534
317;535
317;536
318;20
318;21
318;22
318;23
318;24
318;25
318;26
318;27
318;28
318;29
318;30
318;31
318;32
318;33
318;34
318;35
318;36
318;37
318;38
318;39
318;40
318;41
318;42
318;43
318;44
318;45
318;46
318;47
318;48
318;49
318;50
318;51
318;52
318;53
318;54
318;55
318;56
318;57
318;58
318;59
318;60
318;61
318;62
318;63
318;64
318;65
318;66
318;67
318;68
318;337
318;338
318;339
318;340
318;341
318;342
318;343
318;344
318;345
318;346
318;405
318;406
318;407
318;408
318;409
318;410
318;411
318;412
318;413
318;414
318;415
318;416
318;417
318;418
318;419
318;420
318;421
318;422
318;423
318;424
318;425
318;426
318;427
318;428
318;429
318;430
318;431
318;432
318;433
318;434
318;435
318;436
318;437
318;438
318;439
318;440
318;441
318;442
318;443
318;444
318;445
318;446
318;447
318;448
318;449
318;450
318;451
318;452
318;453
318;454
318;455
318;456
318;457
318;458
318;459
318;460
318;461
318;462
318;463
318;464
318;465
318;466
318;467
318;468
318;469
318;470
318;471
318;472
318;473
318;474
318;475
318;476
318;477
318;478
318;479
318;480
318;481
318;482
318;483
318;484
318;485
318;486
318;487
318;488
318;489
318;490
318;491
318;492
318;493
318;494
318;495
318;496
318;497
318;498
318;499
318;500
318;501
318;502
318;503
318;504
318;505
318;506
318;507
318;508
318;509
318;510
318;511
318;512
318;513
318;514
318;515
318;516
318;517
318;518
318;519
318;520
318;521
318;522
318;523
318;524
318;525
318;526
318;527
318;528
318;529
318;530
318;531
318;532
318;533
318;534
318;535
318;536
319;20
319;21
319;22
319;23
319;24
319;25
319;26
319;27
319;28
319;29
319;30
319;31
319;32
319;33
319;34
319;35
319;36
319;37
319;38
319;39
319;40
319;41
319;42
319;43
319;44
319;45
319;46
319;47
319;48
319;49
319;50
319;51
319;52
319;53
319;54
319;55
319;56
319;57
319;58
319;59
319;60
319;61
319;62
319;63
319;64
319;65
319;66
319;67
319;68
319;337
319;338
319;339
319;340
319;341
319;342
319;343
319;344
319;345
319;405
319;406
319;407
319;408
319;409
319;410
319;411
319;412
319;413
319;414
319;415
319;416
319;417
319;418
319;419
319;420
319;421
319;422
319;423
319;424
319;425
319;426
319;427
319;428
319;429
319;430
319;431
319;432
319;433
319;434
319;435
319;436
319;437
319;438
319;439
319;440
319;441
319;442
319;443
319;444
319;445
319;446
319;447
319;448
319;449
319;450
319;451
319;452
319;453
319;454
319;455
319;456
319;457
319;458
319;459
319;460
319;461
319;462
319;463
319;464
319;465
319;466
319;467
319;468
319;469
319;470
319;471
319;472
319;473
319;474
319;475
319;476
319;477
319;478
319;479
319;480
319;481
319;482
319;483
319;484
319;485
319;486
319;487
319;488
319;489
319;490
319;491
319;492
319;493
319;494
319;495
319;496
319;497
319;498
319;499
319;500
319;501
319;502
319;503
319;504
319;505
319;506
319;507
319;508
319;509
319;510
319;511
319;512
319;513
319;514
319;515
319;516
319;517
319;518
319;519
319;520
319;521
319;522
319;523
319;524
319;525
319;526
319;527
319;528
319;529
319;530
319;531
319;532
319;533
319;534
319;535
319;536
320;22
320;23
320;24
320;25
320;26
320;27
320;28
320;29
320;30
320;31
320;32
320;33
320;34
320;35
320;36
320;37
320;38
320;39
320;40
320;41
320;42
320;43
320;44
320;45
320;46
320;47
320;48
320;49
320;50
320;51
320;52
320;53
320;54
320;55
320;56
320;57
320;58
320;59
320;60
320;61
320;62
320;63
320;64
320;65
320;66
320;338
320;339
320;340
320;341
320;342
320;343
320;344
320;404
320;405
320;406
320;407
320;408
320;409
320;410
320;411
320;412
320;413
320;414
320;415
320;416
320;417
320;418
320;419
320;420
320;421
320;422
320;423
320;424
320;425
320;426
320;427
320;428
320;429
320;430
320;431
320;432
320;433
320;434
320;435
320;436
320;437
320;438
320;439
320;440
320;441
320;442
320;443
320;444
320;445
320;446
320;447
320;448
320;449
320;450
320;451
320;452
320;453
320;454
320;455
320;456
320;457
320;458
320;459
320;460
320;461
320;462
320;463
320;464
320;465
320;466
320;467
320;468
320;469
320;470
320;471
320;472
320;473
320;474
320;475
320;476
320;477
320;478
320;479
320;480
320;481
320;482
320;483
320;484
320;485
320;486
320;487
320;488
320;489
320;490
320;491
320;492
320;493
320;494
320;495
320;496
320;497
320;498
320;499
320;500
320;501
320;502
320;503
320;504
320;505
320;506
320;507
320;508
320;509
320;510
320;511
320;512
320;513
320;514
320;515
320;516
320;517
320;518
320;519
320;520
320;521
320;522
320;523
320;524
320;525
320;526
320;527
320;528
320;529
320;530
320;531
320;532
320;533
320;534
320;535
320;536
321;22
321;23
321;24
321;25
321;26
321;27
321;28
321;29
321;30
321;31
321;32
321;33
321;34
321;35
321;36
321;37
321;38
321;39
321;40
321;41
321;42
321;43
321;44
321;45
321;46
321;47
321;48
321;49
321;50
321;51
321;52
321;53
321;54
321;55
321;56
321;57
321;58
321;59
321;60
321;61
321;62
321;63
321;64
321;65
321;66
321;338
321;339
321;340
321;341
321;342
321;343
321;404
321;405
321;406
321;407
321;408
321;409
321;410
321;411
321;412
321;413
321;414
321;415
321;416
321;417
321;418
321;419
321;420
321;421
321;422
321;423
321;424
321;425
321;426
321;427
321;428
321;429
321;430
321;431
321;432
321;433
321;434
321;435
321;436
321;437
321;438
321;439
321;440
321;441
321;442
321;443
321;444
321;445
321;446
321;447
321;448
321;449
321;450
321;451
321;452
321;453
321;454
321;455
321;456
321;457
321;458
321;459
321;460
321;461
321;462
321;463
321;464
321;465
321;466
321;467
321;468
321;469
321;470
321;471
321;472
321;473
321;474
321;475
321;476
321;477
321;478
321;479
321;480
321;481
321;482
321;483
321;484
321;485
321;486
321;487
321;488
321;489
321;490
321;491
321;492
321;493
321;494
321;495
321;496
321;497
321;498
321;499
321;500
321;501
321;502
321;503
321;504
321;505
321;506
321;507
321;508
321;509
321;510
321;511
321;512
321;513
321;514
321;515
321;516
321;517
321;518
321;519
321;520
321;521
321;522
321;523
321;524
321;525
321;526
321;527
321;528
321;529
321;530
321;531
321;532
321;533
321;534
321;535
322;24
322;25
322;26
322;27
322;28
322;29
322;30
322;31
322;32
322;33
322;34
322;35
322;36
322;37
322;38
322;39
322;40
322;41
322;42
322;43
322;44
322;45
322;46
322;47
322;48
322;49
322;50
322;51
322;52
322;53
322;54
322;55
322;56
322;57
322;58
322;59
322;60
322;61
322;62
322;63
322;64
322;338
322;339
322;340
322;341
322;342
322;404
322;405
322;406
322;407
322;408
322;409
322;410
322;411
322;412
322;413
322;414
322;415
322;416
322;417
322;418
322;419
322;420
322;421
322;422
322;423
322;424
322;425
322;426
322;427
322;428
322;429
322;430
322;431
322;432
322;433
322;434
322;435
322;436
322;437
322;438
322;439
322;440
322;441
322;442
322;443
322;444
322;445
322;446
322;447
322;448
322;449
322;450
322;451
322;452
322;453
322;454
322;455
322;456
322;457
322;458
322;459
322;460
322;461
322;462
322;463
322;464
322;465
322;466
322;467
322;468
322;469
322;470
322;471
322;472
322;473
322;474
322;475
322;476
322;477
322;478
322;479
322;480
322;481
322;482
322;483
322;484
322;485
322;486
322;487
322;488
322;489
322;490
322;491
322;492
322;493
322;494
322;495
322;496
322;497
322;498
322;499
322;500
322;501
322;502
322;503
322;504
322;505
322;506
322;507
322;508
322;509
322;510
322;511
322;512
322;513
322;514
322;515
322;516
322;517
322;518
322;519
322;520
322;521
322;522
322;523
322;524
322;525
322;526
322;527
322;528
322;529
322;530
322;531
322;532
322;533
322;534
322;535
323;26
323;27
323;28
323;29
323;30
323;31
323;32
323;33
323;34
323;35
323;36
323;37
323;38
323;39
323;40
323;41
323;42
323;43
323;44
323;45
323;46
323;47
323;48
323;49
323;50
323;51
323;52
323;53
323;54
323;55
323;56
323;57
323;58
323;59
323;60
323;61
323;62
323;339
323;340
323;341
323;404
323;405
323;406
323;407
323;408
323;409
323;410
323;411
323;412
323;413
323;414
323;415
323;416
323;417
323;418
323;419
323;420
323;421
323;422
323;423
323;424
323;425
323;426
323;427
323;428
323;429
323;430
323;431
323;432
323;433
323;434
323;435
323;436
323;437
323;438
323;439
323;440
323;441
323;442
323;443
323;444
323;445
323;446
323;447
323;448
323;449
323;450
323;451
323;452
323;453
323;454
323;455
323;456
323;457
323;458
323;459
323;460
323;461
323;462
323;463
323;464
323;465
323;466
323;467
323;468
323;469
323;470
323;471
323;472
323;473
323;474
323;475
323;476
323;477
323;478
323;479
323;480
323;481
323;482
323;483
323;484
323;485
323;486
323;487
323;488
323;489
323;490
323;491
323;492
323;493
323;494
323;495
323;496
323;497
323;498
323;499
323;500
323;501
323;502
323;503
323;504
323;505
323;506
323;507
323;508
323;509
323;510
323;511
323;512
323;513
323;514
323;515
323;516
323;517
323;518
323;519
323;520
323;521
323;522
323;523
323;524
323;525
323;526
323;527
323;528
323;529
323;530
323;531
323;532
323;533
323;534
323;535
324;27
324;28
324;29
324;30
324;31
324;32
324;33
324;34
324;35
324;36
324;37
324;38
324;39
324;40
324;41
324;42
324;43
324;44
324;45
324;46
324;47
324;48
324;49
324;50
324;51
324;52
324;53
324;54
324;55
324;56
324;57
324;58
324;59
324;60
324;339
324;340
324;404
324;405
324;406
324;407
324;408
324;409
324;410
324;411
324;412
324;413
324;414
324;415
324;416
324;417
324;418
324;419
324;420
324;421
324;422
324;423
324;424
324;425
324;426
324;427
324;428
324;429
324;430
324;431
324;432
324;433
324;434
324;435
324;436
324;437
324;438
324;439
324;440
324;441
324;442
324;443
324;444
324;445
324;446
324;447
324;448
324;449
324;450
324;451
324;452
324;453
324;454
324;455
324;456
324;457
324;458
324;459
324;460
324;461
324;462
324;463
324;464
324;465
324;466
324;467
324;468
324;469
324;470
324;471
324;472
324;473
324;474
324;475
324;476
324;477
324;478
324;479
324;480
324;481
324;482
324;483
324;484
324;485
324;486
324;487
324;488
324;489
324;490
324;491
324;492
324;493
324;494
324;495
324;496
324;497
324;498
324;499
324;500
324;501
324;502
324;503
324;504
324;505
324;506
324;507
324;508
324;509
324;510
324;511
324;512
324;513
324;514
324;515
324;516
324;517
324;518
324;519
324;520
324;521
324;522
324;523
324;524
324;525
324;526
324;527
324;528
324;529
324;530
324;531
324;532
324;533
324;534
324;535
325;28
325;29
325;30
325;31
325;32
325;33
325;34
325;35
325;36
325;37
325;38
325;39
325;40
325;41
325;42
325;43
325;44
325;45
325;46
325;47
325;48
325;49
325;50
325;51
325;52
325;53
325;54
325;55
325;56
325;57
325;58
325;404
325;405
325;406
325;407
325;408
325;409
325;410
325;411
325;412
325;413
325;414
325;415
325;416
325;417
325;418
325;419
325;420
325;421
325;422
325;423
325;424
325;425
325;426
325;427
325;428
325;429
325;430
325;431
325;432
325;433
325;434
325;435
325;436
325;437
325;438
325;439
325;440
325;441
325;442
325;443
325;444
325;445
325;446
325;447
325;448
325;449
325;450
325;451
325;452
325;453
325;454
325;455
325;456
325;457
325;458
325;459
325;460
325;461
325;462
325;463
325;464
325;465
325;466
325;467
325;468
325;469
325;470
325;471
325;472
325;473
325;474
325;475
325;476
325;477
325;478
325;479
325;480
325;481
325;482
325;483
325;484
325;485
325;486
325;487
325;488
325;489
325;490
325;491
325;492
325;493
325;494
325;495
325;496
325;497
325;498
325;499
325;500
325;501
325;502
325;503
325;504
325;505
325;506
325;507
325;508
325;509
325;510
325;511
325;512
325;513
325;514
325;515
325;516
325;517
325;518
325;519
325;520
325;521
325;522
325;523
325;524
325;525
325;526
325;527
325;528
325;529
325;530
325;531
325;532
325;533
325;534
326;32
326;33
326;34
326;35
326;36
326;37
326;38
326;39
326;40
326;41
326;42
326;43
326;44
326;45
326;46
326;47
326;48
326;49
326;50
326;51
326;52
326;53
326;54
326;55
326;56
326;404
326;405
326;406
326;407
326;408
326;409
326;410
326;411
326;412
326;413
326;414
326;415
326;416
326;417
326;418
326;419
326;420
326;421
326;422
326;423
326;424
326;425
326;426
326;427
326;428
326;429
326;430
326;431
326;432
326;433
326;434
326;435
326;436
326;437
326;438
326;439
326;440
326;441
326;442
326;443
326;444
326;445
326;446
326;447
326;448
326;449
326;450
326;451
326;452
326;453
326;454
326;455
326;456
326;457
326;458
326;459
326;460
326;461
326;462
326;463
326;464
326;465
326;466
326;467
326;468
326;469
326;470
326;471
326;472
326;473
326;474
326;475
326;476
326;477
326;478
326;479
326;480
326;481
326;482
326;483
326;484
326;485
326;486
326;487
326;488
326;489
326;490
326;491
326;492
326;493
326;494
326;495
326;496
326;497
326;498
326;499
326;500
326;501
326;502
326;503
326;504
326;505
326;506
326;507
326;508
326;509
326;510
326;511
326;512
326;513
326;514
326;515
326;516
326;517
326;518
326;519
326;520
326;521
326;522
326;523
326;524
326;525
326;526
326;527
326;528
326;529
326;530
326;531
326;532
326;533
326;534
327;34
327;35
327;36
327;37
327;38
327;39
327;40
327;41
327;42
327;43
327;44
327;45
327;46
327;47
327;48
327;49
327;50
327;51
327;52
327;53
327;54
327;404
327;405
327;406
327;407
327;408
327;409
327;410
327;411
327;412
327;413
327;414
327;415
327;416
327;417
327;418
327;419
327;420
327;421
327;422
327;423
327;424
327;425
327;426
327;427
327;428
327;429
327;430
327;431
327;432
327;433
327;434
327;435
327;436
327;437
327;438
327;439
327;440
327;441
327;442
327;443
327;444
327;445
327;446
327;447
327;448
327;449
327;450
327;451
327;452
327;453
327;454
327;455
327;456
327;457
327;458
327;459
327;460
327;461
327;462
327;463
327;464
327;465
327;466
327;467
327;468
327;469
327;470
327;471
327;472
327;473
327;474
327;475
327;476
327;477
327;478
327;479
327;480
327;481
327;482
327;483
327;484
327;485
327;486
327;487
327;488
327;489
327;490
327;491
327;492
327;493
327;494
327;495
327;496
327;497
327;498
327;499
327;500
327;501
327;502
327;503
327;504
327;505
327;506
327;507
327;508
327;509
327;510
327;511
327;512
327;513
327;514
327;515
327;516
327;517
327;518
327;519
327;520
327;521
327;522
327;523
327;524
327;525
327;526
327;527
327;528
327;529
327;530
327;531
327;532
327;533
327;534
328;38
328;40
328;41
328;42
328;43
328;44
328;45
328;46
328;47
328;48
328;50
328;404
328;405
328;406
328;407
328;408
328;409
328;410
328;411
328;412
328;413
328;414
328;415
328;416
328;417
328;418
328;419
328;420
328;421
328;422
328;423
328;424
328;425
328;426
328;427
328;428
328;429
328;430
328;431
328;432
328;433
328;434
328;435
328;436
328;437
328;438
328;439
328;440
328;441
328;442
328;443
328;444
328;445
328;446
328;447
328;448
328;449
328;450
328;451
328;452
328;453
328;454
328;455
328;456
328;457
328;458
328;459
328;460
328;461
328;462
328;463
328;464
328;465
328;466
328;467
328;468
328;469
328;470
328;471
328;472
328;473
328;474
328;475
328;476
328;477
328;478
328;479
328;480
328;481
328;482
328;483
328;484
328;485
328;486
328;487
328;488
328;489
328;490
328;491
328;492
328;493
328;494
328;495
328;496
328;497
328;498
328;499
328;500
328;501
328;502
328;503
328;504
328;505
328;506
328;507
328;508
328;509
328;510
328;511
328;512
328;513
328;514
328;515
328;516
328;517
328;518
328;519
328;520
328;521
328;522
328;523
328;524
328;525
328;526
328;527
328;528
328;529
328;530
328;531
328;532
328;533
328;534
329;404
329;405
329;406
329;407
329;408
329;409
329;410
329;411
329;412
329;413
329;414
329;415
329;416
329;417
329;418
329;419
329;420
329;421
329;422
329;423
329;424
329;425
329;426
329;427
329;428
329;429
329;430
329;431
329;432
329;433
329;434
329;435
329;436
329;437
329;438
329;439
329;440
329;441
329;442
329;443
329;444
329;445
329;446
329;447
329;448
329;449
329;450
329;451
329;452
329;453
329;454
329;455
329;456
329;457
329;458
329;459
329;460
329;461
329;462
329;463
329;464
329;465
329;466
329;467
329;468
329;469
329;470
329;471
329;472
329;473
329;474
329;475
329;476
329;477
329;478
329;479
329;480
329;481
329;482
329;483
329;484
329;485
329;486
329;487
329;488
329;489
329;490
329;491
329;492
329;493
329;494
329;495
329;496
329;497
329;498
329;499
329;500
329;501
329;502
329;503
329;504
329;505
329;506
329;507
329;508
329;509
329;510
329;511
329;512
329;513
329;514
329;515
329;516
329;517
329;518
329;519
329;520
329;521
329;522
329;523
329;524
329;525
329;526
329;527
329;528
329;529
329;530
329;531
329;532
329;533
329;534
330;404
330;405
330;406
330;407
330;408
330;409
330;410
330;411
330;412
330;413
330;414
330;415
330;416
330;417
330;418
330;419
330;420
330;421
330;422
330;423
330;424
330;425
330;426
330;427
330;428
330;429
330;430
330;431
330;432
330;433
330;434
330;435
330;436
330;437
330;438
330;439
330;440
330;441
330;442
330;443
330;444
330;445
330;446
330;447
330;448
330;449
330;450
330;451
330;452
330;453
330;454
330;455
330;456
330;457
330;458
330;459
330;460
330;461
330;462
330;463
330;464
330;465
330;466
330;467
330;468
330;469
330;470
330;471
330;472
330;473
330;474
330;475
330;476
330;477
330;478
330;479
330;480
330;481
330;482
330;483
330;484
330;485
330;486
330;487
330;488
330;489
330;490
330;491
330;492
330;493
330;494
330;495
330;496
330;497
330;498
330;499
330;500
330;501
330;502
330;503
330;504
330;505
330;506
330;507
330;508
330;509
330;510
330;511
330;512
330;513
330;514
330;515
330;516
330;517
330;518
330;519
330;520
330;521
330;522
330;523
330;524
330;525
330;526
330;527
330;528
330;529
330;530
330;531
330;532
330;533
331;404
331;405
331;406
331;407
331;408
331;409
331;410
331;411
331;412
331;413
331;414
331;415
331;416
331;417
331;418
331;419
331;420
331;421
331;422
331;423
331;424
331;425
331;426
331;427
331;428
331;429
331;430
331;431
331;432
331;433
331;434
331;435
331;436
331;437
331;438
331;439
331;440
331;441
331;442
331;443
331;444
331;445
331;446
331;447
331;448
331;449
331;450
331;451
331;452
331;453
331;454
331;455
331;456
331;457
331;458
331;459
331;460
331;461
331;462
331;463
331;464
331;465
331;466
331;467
331;468
331;469
331;470
331;471
331;472
331;473
331;474
331;475
331;476
331;477
331;478
331;479
331;480
331;481
331;482
331;483
331;484
331;485
331;486
331;487
331;488
331;489
331;490
331;491
331;492
331;493
331;494
331;495
331;496
331;497
331;498
331;499
331;500
331;501
331;502
331;503
331;504
331;505
331;506
331;507
331;508
331;509
331;510
331;511
331;512
331;513
331;514
331;515
331;516
331;517
331;518
331;519
331;520
331;521
331;522
331;523
331;524
331;525
331;526
331;527
331;528
331;529
331;530
331;531
331;532
331;533
332;404
332;405
332;406
332;407
332;408
332;409
332;410
332;411
332;412
332;413
332;414
332;415
332;416
332;417
332;418
332;419
332;420
332;421
332;422
332;423
332;424
332;425
332;426
332;427
332;428
332;429
332;430
332;431
332;432
332;433
332;434
332;435
332;436
332;437
332;438
332;439
332;440
332;441
332;442
332;443
332;444
332;445
332;446
332;447
332;448
332;449
332;450
332;451
332;452
332;453
332;454
332;455
332;456
332;457
332;458
332;459
332;460
332;461
332;462
332;463
332;464
332;465
332;466
332;467
332;468
332;469
332;470
332;471
332;472
332;473
332;474
332;475
332;476
332;477
332;478
332;479
332;480
332;481
332;482
332;483
332;484
332;485
332;486
332;487
332;488
332;489
332;490
332;491
332;492
332;493
332;494
332;495
332;496
332;497
332;498
332;499
332;500
332;501
332;502
332;503
332;504
332;505
332;506
332;507
332;508
332;509
332;510
332;511
332;512
332;513
332;514
332;515
332;516
332;517
332;518
332;519
332;520
332;521
332;522
332;523
332;524
332;525
332;526
332;527
332;528
332;529
332;530
332;531
332;532
332;533
333;404
333;405
333;406
333;407
333;408
333;409
333;410
333;411
333;412
333;413
333;414
333;415
333;416
333;417
333;418
333;419
333;420
333;421
333;422
333;423
333;424
333;425
333;426
333;427
333;428
333;429
333;430
333;431
333;432
333;433
333;434
333;435
333;436
333;437
333;438
333;439
333;440
333;441
333;442
333;443
333;444
333;445
333;446
333;447
333;448
333;449
333;450
333;451
333;452
333;453
333;454
333;455
333;456
333;457
333;458
333;459
333;460
333;461
333;462
333;463
333;464
333;465
333;466
333;467
333;468
333;469
333;470
333;471
333;472
333;473
333;474
333;475
333;476
333;477
333;478
333;479
333;480
333;481
333;482
333;483
333;484
333;485
333;486
333;487
333;488
333;489
333;490
333;491
333;492
333;493
333;494
333;495
333;496
333;497
333;498
333;499
333;500
333;501
333;502
333;503
333;504
333;505
333;506
333;507
333;508
333;509
333;510
333;511
333;512
333;513
333;514
333;515
333;516
333;517
333;518
333;519
333;520
333;521
333;522
333;523
333;524
333;525
333;526
333;527
333;528
333;529
333;530
333;531
333;532
333;533
334;404
334;405
334;406
334;407
334;408
334;409
334;410
334;411
334;412
334;413
334;414
334;415
334;416
334;417
334;418
334;419
334;420
334;421
334;422
334;423
334;424
334;425
334;426
334;427
334;428
334;429
334;430
334;431
334;432
334;433
334;434
334;435
334;436
334;437
334;438
334;439
334;440
334;441
334;442
334;443
334;444
334;445
334;446
334;447
334;448
334;449
334;450
334;451
334;452
334;453
334;454
334;455
334;456
334;457
334;458
334;459
334;460
334;461
334;462
334;463
334;464
334;465
334;466
334;467
334;468
334;469
334;470
334;471
334;472
334;473
334;474
334;475
334;476
334;477
334;478
334;479
334;480
334;481
334;482
334;483
334;484
334;485
334;486
334;487
334;488
334;489
334;490
334;491
334;492
334;493
334;494
334;495
334;496
334;497
334;498
334;499
334;500
334;501
334;502
334;503
334;504
334;505
334;506
334;507
334;508
334;509
334;510
334;511
334;512
334;513
334;514
334;515
334;516
334;517
334;518
334;519
334;520
334;521
334;522
334;523
334;524
334;525
334;526
334;527
334;528
334;529
334;530
334;531
334;532
335;404
335;405
335;406
335;407
335;408
335;409
335;410
335;411
335;412
335;413
335;414
335;415
335;416
335;417
335;418
335;419
335;420
335;421
335;422
335;423
335;424
335;425
335;426
335;427
335;428
335;429
335;430
335;431
335;432
335;433
335;434
335;435
335;436
335;437
335;438
335;439
335;440
335;441
335;442
335;443
335;444
335;445
335;446
335;447
335;448
335;449
335;450
335;451
335;452
335;453
335;454
335;455
335;456
335;457
335;458
335;459
335;460
335;461
335;462
335;463
335;464
335;465
335;466
335;467
335;468
335;469
335;470
335;471
335;472
335;473
335;474
335;475
335;476
335;477
335;478
335;479
335;480
335;481
335;482
335;483
335;484
335;485
335;486
335;487
335;488
335;489
335;490
335;491
335;492
335;493
335;494
335;495
335;496
335;497
335;498
335;499
335;500
335;501
335;502
335;503
335;504
335;505
335;506
335;507
335;508
335;509
335;510
335;511
335;512
335;513
335;514
335;515
335;516
335;517
335;518
335;519
335;520
335;521
335;522
335;523
335;524
335;525
335;526
335;527
335;528
335;529
335;530
335;531
335;532
336;404
336;405
336;406
336;407
336;408
336;409
336;410
336;411
336;412
336;413
336;414
336;415
336;416
336;417
336;418
336;419
336;420
336;421
336;422
336;423
336;424
336;425
336;426
336;427
336;428
336;429
336;430
336;431
336;432
336;433
336;434
336;435
336;436
336;437
336;438
336;439
336;440
336;441
336;442
336;443
336;444
336;445
336;446
336;447
336;448
336;449
336;450
336;451
336;452
336;453
336;454
336;455
336;456
336;457
336;458
336;459
336;460
336;461
336;462
336;463
336;464
336;465
336;466
336;467
336;468
336;469
336;470
336;471
336;472
336;473
336;474
336;475
336;476
336;477
336;478
336;479
336;480
336;481
336;482
336;483
336;484
336;485
336;486
336;487
336;488
336;489
336;490
336;491
336;492
336;493
336;494
336;495
336;496
336;497
336;498
336;499
336;500
336;501
336;502
336;503
336;504
336;505
336;506
336;507
336;508
336;509
336;510
336;511
336;512
336;513
336;514
336;515
336;516
336;517
336;518
336;519
336;520
336;521
336;522
336;523
336;524
336;525
336;526
336;527
336;528
336;529
336;530
336;531
336;532
337;404
337;405
337;406
337;407
337;408
337;409
337;410
337;411
337;412
337;413
337;414
337;415
337;416
337;417
337;418
337;419
337;420
337;421
337;422
337;423
337;424
337;425
337;426
337;427
337;428
337;429
337;430
337;431
337;432
337;433
337;434
337;435
337;436
337;437
337;438
337;439
337;440
337;441
337;442
337;443
337;444
337;445
337;446
337;447
337;448
337;449
337;450
337;451
337;452
337;453
337;454
337;455
337;456
337;457
337;458
337;459
337;460
337;461
337;462
337;463
337;464
337;465
337;466
337;467
337;468
337;469
337;470
337;471
337;472
337;473
337;474
337;475
337;476
337;477
337;478
337;479
337;480
337;481
337;482
337;483
337;484
337;485
337;486
337;487
337;488
337;489
337;490
337;491
337;492
337;493
337;494
337;495
337;496
337;497
337;498
337;499
337;500
337;501
337;502
337;503
337;504
337;505
337;506
337;507
337;508
337;509
337;510
337;511
337;512
337;513
337;514
337;515
337;516
337;517
337;518
337;519
337;520
337;521
337;522
337;523
337;524
337;525
337;526
337;527
337;528
337;529
337;530
337;531
337;532
338;404
338;405
338;406
338;407
338;408
338;409
338;410
338;411
338;412
338;413
338;414
338;415
338;416
338;417
338;418
338;419
338;420
338;421
338;422
338;423
338;424
338;425
338;426
338;427
338;428
338;429
338;430
338;431
338;432
338;433
338;434
338;435
338;436
338;437
338;438
338;439
338;440
338;441
338;442
338;443
338;444
338;445
338;446
338;447
338;448
338;449
338;450
338;451
338;452
338;453
338;454
338;455
338;456
338;457
338;458
338;459
338;460
338;461
338;462
338;463
338;464
338;465
338;466
338;467
338;468
338;469
338;470
338;471
338;472
338;473
338;474
338;475
338;476
338;477
338;478
338;479
338;480
338;481
338;482
338;483
338;484
338;485
338;486
338;487
338;490
338;491
338;492
338;493
338;494
338;495
338;496
338;497
338;498
338;499
338;500
338;501
338;502
338;503
338;504
338;505
338;506
338;507
338;508
338;509
338;510
338;511
338;512
338;513
338;514
338;515
338;516
338;517
338;518
338;519
338;520
338;521
338;522
338;523
338;524
338;525
338;526
338;527
338;528
338;529
338;530
338;531
338;532
339;404
339;405
339;406
339;407
339;408
339;409
339;410
339;411
339;412
339;413
339;414
339;415
339;416
339;417
339;418
339;419
339;420
339;421
339;422
339;423
339;424
339;425
339;426
339;427
339;428
339;429
339;430
339;431
339;432
339;433
339;434
339;435
339;436
339;437
339;438
339;439
339;440
339;441
339;442
339;443
339;444
339;445
339;446
339;447
339;448
339;449
339;450
339;451
339;452
339;453
339;454
339;455
339;456
339;457
339;458
339;459
339;460
339;461
339;462
339;463
339;464
339;465
339;466
339;467
339;468
339;469
339;470
339;471
339;472
339;473
339;474
339;475
339;476
339;477
339;478
339;479
339;480
339;481
339;482
339;483
339;484
339;485
339;486
339;487
339;491
339;492
339;493
339;494
339;495
339;496
339;497
339;498
339;499
339;500
339;501
339;502
339;503
339;504
339;505
339;506
339;507
339;508
339;509
339;510
339;511
339;512
339;513
339;514
339;515
339;516
339;517
339;518
339;519
339;520
339;521
339;522
339;523
339;524
339;525
339;526
339;527
339;528
339;529
339;530
339;531
340;404
340;405
340;406
340;407
340;408
340;409
340;410
340;411
340;412
340;413
340;414
340;415
340;416
340;417
340;418
340;419
340;420
340;421
340;422
340;423
340;424
340;425
340;426
340;427
340;428
340;429
340;430
340;431
340;432
340;433
340;434
340;435
340;436
340;437
340;438
340;439
340;440
340;441
340;442
340;443
340;444
340;445
340;446
340;447
340;448
340;449
340;450
340;451
340;452
340;453
340;454
340;455
340;456
340;457
340;458
340;459
340;460
340;461
340;462
340;463
340;464
340;465
340;466
340;467
340;468
340;469
340;470
340;471
340;472
340;473
340;474
340;475
340;476
340;477
340;478
340;479
340;480
340;481
340;482
340;483
340;484
340;485
340;486
340;487
340;492
340;493
340;494
340;495
340;496
340;497
340;498
340;499
340;500
340;501
340;502
340;503
340;504
340;505
340;506
340;507
340;508
340;509
340;510
340;511
340;512
340;513
340;514
340;515
340;516
340;517
340;518
340;519
340;520
340;521
340;522
340;523
340;524
340;525
340;526
340;527
340;528
340;529
340;530
340;531
341;404
341;405
341;406
341;407
341;408
341;409
341;410
341;411
341;412
341;413
341;414
341;415
341;416
341;417
341;418
341;419
341;420
341;421
341;422
341;423
341;424
341;425
341;426
341;427
341;428
341;429
341;430
341;431
341;432
341;433
341;434
341;435
341;436
341;437
341;438
341;439
341;440
341;441
341;442
341;443
341;444
341;445
341;446
341;447
341;448
341;449
341;450
341;451
341;452
341;453
341;454
341;455
341;456
341;457
341;458
341;459
341;460
341;461
341;462
341;463
341;464
341;465
341;466
341;467
341;468
341;469
341;470
341;471
341;472
341;473
341;474
341;475
341;476
341;477
341;478
341;479
341;480
341;481
341;482
341;483
341;484
341;485
341;486
341;487
341;494
341;495
341;496
341;497
341;498
341;499
341;500
341;501
341;502
341;503
341;504
341;505
341;506
341;507
341;508
341;509
341;510
341;511
341;512
341;513
341;514
341;515
341;516
341;517
341;518
341;519
341;520
341;521
341;522
341;523
341;524
341;525
341;526
341;527
341;528
341;529
341;530
341;531
342;404
342;405
342;406
342;407
342;408
342;409
342;410
342;411
342;412
342;413
342;414
342;415
342;416
342;417
342;418
342;419
342;420
342;421
342;422
342;423
342;424
342;425
342;426
342;427
342;428
342;429
342;430
342;431
342;432
342;433
342;434
342;435
342;436
342;437
342;438
342;439
342;440
342;441
342;442
342;443
342;444
342;445
342;446
342;447
342;448
342;449
342;450
342;451
342;452
342;453
342;454
342;455
342;456
342;457
342;458
342;459
342;460
342;461
342;462
342;463
342;464
342;465
342;466
342;467
342;468
342;469
342;470
342;471
342;472
342;473
342;474
342;475
342;476
342;477
342;478
342;479
342;480
342;481
342;482
342;483
342;484
342;485
342;486
342;487
342;494
342;495
342;496
342;497
342;498
342;499
342;500
342;501
342;502
342;503
342;504
342;505
342;506
342;507
342;508
342;509
342;510
342;511
342;512
342;513
342;514
342;515
342;516
342;517
342;518
342;519
342;520
342;521
342;522
342;523
342;524
342;525
342;526
342;527
342;528
342;529
342;530
343;404
343;405
343;406
343;407
343;408
343;409
343;410
343;411
343;412
343;413
343;414
343;415
343;416
343;417
343;418
343;419
343;420
343;421
343;422
343;423
343;424
343;425
343;426
343;427
343;428
343;429
343;430
343;431
343;432
343;433
343;434
343;435
343;436
343;437
343;438
343;439
343;440
343;441
343;442
343;443
343;444
343;445
343;446
343;447
343;448
343;449
343;450
343;451
343;452
343;453
343;454
343;455
343;456
343;457
343;458
343;459
343;460
343;461
343;462
343;463
343;464
343;465
343;466
343;467
343;468
343;469
343;470
343;471
343;472
343;473
343;474
343;475
343;476
343;477
343;478
343;479
343;480
343;481
343;482
343;483
343;484
343;485
343;486
343;487
343;496
343;497
343;498
343;499
343;500
343;501
343;502
343;503
343;504
343;505
343;506
343;507
343;508
343;509
343;510
343;511
343;512
343;513
343;514
343;515
343;516
343;517
343;518
343;519
343;520
343;521
343;522
343;523
343;524
343;525
343;526
343;527
343;528
343;529
343;530
344;404
344;405
344;406
344;407
344;408
344;409
344;410
344;411
344;412
344;413
344;414
344;415
344;416
344;417
344;418
344;419
344;420
344;421
344;422
344;423
344;424
344;425
344;426
344;427
344;428
344;429
344;430
344;431
344;432
344;433
344;434
344;435
344;436
344;437
344;438
344;439
344;440
344;441
344;442
344;443
344;444
344;445
344;446
344;447
344;448
344;449
344;450
344;451
344;452
344;453
344;454
344;455
344;456
344;457
344;458
344;459
344;460
344;461
344;462
344;463
344;464
344;465
344;466
344;467
344;468
344;469
344;470
344;471
344;472
344;473
344;474
344;475
344;476
344;477
344;478
344;479
344;480
344;481
344;482
344;483
344;484
344;485
344;486
344;487
344;498
344;499
344;500
344;501
344;502
344;503
344;504
344;505
344;506
344;507
344;508
344;509
344;510
344;511
344;512
344;513
344;514
344;515
344;516
344;517
344;518
344;519
344;520
344;521
344;522
344;523
344;524
344;525
344;526
344;527
344;528
344;529
344;530
345;272
345;273
345;404
345;405
345;406
345;407
345;408
345;409
345;410
345;411
345;412
345;413
345;414
345;415
345;416
345;417
345;418
345;419
345;420
345;421
345;422
345;423
345;424
345;425
345;426
345;427
345;428
345;429
345;430
345;431
345;432
345;433
345;434
345;435
345;436
345;437
345;438
345;439
345;440
345;441
345;442
345;443
345;444
345;445
345;446
345;447
345;448
345;449
345;450
345;451
345;452
345;453
345;454
345;455
345;456
345;457
345;458
345;459
345;460
345;461
345;462
345;463
345;464
345;465
345;466
345;467
345;468
345;469
345;470
345;471
345;472
345;473
345;474
345;475
345;476
345;477
345;478
345;479
345;480
345;481
345;482
345;483
345;484
345;485
345;486
345;487
345;498
345;499
345;500
345;501
345;502
345;503
345;504
345;505
345;506
345;507
345;508
345;509
345;510
345;511
345;512
345;513
345;514
345;515
345;516
345;517
345;518
345;519
345;520
345;521
345;522
345;523
345;524
345;525
345;526
345;527
345;528
345;529
345;530
346;271
346;272
346;273
346;404
346;405
346;406
346;407
346;408
346;409
346;410
346;411
346;412
346;413
346;414
346;415
346;416
346;417
346;418
346;419
346;420
346;421
346;422
346;423
346;424
346;425
346;426
346;427
346;428
346;429
346;430
346;431
346;432
346;433
346;434
346;435
346;436
346;437
346;438
346;439
346;440
346;441
346;442
346;443
346;444
346;445
346;446
346;447
346;448
346;449
346;450
346;451
346;452
346;453
346;454
346;455
346;456
346;457
346;458
346;459
346;460
346;461
346;462
346;463
346;464
346;465
346;466
346;467
346;468
346;469
346;470
346;471
346;472
346;473
346;474
346;475
346;476
346;477
346;478
346;479
346;480
346;481
346;482
346;483
346;484
346;485
346;486
346;487
346;500
346;501
346;502
346;503
346;504
346;505
346;506
346;507
346;508
346;509
346;510
346;511
346;512
346;513
346;514
346;515
346;516
346;517
346;518
346;519
346;520
346;521
346;522
346;523
346;524
346;525
346;526
346;527
346;528
346;529
346;530
347;269
347;270
347;271
347;272
347;273
347;404
347;405
347;406
347;407
347;408
347;409
347;410
347;411
347;412
347;413
347;414
347;415
347;416
347;417
347;418
347;419
347;420
347;421
347;422
347;423
347;424
347;425
347;426
347;427
347;428
347;429
347;430
347;431
347;432
347;433
347;434
347;435
347;436
347;437
347;438
347;439
347;440
347;441
347;442
347;443
347;444
347;445
347;446
347;447
347;448
347;449
347;450
347;451
347;452
347;453
347;454
347;455
347;456
347;457
347;458
347;459
347;460
347;461
347;462
347;463
347;464
347;465
347;466
347;467
347;468
347;469
347;470
347;471
347;472
347;473
347;474
347;475
347;476
347;477
347;478
347;479
347;480
347;481
347;482
347;483
347;484
347;485
347;486
347;487
347;502
347;503
347;504
347;505
347;506
347;507
347;508
347;509
347;510
347;511
347;512
347;513
347;514
347;515
347;516
347;517
347;518
347;519
347;520
347;521
347;522
347;523
347;524
347;525
347;526
347;527
347;528
347;529
348;268
348;269
348;270
348;271
348;272
348;273
348;404
348;405
348;406
348;407
348;408
348;409
348;410
348;411
348;412
348;413
348;414
348;415
348;416
348;417
348;418
348;419
348;420
348;421
348;422
348;423
348;424
348;425
348;426
348;427
348;428
348;429
348;430
348;431
348;432
348;433
348;434
348;435
348;436
348;437
348;438
348;439
348;440
348;441
348;442
348;443
348;444
348;445
348;446
348;447
348;448
348;449
348;450
348;451
348;452
348;453
348;454
348;455
348;456
348;457
348;458
348;459
348;460
348;461
348;462
348;463
348;464
348;465
348;466
348;467
348;468
348;469
348;470
348;471
348;472
348;473
348;474
348;475
348;476
348;477
348;478
348;479
348;480
348;481
348;482
348;483
348;484
348;485
348;486
348;487
348;502
348;503
348;504
348;505
348;506
348;507
348;508
348;509
348;510
348;511
348;512
348;513
348;514
348;515
348;516
348;517
348;518
348;519
348;520
348;521
348;522
348;523
348;524
348;525
348;526
348;527
348;528
348;529
349;267
349;268
349;269
349;270
349;271
349;272
349;273
349;404
349;405
349;406
349;407
349;408
349;409
349;410
349;411
349;412
349;413
349;414
349;415
349;416
349;417
349;418
349;419
349;420
349;421
349;422
349;423
349;424
349;425
349;426
349;427
349;428
349;429
349;430
349;431
349;432
349;433
349;434
349;435
349;436
349;437
349;438
349;439
349;440
349;441
349;442
349;443
349;444
349;445
349;446
349;447
349;448
349;449
349;450
349;451
349;452
349;453
349;454
349;455
349;456
349;457
349;458
349;459
349;460
349;461
349;462
349;463
349;464
349;465
349;466
349;467
349;468
349;469
349;470
349;471
349;472
349;473
349;474
349;475
349;476
349;477
349;478
349;479
349;480
349;481
349;482
349;483
349;484
349;485
349;486
349;487
349;504
349;505
349;506
349;507
349;508
349;509
349;510
349;511
349;512
349;513
349;514
349;515
349;516
349;517
349;518
349;519
349;520
349;521
349;522
349;523
349;524
349;525
349;526
349;527
349;528
349;529
350;265
350;266
350;267
350;268
350;269
350;270
350;271
350;272
350;273
350;404
350;405
350;406
350;407
350;408
350;409
350;410
350;411
350;412
350;413
350;414
350;415
350;416
350;417
350;418
350;419
350;420
350;421
350;422
350;423
350;424
350;425
350;426
350;427
350;428
350;429
350;430
350;431
350;432
350;433
350;434
350;435
350;436
350;437
350;438
350;439
350;440
350;441
350;442
350;443
350;444
350;445
350;446
350;447
350;448
350;449
350;450
350;451
350;452
350;453
350;454
350;455
350;456
350;457
350;458
350;459
350;460
350;461
350;462
350;463
350;464
350;465
350;466
350;467
350;468
350;469
350;470
350;471
350;472
350;473
350;474
350;475
350;476
350;477
350;478
350;479
350;480
350;481
350;482
350;483
350;484
350;485
350;486
350;487
350;506
350;507
350;508
350;509
350;510
350;511
350;512
350;513
350;514
350;515
350;516
350;517
350;518
350;519
350;520
350;521
350;522
350;523
350;524
350;525
350;526
350;527
350;528
350;529
351;263
351;264
351;265
351;266
351;267
351;268
351;269
351;270
351;271
351;272
351;273
351;274
351;404
351;405
351;406
351;407
351;408
351;409
351;410
351;411
351;412
351;413
351;414
351;415
351;416
351;417
351;418
351;419
351;420
351;421
351;422
351;423
351;424
351;425
351;426
351;427
351;428
351;429
351;430
351;431
351;432
351;433
351;434
351;435
351;436
351;437
351;438
351;439
351;440
351;441
351;442
351;443
351;444
351;445
351;446
351;447
351;448
351;449
351;450
351;451
351;452
351;453
351;454
351;455
351;456
351;457
351;458
351;459
351;460
351;461
351;462
351;463
351;464
351;465
351;466
351;467
351;468
351;469
351;470
351;471
351;472
351;473
351;474
351;475
351;476
351;477
351;478
351;479
351;480
351;481
351;482
351;483
351;484
351;485
351;486
351;487
351;506
351;507
351;508
351;509
351;510
351;511
351;512
351;513
351;514
351;515
351;516
351;517
351;518
351;519
351;520
351;521
351;522
351;523
351;524
351;525
351;526
351;527
351;528
352;263
352;264
352;265
352;266
352;267
352;268
352;269
352;270
352;271
352;272
352;273
352;274
352;404
352;405
352;406
352;407
352;408
352;409
352;410
352;411
352;412
352;413
352;414
352;415
352;416
352;417
352;418
352;419
352;420
352;421
352;422
352;423
352;424
352;425
352;426
352;427
352;428
352;429
352;430
352;431
352;432
352;433
352;434
352;435
352;436
352;437
352;438
352;439
352;440
352;441
352;442
352;443
352;444
352;445
352;446
352;447
352;448
352;449
352;450
352;451
352;452
352;453
352;454
352;455
352;456
352;457
352;458
352;459
352;460
352;461
352;462
352;463
352;464
352;465
352;466
352;467
352;468
352;469
352;470
352;471
352;472
352;473
352;474
352;475
352;476
352;477
352;478
352;479
352;480
352;481
352;482
352;483
352;484
352;485
352;486
352;487
352;508
352;509
352;510
352;511
352;512
352;513
352;514
352;515
352;516
352;517
352;518
352;519
352;520
352;521
352;522
352;523
352;524
352;525
352;526
352;527
352;528
353;261
353;262
353;263
353;264
353;265
353;266
353;267
353;268
353;269
353;270
353;271
353;272
353;273
353;274
353;404
353;405
353;406
353;407
353;408
353;409
353;410
353;411
353;412
353;413
353;414
353;415
353;416
353;417
353;418
353;419
353;420
353;421
353;422
353;423
353;424
353;425
353;426
353;427
353;428
353;429
353;430
353;431
353;432
353;433
353;434
353;435
353;436
353;437
353;438
353;439
353;440
353;441
353;442
353;443
353;444
353;445
353;446
353;447
353;448
353;449
353;450
353;451
353;452
353;453
353;454
353;455
353;456
353;457
353;458
353;459
353;460
353;461
353;462
353;463
353;464
353;465
353;466
353;467
353;468
353;469
353;470
353;471
353;472
353;473
353;474
353;475
353;476
353;477
353;478
353;479
353;480
353;481
353;482
353;483
353;484
353;485
353;486
353;487
353;510
353;511
353;512
353;513
353;514
353;515
353;516
353;517
353;518
353;519
353;520
353;521
353;522
353;523
353;524
353;525
353;526
353;527
353;528
354;259
354;260
354;261
354;262
354;263
354;264
354;265
354;266
354;267
354;268
354;269
354;270
354;271
354;272
354;273
354;274
354;404
354;405
354;406
354;407
354;408
354;409
354;410
354;411
354;412
354;413
354;414
354;415
354;416
354;417
354;418
354;419
354;420
354;421
354;422
354;423
354;424
354;425
354;426
354;427
354;428
354;429
354;430
354;431
354;432
354;433
354;434
354;435
354;436
354;437
354;438
354;439
354;440
354;441
354;442
354;443
354;444
354;445
354;446
354;447
354;448
354;449
354;450
354;451
354;452
354;453
354;454
354;455
354;456
354;457
354;458
354;459
354;460
354;461
354;462
354;463
354;464
354;465
354;466
354;467
354;468
354;469
354;470
354;471
354;472
354;473
354;474
354;475
354;476
354;477
354;478
354;479
354;480
354;481
354;482
354;483
354;484
354;485
354;486
354;487
354;510
354;511
354;512
354;513
354;514
354;515
354;516
354;517
354;518
354;519
354;520
354;521
354;522
354;523
354;524
354;525
354;526
354;527
354;528
355;258
355;259
355;260
355;261
355;262
355;263
355;264
355;265
355;266
355;267
355;268
355;269
355;270
355;271
355;272
355;273
355;274
355;404
355;406
355;408
355;410
355;412
355;413
355;414
355;415
355;416
355;417
355;418
355;419
355;420
355;421
355;422
355;423
355;424
355;425
355;426
355;427
355;428
355;429
355;430
355;431
355;432
355;433
355;434
355;435
355;436
355;437
355;438
355;439
355;440
355;441
355;442
355;443
355;444
355;445
355;446
355;447
355;448
355;449
355;450
355;451
355;452
355;453
355;454
355;455
355;456
355;457
355;458
355;459
355;460
355;461
355;462
355;463
355;464
355;465
355;466
355;467
355;468
355;469
355;470
355;471
355;472
355;473
355;474
355;475
355;476
355;477
355;478
355;479
355;480
355;481
355;482
355;483
355;484
355;485
355;486
355;487
355;512
355;513
355;514
355;515
355;516
355;517
355;518
355;519
355;520
355;521
355;522
355;523
355;524
355;525
355;526
355;527
355;528
356;257
356;258
356;259
356;260
356;261
356;262
356;263
356;264
356;265
356;266
356;267
356;268
356;269
356;270
356;271
356;272
356;273
356;274
356;275
356;514
356;515
356;516
356;517
356;518
356;519
356;520
356;521
356;522
356;523
356;524
356;525
356;526
356;527
357;255
357;256
357;257
357;258
357;259
357;260
357;261
357;262
357;263
357;264
357;265
357;266
357;267
357;268
357;269
357;270
357;271
357;272
357;273
357;274
357;275
357;514
357;515
357;516
357;517
357;518
357;519
357;520
357;521
357;522
357;523
357;524
357;525
357;526
357;527
358;254
358;255
358;256
358;257
358;258
358;259
358;260
358;261
358;262
358;263
358;264
358;265
358;266
358;267
358;268
358;269
358;270
358;271
358;272
358;273
358;274
358;275
358;516
358;517
358;518
358;519
358;520
358;521
358;522
358;523
358;524
358;525
358;526
358;527
359;253
359;254
359;255
359;256
359;257
359;258
359;259
359;260
359;261
359;262
359;263
359;264
359;265
359;266
359;267
359;268
359;269
359;270
359;271
359;272
359;273
359;274
359;275
359;518
359;519
359;520
359;521
359;522
359;523
359;524
359;525
359;526
359;527
360;251
360;252
360;253
360;254
360;255
360;256
360;257
360;258
360;259
360;260
360;261
360;262
360;263
360;264
360;265
360;266
360;267
360;268
360;269
360;270
360;271
360;272
360;273
360;274
360;275
360;518
360;519
360;520
360;521
360;522
360;523
360;524
360;525
360;526
361;249
361;250
361;251
361;252
361;253
361;254
361;255
361;256
361;257
361;258
361;259
361;260
361;261
361;262
361;263
361;264
361;265
361;266
361;267
361;268
361;269
361;270
361;271
361;272
361;273
361;274
361;275
361;520
361;521
361;522
361;523
361;524
361;525
361;526
362;249
362;250
362;251
362;252
362;253
362;254
362;255
362;256
362;257
362;258
362;259
362;260
362;261
362;262
362;263
362;264
362;265
362;266
362;267
362;268
362;269
362;270
362;271
362;272
362;273
362;274
362;275
362;276
362;521
362;522
362;523
362;524
362;525
362;526
363;129
363;131
363;133
363;134
363;135
363;136
363;137
363;138
363;139
363;141
363;143
363;247
363;248
363;249
363;250
363;251
363;252
363;253
363;254
363;255
363;256
363;257
363;258
363;259
363;260
363;261
363;262
363;263
363;264
363;265
363;266
363;267
363;268
363;269
363;270
363;271
363;272
363;273
363;274
363;275
363;276
363;522
363;523
363;524
363;525
363;526
364;123
364;125
364;126
364;127
364;128
364;129
364;130
364;131
364;132
364;133
364;134
364;135
364;136
364;137
364;138
364;139
364;140
364;141
364;142
364;143
364;144
364;145
364;146
364;147
364;245
364;246
364;247
364;248
364;249
364;250
364;251
364;252
364;253
364;254
364;255
364;256
364;257
364;258
364;259
364;260
364;261
364;262
364;263
364;264
364;265
364;266
364;267
364;268
364;269
364;270
364;271
364;272
364;273
364;274
364;275
364;276
364;524
364;525
364;526
365;121
365;122
365;123
365;124
365;125
365;126
365;127
365;128
365;129
365;130
365;131
365;132
365;133
365;134
365;135
365;136
365;137
365;138
365;139
365;140
365;141
365;142
365;143
365;144
365;145
365;146
365;147
365;148
365;149
365;150
365;151
365;244
365;245
365;246
365;247
365;248
365;249
365;250
365;251
365;252
365;253
365;254
365;255
365;256
365;257
365;258
365;259
365;260
365;261
365;262
365;263
365;264
365;265
365;266
365;267
365;268
365;269
365;270
365;271
365;272
365;273
365;274
365;275
365;276
365;525
366;117
366;118
366;119
366;120
366;121
366;122
366;123
366;124
366;125
366;126
366;127
366;128
366;129
366;130
366;131
366;132
366;133
366;134
366;135
366;136
366;137
366;138
366;139
366;140
366;141
366;142
366;143
366;144
366;145
366;146
366;147
366;148
366;149
366;150
366;151
366;152
366;153
366;243
366;244
366;245
366;246
366;247
366;248
366;249
366;250
366;251
366;252
366;253
366;254
366;255
366;256
366;257
366;258
366;259
366;260
366;261
366;262
366;263
366;264
366;265
366;266
366;267
366;268
366;269
366;270
366;271
366;272
366;273
366;274
366;275
366;276
366;277
367;115
367;116
367;117
367;118
367;119
367;120
367;121
367;122
367;123
367;124
367;125
367;126
367;127
367;128
367;129
367;130
367;131
367;132
367;133
367;134
367;135
367;136
367;137
367;138
367;139
367;140
367;141
367;142
367;143
367;144
367;145
367;146
367;147
367;148
367;149
367;150
367;151
367;152
367;153
367;154
367;155
367;157
367;241
367;242
367;243
367;244
367;245
367;246
367;247
367;248
367;249
367;250
367;251
367;252
367;253
367;254
367;255
367;256
367;257
367;258
367;259
367;260
367;261
367;262
367;263
367;264
367;265
367;266
367;267
367;268
367;269
367;270
367;271
367;272
367;273
367;274
367;275
367;276
367;277
368;113
368;114
368;115
368;116
368;117
368;118
368;119
368;120
368;121
368;122
368;123
368;124
368;125
368;126
368;127
368;128
368;129
368;130
368;131
368;132
368;133
368;134
368;135
368;136
368;137
368;138
368;139
368;140
368;141
368;142
368;143
368;144
368;145
368;146
368;147
368;148
368;149
368;150
368;151
368;152
368;153
368;154
368;155
368;156
368;157
368;158
368;159
368;240
368;241
368;242
368;243
368;244
368;245
368;246
368;247
368;248
368;249
368;250
368;251
368;252
368;253
368;254
368;255
368;256
368;257
368;258
368;259
368;260
368;261
368;262
368;263
368;264
368;265
368;266
368;267
368;268
368;269
368;270
368;271
368;272
368;273
368;274
368;275
368;276
368;277
369;111
369;112
369;113
369;114
369;115
369;116
369;117
369;118
369;119
369;120
369;121
369;122
369;123
369;124
369;125
369;126
369;127
369;128
369;129
369;130
369;131
369;132
369;133
369;134
369;135
369;136
369;137
369;138
369;139
369;140
369;141
369;142
369;143
369;144
369;145
369;146
369;147
369;148
369;149
369;150
369;151
369;152
369;153
369;154
369;155
369;156
369;157
369;158
369;159
369;160
369;161
369;239
369;240
369;241
369;242
369;243
369;244
369;245
369;246
369;247
369;248
369;249
369;250
369;251
369;252
369;253
369;254
369;255
369;256
369;257
369;258
369;259
369;260
369;261
369;262
369;263
369;264
369;265
369;266
369;267
369;268
369;269
369;270
369;271
369;272
369;273
369;274
369;275
369;276
369;277
370;109
370;110
370;111
370;112
370;113
370;114
370;115
370;116
370;117
370;118
370;119
370;120
370;121
370;122
370;123
370;124
370;125
370;126
370;127
370;128
370;129
370;130
370;131
370;132
370;133
370;134
370;135
370;136
370;137
370;138
370;139
370;140
370;141
370;142
370;143
370;144
370;145
370;146
370;147
370;148
370;149
370;150
370;151
370;152
370;153
370;154
370;155
370;156
370;157
370;158
370;159
370;160
370;161
370;237
370;238
370;239
370;240
370;241
370;242
370;243
370;244
370;245
370;246
370;247
370;248
370;249
370;250
370;251
370;252
370;253
370;254
370;255
370;256
370;257
370;258
370;259
370;260
370;261
370;262
370;263
370;264
370;265
370;266
370;267
370;268
370;269
370;270
370;271
370;272
370;273
370;274
370;275
370;276
370;277
371;107
371;108
371;109
371;110
371;111
371;112
371;113
371;114
371;115
371;116
371;117
371;118
371;119
371;120
371;121
371;122
371;123
371;124
371;125
371;126
371;127
371;128
371;129
371;130
371;131
371;132
371;133
371;134
371;135
371;136
371;137
371;138
371;139
371;140
371;141
371;142
371;143
371;144
371;145
371;146
371;147
371;148
371;149
371;150
371;151
371;152
371;153
371;154
371;155
371;156
371;157
371;158
371;159
371;160
371;161
371;162
371;163
371;235
371;236
371;237
371;238
371;239
371;240
371;241
371;242
371;243
371;244
371;245
371;246
371;247
371;248
371;249
371;250
371;251
371;252
371;253
371;254
371;255
371;256
371;257
371;258
371;259
371;260
371;261
371;262
371;263
371;264
371;265
371;266
371;267
371;268
371;269
371;270
371;271
371;272
371;273
371;274
371;275
371;276
371;277
372;107
372;108
372;109
372;110
372;111
372;112
372;113
372;114
372;115
372;116
372;117
372;118
372;119
372;120
372;121
372;122
372;123
372;124
372;125
372;126
372;127
372;128
372;129
372;130
372;131
372;132
372;133
372;134
372;135
372;136
372;137
372;138
372;139
372;140
372;141
372;142
372;143
372;144
372;145
372;146
372;147
372;148
372;149
372;150
372;151
372;152
372;153
372;154
372;155
372;156
372;157
372;158
372;159
372;160
372;161
372;162
372;163
372;164
372;165
372;235
372;236
372;237
372;238
372;239
372;240
372;241
372;242
372;243
372;244
372;245
372;246
372;247
372;248
372;249
372;250
372;251
372;252
372;253
372;254
372;255
372;256
372;257
372;258
372;259
372;260
372;261
372;262
372;263
372;264
372;265
372;266
372;267
372;268
372;269
372;270
372;271
372;272
372;273
372;274
372;275
372;276
372;277
372;278
372;285
372;287
372;289
372;291
373;105
373;106
373;107
373;108
373;109
373;110
373;111
373;112
373;113
373;114
373;115
373;116
373;117
373;118
373;119
373;120
373;121
373;122
373;123
373;124
373;125
373;126
373;127
373;128
373;129
373;130
373;131
373;132
373;133
373;134
373;135
373;136
373;137
373;138
373;139
373;140
373;141
373;142
373;143
373;144
373;145
373;146
373;147
373;148
373;149
373;150
373;151
373;152
373;153
373;154
373;155
373;156
373;157
373;158
373;159
373;160
373;161
373;162
373;163
373;164
373;165
373;166
373;233
373;234
373;235
373;236
373;237
373;238
373;239
373;240
373;241
373;242
373;243
373;244
373;245
373;246
373;247
373;248
373;249
373;250
373;251
373;252
373;253
373;254
373;255
373;256
373;257
373;258
373;259
373;260
373;261
373;262
373;263
373;264
373;265
373;266
373;267
373;268
373;269
373;270
373;271
373;272
373;273
373;274
373;275
373;276
373;277
373;278
373;279
373;281
373;282
373;283
373;284
373;285
373;286
373;287
373;288
373;289
373;290
373;291
373;292
373;293
373;294
373;295
373;297
374;103
374;104
374;105
374;106
374;107
374;108
374;109
374;110
374;111
374;112
374;113
374;114
374;115
374;116
374;117
374;118
374;119
374;120
374;121
374;122
374;123
374;124
374;125
374;126
374;127
374;128
374;129
374;130
374;131
374;132
374;133
374;134
374;135
374;136
374;137
374;138
374;139
374;140
374;141
374;142
374;143
374;144
374;145
374;146
374;147
374;148
374;149
374;150
374;151
374;152
374;153
374;154
374;155
374;156
374;157
374;158
374;159
374;160
374;161
374;162
374;163
374;164
374;165
374;166
374;167
374;231
374;232
374;233
374;234
374;235
374;236
374;237
374;238
374;239
374;240
374;241
374;242
374;243
374;244
374;245
374;246
374;247
374;248
374;249
374;250
374;251
374;252
374;253
374;254
374;255
374;256
374;257
374;258
374;259
374;260
374;261
374;262
374;263
374;264
374;265
374;266
374;267
374;268
374;269
374;270
374;271
374;272
374;273
374;274
374;275
374;276
374;277
374;278
374;279
374;280
374;281
374;282
374;283
374;284
374;285
374;286
374;287
374;288
374;289
374;290
374;291
374;292
374;293
374;294
374;295
374;296
374;297
374;298
374;299
375;103
375;104
375;105
375;106
375;107
375;108
375;109
375;110
375;111
375;112
375;113
375;114
375;115
375;116
375;117
375;118
375;119
375;120
375;121
375;122
375;123
375;124
375;125
375;126
375;127
375;128
375;129
375;130
375;131
375;132
375;133
375;134
375;135
375;136
375;137
375;138
375;139
375;140
375;141
375;142
375;143
375;144
375;145
375;146
375;147
375;148
375;149
375;150
375;151
375;152
375;153
375;154
375;155
375;156
375;157
375;158
375;159
375;160
375;161
375;162
375;163
375;164
375;165
375;166
375;167
375;168
375;169
375;232
375;234
375;235
375;236
375;237
375;238
375;239
375;240
375;241
375;242
375;243
375;244
375;245
375;246
375;247
375;248
375;249
375;250
375;251
375;252
375;253
375;254
375;255
375;256
375;257
375;258
375;259
375;260
375;261
375;262
375;263
375;264
375;265
375;266
375;267
375;268
375;269
375;270
375;271
375;272
375;273
375;274
375;275
375;276
375;277
375;278
375;279
375;280
375;281
375;282
375;283
375;284
375;285
375;286
375;287
375;288
375;289
375;290
375;291
375;292
375;293
375;294
375;295
375;296
375;297
375;298
375;299
375;300
375;301
375;303
376;101
376;102
376;103
376;104
376;105
376;106
376;107
376;108
376;109
376;110
376;111
376;112
376;113
376;114
376;115
376;116
376;117
376;118
376;119
376;120
376;121
376;122
376;123
376;124
376;125
376;126
376;127
376;128
376;129
376;130
376;131
376;132
376;133
376;134
376;135
376;136
376;137
376;138
376;139
376;140
376;141
376;142
376;143
376;144
376;145
376;146
376;147
376;148
376;149
376;150
376;151
376;152
376;153
376;154
376;155
376;156
376;157
376;158
376;159
376;160
376;161
376;162
376;163
376;164
376;165
376;166
376;167
376;168
376;169
376;236
376;237
376;238
376;239
376;240
376;241
376;242
376;243
376;244
376;245
376;246
376;247
376;248
376;249
376;250
376;251
376;252
376;253
376;254
376;255
376;256
376;257
376;258
376;259
376;260
376;261
376;262
376;263
376;264
376;265
376;266
376;267
376;268
376;269
376;270
376;271
376;272
376;273
376;274
376;275
376;276
376;277
376;278
376;279
376;280
376;281
376;282
376;283
376;284
376;285
376;286
376;287
376;288
376;289
376;290
376;291
376;292
376;293
376;294
376;295
376;296
376;297
376;298
376;299
376;300
376;301
376;302
376;303
376;304
376;305
377;101
377;102
377;103
377;104
377;105
377;106
377;107
377;108
377;109
377;110
377;111
377;112
377;113
377;114
377;115
377;116
377;117
377;118
377;119
377;120
377;121
377;122
377;123
377;124
377;125
377;126
377;127
377;128
377;129
377;130
377;131
377;132
377;133
377;134
377;135
377;136
377;137
377;138
377;139
377;140
377;141
377;142
377;143
377;144
377;145
377;146
377;147
377;148
377;149
377;150
377;151
377;152
377;153
377;154
377;155
377;156
377;157
377;158
377;159
377;160
377;161
377;162
377;163
377;164
377;165
377;166
377;167
377;168
377;169
377;170
377;171
377;238
377;240
377;241
377;242
377;243
377;244
377;245
377;246
377;247
377;248
377;249
377;250
377;251
377;252
377;253
377;254
377;255
377;256
377;257
377;258
377;259
377;260
377;261
377;262
377;263
377;264
377;265
377;266
377;267
377;268
377;269
377;270
377;271
377;272
377;273
377;274
377;275
377;276
377;277
377;278
377;279
377;280
377;281
377;282
377;283
377;284
377;285
377;286
377;287
377;288
377;289
377;290
377;291
377;292
377;293
377;294
377;295
377;296
377;297
377;298
377;299
377;300
377;301
377;302
377;303
377;304
377;305
377;306
378;99
378;100
378;101
378;102
378;103
378;104
378;105
378;106
378;107
378;108
378;109
378;110
378;111
378;112
378;113
378;114
378;115
378;116
378;117
378;118
378;119
378;120
378;121
378;122
378;123
378;124
378;125
378;126
378;127
378;128
378;129
378;130
378;131
378;132
378;133
378;134
378;135
378;136
378;137
378;138
378;139
378;140
378;141
378;142
378;143
378;144
378;145
378;146
378;147
378;148
378;149
378;150
378;151
378;152
378;153
378;154
378;155
378;156
378;157
378;158
378;159
378;160
378;161
378;162
378;163
378;164
378;165
378;166
378;167
378;168
378;169
378;170
378;171
378;242
378;243
378;244
378;245
378;246
378;247
378;248
378;249
378;250
378;251
378;252
378;253
378;254
378;255
378;256
378;257
378;258
378;259
378;260
378;261
378;262
378;263
378;264
378;265
378;266
378;267
378;268
378;269
378;270
378;271
378;272
378;273
378;274
378;275
378;276
378;277
378;278
378;279
378;280
378;281
378;282
378;283
378;284
378;285
378;286
378;287
378;288
378;289
378;290
378;291
378;292
378;293
378;294
378;295
378;296
378;297
378;298
378;299
378;300
378;301
378;302
378;303
378;304
378;305
378;306
378;307
379;99
379;100
379;101
379;102
379;103
379;104
379;105
379;106
379;107
379;108
379;109
379;110
379;111
379;112
379;113
379;114
379;115
379;116
379;117
379;118
379;119
379;120
379;121
379;122
379;123
379;124
379;125
379;126
379;127
379;128
379;129
379;130
379;131
379;132
379;133
379;134
379;135
379;136
379;137
379;138
379;139
379;140
379;141
379;142
379;143
379;144
379;145
379;146
379;147
379;148
379;149
379;150
379;151
379;152
379;153
379;154
379;155
379;156
379;157
379;158
379;159
379;160
379;161
379;162
379;163
379;164
379;165
379;166
379;167
379;168
379;169
379;170
379;171
379;172
379;173
379;244
379;246
379;247
379;248
379;249
379;250
379;251
379;252
379;253
379;254
379;255
379;256
379;257
379;258
379;259
379;260
379;261
379;262
379;263
379;264
379;265
379;266
379;267
379;268
379;269
379;270
379;271
379;272
379;273
379;274
379;275
379;276
379;277
379;278
379;279
379;280
379;281
379;282
379;283
379;284
379;285
379;286
379;287
379;288
379;289
379;290
379;291
379;292
379;293
379;294
379;295
379;296
379;297
379;298
379;299
379;300
379;301
379;302
379;303
379;304
379;305
379;306
379;307
379;308
379;309
380;98
380;99
380;100
380;101
380;102
380;103
380;104
380;105
380;106
380;107
380;108
380;109
380;110
380;111
380;112
380;113
380;114
380;115
380;116
380;117
380;118
380;119
380;120
380;121
380;122
380;123
380;124
380;125
380;126
380;127
380;128
380;129
380;130
380;131
380;132
380;133
380;134
380;135
380;136
380;137
380;138
380;139
380;140
380;141
380;142
380;143
380;144
380;145
380;146
380;147
380;148
380;149
380;150
380;151
380;152
380;153
380;154
380;155
380;156
380;157
380;158
380;159
380;160
380;161
380;162
380;163
380;164
380;165
380;166
380;167
380;168
380;169
380;170
380;171
380;172
380;173
380;248
380;249
380;250
380;251
380;252
380;253
380;254
380;255
380;256
380;257
380;258
380;259
380;260
380;261
380;262
380;263
380;264
380;265
380;266
380;267
380;268
380;269
380;270
380;271
380;272
380;273
380;274
380;275
380;276
380;277
380;278
380;279
380;280
380;281
380;282
380;283
380;284
380;285
380;286
380;287
380;288
380;289
380;290
380;291
380;292
380;293
380;294
380;295
380;296
380;297
380;298
380;299
380;300
380;301
380;302
380;303
380;304
380;305
380;306
380;307
380;308
380;309
380;310
380;311
381;97
381;98
381;99
381;100
381;101
381;102
381;103
381;104
381;105
381;106
381;107
381;108
381;109
381;110
381;111
381;112
381;113
381;114
381;115
381;116
381;117
381;118
381;119
381;120
381;121
381;122
381;123
381;124
381;125
381;126
381;127
381;128
381;129
381;130
381;131
381;132
381;133
381;134
381;135
381;136
381;137
381;138
381;139
381;140
381;141
381;142
381;143
381;144
381;145
381;146
381;147
381;148
381;149
381;150
381;151
381;152
381;153
381;154
381;155
381;156
381;157
381;158
381;159
381;160
381;161
381;162
381;163
381;164
381;165
381;166
381;167
381;168
381;169
381;170
381;171
381;172
381;173
381;174
381;252
381;253
381;254
381;255
381;256
381;257
381;258
381;259
381;260
381;261
381;262
381;263
381;264
381;265
381;266
381;267
381;268
381;269
381;270
381;271
381;272
381;273
381;274
381;275
381;276
381;277
381;278
381;279
381;280
381;281
381;282
381;283
381;284
381;285
381;286
381;287
381;288
381;289
381;290
381;291
381;292
381;293
381;294
381;295
381;296
381;297
381;298
381;299
381;300
381;301
381;302
381;303
381;304
381;305
381;306
381;307
381;308
381;309
381;310
381;311
382;97
382;98
382;99
382;100
382;101
382;102
382;103
382;104
382;105
382;106
382;107
382;108
382;109
382;110
382;111
382;112
382;113
382;114
382;115
382;116
382;117
382;118
382;119
382;120
382;121
382;122
382;123
382;124
382;125
382;126
382;127
382;128
382;129
382;130
382;131
382;132
382;133
382;134
382;135
382;136
382;137
382;138
382;139
382;140
382;141
382;142
382;143
382;144
382;145
382;146
382;147
382;148
382;149
382;150
382;151
382;152
382;153
382;154
382;155
382;156
382;157
382;158
382;159
382;160
382;161
382;162
382;163
382;164
382;165
382;166
382;167
382;168
382;169
382;170
382;171
382;172
382;173
382;174
382;175
382;254
382;255
382;256
382;257
382;258
382;259
382;260
382;261
382;262
382;263
382;264
382;265
382;266
382;267
382;268
382;269
382;270
382;271
382;272
382;273
382;274
382;275
382;276
382;277
382;278
382;279
382;280
382;281
382;282
382;283
382;284
382;285
382;286
382;287
382;288
382;289
382;290
382;291
382;292
382;293
382;294
382;295
382;296
382;297
382;298
382;299
382;300
382;301
382;302
382;303
382;304
382;305
382;306
382;307
382;308
382;309
382;310
382;311
382;312
382;313
383;95
383;96
383;97
383;98
383;99
383;100
383;101
383;102
383;103
383;104
383;105
383;106
383;107
383;108
383;109
383;110
383;111
383;112
383;113
383;114
383;115
383;116
383;117
383;118
383;119
383;120
383;121
383;122
383;123
383;124
383;125
383;126
383;127
383;128
383;129
383;130
383;131
383;132
383;133
383;134
383;135
383;136
383;137
383;138
383;139
383;140
383;141
383;142
383;143
383;144
383;145
383;146
383;147
383;148
383;149
383;150
383;151
383;152
383;153
383;154
383;155
383;156
383;157
383;158
383;159
383;160
383;161
383;162
383;163
383;164
383;165
383;166
383;167
383;168
383;169
383;170
383;171
383;172
383;173
383;174
383;175
383;258
383;259
383;260
383;261
383;262
383;263
383;264
383;265
383;266
383;267
383;268
383;269
383;270
383;271
383;272
383;273
383;274
383;275
383;276
383;277
383;278
383;279
383;280
383;281
383;282
383;283
383;284
383;285
383;286
383;287
383;288
383;289
383;290
383;291
383;292
383;293
383;294
383;295
383;296
383;297
383;298
383;299
383;300
383;301
383;302
383;303
383;304
383;305
383;306
383;307
383;308
383;309
383;310
383;311
383;312
383;313
384;15
384;95
384;96
384;97
384;98
384;99
384;100
384;101
384;102
384;103
384;104
384;105
384;106
384;107
384;108
384;109
384;110
384;111
384;112
384;113
384;114
384;115
384;116
384;117
384;118
384;119
384;120
384;121
384;122
384;123
384;124
384;125
384;126
384;127
384;128
384;129
384;130
384;131
384;132
384;133
384;134
384;135
384;136
384;137
384;138
384;139
384;140
384;141
384;142
384;143
384;144
384;145
384;146
384;147
384;148
384;149
384;150
384;151
384;152
384;153
384;154
384;155
384;156
384;157
384;158
384;159
384;160
384;161
384;162
384;163
384;164
384;165
384;166
384;167
384;168
384;169
384;170
384;171
384;172
384;173
384;174
384;175
384;176
384;260
384;261
384;262
384;263
384;264
384;265
384;266
384;267
384;268
384;269
384;270
384;271
384;272
384;273
384;274
384;275
384;276
384;277
384;278
384;279
384;280
384;281
384;282
384;283
384;284
384;285
384;286
384;287
384;288
384;289
384;290
384;291
384;292
384;293
384;294
384;295
384;296
384;297
384;298
384;299
384;300
384;301
384;302
384;303
384;304
384;305
384;306
384;307
384;308
384;309
384;310
384;311
384;312
384;313
384;314
385;15
385;16
385;17
385;95
385;96
385;97
385;98
385;99
385;100
385;101
385;102
385;103
385;104
385;105
385;106
385;107
385;108
385;109
385;110
385;111
385;112
385;113
385;114
385;115
385;116
385;117
385;118
385;119
385;120
385;121
385;122
385;123
385;124
385;125
385;126
385;127
385;128
385;129
385;130
385;131
385;132
385;133
385;134
385;135
385;136
385;137
385;138
385;139
385;140
385;141
385;142
385;143
385;144
385;145
385;146
385;147
385;148
385;149
385;150
385;151
385;152
385;153
385;154
385;155
385;156
385;157
385;158
385;159
385;160
385;161
385;162
385;163
385;164
385;165
385;166
385;167
385;168
385;169
385;170
385;171
385;172
385;173
385;174
385;175
385;176
385;177
385;261
385;262
385;263
385;264
385;265
385;266
385;267
385;268
385;269
385;270
385;271
385;272
385;273
385;274
385;275
385;276
385;277
385;278
385;279
385;280
385;281
385;282
385;283
385;284
385;285
385;286
385;287
385;288
385;289
385;290
385;291
385;292
385;293
385;294
385;295
385;296
385;297
385;298
385;299
385;300
385;301
385;302
385;303
385;304
385;305
385;306
385;307
385;308
385;309
385;310
385;311
385;312
385;313
385;314
385;315
386;15
386;16
386;17
386;18
386;19
386;94
386;95
386;96
386;97
386;98
386;99
386;100
386;101
386;102
386;103
386;104
386;105
386;106
386;107
386;108
386;109
386;110
386;111
386;112
386;113
386;114
386;115
386;116
386;117
386;118
386;119
386;120
386;121
386;122
386;123
386;124
386;125
386;126
386;127
386;128
386;129
386;130
386;131
386;132
386;133
386;134
386;135
386;136
386;137
386;138
386;139
386;140
386;141
386;142
386;143
386;144
386;145
386;146
386;147
386;148
386;149
386;150
386;151
386;152
386;153
386;154
386;155
386;156
386;157
386;158
386;159
386;160
386;161
386;162
386;163
386;164
386;165
386;166
386;167
386;168
386;169
386;170
386;171
386;172
386;173
386;174
386;175
386;176
386;177
386;260
386;261
386;262
386;263
386;264
386;265
386;266
386;267
386;268
386;269
386;270
386;271
386;272
386;273
386;274
386;275
386;276
386;277
386;278
386;279
386;280
386;281
386;282
386;283
386;284
386;285
386;286
386;287
386;288
386;289
386;290
386;291
386;292
386;293
386;294
386;295
386;296
386;297
386;298
386;299
386;300
386;301
386;302
386;303
386;304
386;305
386;306
386;307
386;308
386;309
386;310
386;311
386;312
386;313
386;314
386;315
386;316
387;15
387;16
387;17
387;18
387;19
387;20
387;21
387;93
387;94
387;95
387;96
387;97
387;98
387;99
387;100
387;101
387;102
387;103
387;104
387;105
387;106
387;107
387;108
387;109
387;110
387;111
387;112
387;113
387;114
387;115
387;116
387;117
387;118
387;119
387;120
387;121
387;122
387;123
387;124
387;125
387;126
387;127
387;128
387;129
387;130
387;131
387;132
387;133
387;134
387;135
387;136
387;137
387;138
387;139
387;140
387;141
387;142
387;143
387;144
387;145
387;146
387;147
387;148
387;149
387;150
387;151
387;152
387;153
387;154
387;155
387;156
387;157
387;158
387;159
387;160
387;161
387;162
387;163
387;164
387;165
387;166
387;167
387;168
387;169
387;170
387;171
387;172
387;173
387;174
387;175
387;176
387;177
387;178
387;259
387;260
387;261
387;262
387;263
387;264
387;265
387;266
387;267
387;268
387;269
387;270
387;271
387;272
387;273
387;274
387;275
387;276
387;277
387;278
387;279
387;280
387;281
387;282
387;283
387;284
387;285
387;286
387;287
387;288
387;289
387;290
387;291
387;292
387;293
387;294
387;295
387;296
387;297
387;298
387;299
387;300
387;301
387;302
387;303
387;304
387;305
387;306
387;307
387;308
387;309
387;310
387;311
387;312
387;313
387;314
387;315
387;316
387;317
388;15
388;16
388;17
388;18
388;19
388;20
388;21
388;22
388;23
388;93
388;94
388;95
388;96
388;97
388;98
388;99
388;100
388;101
388;102
388;103
388;104
388;105
388;106
388;107
388;108
388;109
388;110
388;111
388;112
388;113
388;114
388;115
388;116
388;117
388;118
388;119
388;120
388;121
388;122
388;123
388;124
388;125
388;126
388;127
388;128
388;129
388;130
388;131
388;132
388;133
388;134
388;135
388;136
388;137
388;138
388;139
388;140
388;141
388;142
388;143
388;144
388;145
388;146
388;147
388;148
388;149
388;150
388;151
388;152
388;153
388;154
388;155
388;156
388;157
388;158
388;159
388;160
388;161
388;162
388;163
388;164
388;165
388;166
388;167
388;168
388;169
388;170
388;171
388;172
388;173
388;174
388;175
388;176
388;177
388;178
388;259
388;260
388;261
388;262
388;263
388;264
388;265
388;266
388;267
388;268
388;269
388;270
388;271
388;272
388;273
388;274
388;275
388;276
388;277
388;278
388;279
388;280
388;281
388;282
388;283
388;284
388;285
388;286
388;287
388;288
388;289
388;290
388;291
388;292
388;293
388;294
388;295
388;296
388;297
388;298
388;299
388;300
388;301
388;302
388;303
388;304
388;305
388;306
388;307
388;308
388;309
388;310
388;311
388;312
388;313
388;314
388;315
388;316
388;317
389;15
389;16
389;17
389;18
389;19
389;20
389;21
389;22
389;23
389;93
389;94
389;95
389;96
389;97
389;98
389;99
389;100
389;101
389;102
389;103
389;104
389;105
389;106
389;107
389;108
389;109
389;110
389;111
389;112
389;113
389;114
389;115
389;116
389;117
389;118
389;119
389;120
389;121
389;122
389;123
389;124
389;125
389;126
389;127
389;128
389;129
389;130
389;131
389;132
389;133
389;134
389;135
389;136
389;137
389;138
389;139
389;140
389;141
389;142
389;143
389;144
389;145
389;146
389;147
389;148
389;149
389;150
389;151
389;152
389;153
389;154
389;155
389;156
389;157
389;158
389;159
389;160
389;161
389;162
389;163
389;164
389;165
389;166
389;167
389;168
389;169
389;170
389;171
389;172
389;173
389;174
389;175
389;176
389;177
389;178
389;179
389;258
389;259
389;260
389;261
389;262
389;263
389;264
389;265
389;266
389;267
389;268
389;269
389;270
389;271
389;272
389;273
389;274
389;275
389;276
389;277
389;278
389;279
389;280
389;281
389;282
389;283
389;284
389;285
389;286
389;287
389;288
389;289
389;290
389;291
389;292
389;293
389;294
389;295
389;296
389;297
389;298
389;299
389;300
389;301
389;302
389;303
389;304
389;305
389;306
389;307
389;308
389;309
389;310
389;311
389;312
389;313
389;314
389;315
389;316
389;317
390;15
390;16
390;17
390;18
390;19
390;20
390;21
390;22
390;23
390;24
390;25
390;92
390;93
390;94
390;95
390;96
390;97
390;98
390;99
390;100
390;101
390;102
390;103
390;104
390;105
390;106
390;107
390;108
390;109
390;110
390;111
390;112
390;113
390;114
390;115
390;116
390;117
390;118
390;119
390;120
390;121
390;122
390;123
390;124
390;125
390;126
390;127
390;128
390;129
390;130
390;131
390;132
390;133
390;134
390;135
390;136
390;137
390;138
390;139
390;140
390;141
390;142
390;143
390;144
390;145
390;146
390;147
390;148
390;149
390;150
390;151
390;152
390;153
390;154
390;155
390;156
390;157
390;158
390;159
390;160
390;161
390;162
390;163
390;164
390;165
390;166
390;167
390;168
390;169
390;170
390;171
390;172
390;173
390;174
390;175
390;176
390;177
390;178
390;179
390;258
390;259
390;260
390;261
390;262
390;263
390;264
390;265
390;266
390;267
390;268
390;269
390;270
390;271
390;272
390;273
390;274
390;275
390;276
390;277
390;278
390;279
390;280
390;281
390;282
390;283
390;284
390;285
390;286
390;287
390;288
390;289
390;290
390;291
390;292
390;293
390;294
390;295
390;296
390;297
390;298
390;299
390;300
390;301
390;302
390;303
390;304
390;305
390;306
390;307
390;308
390;309
390;310
390;311
390;312
390;313
390;314
390;315
390;316
390;317
390;318
391;15
391;16
391;17
391;18
391;19
391;20
391;21
391;22
391;23
391;24
391;25
391;26
391;27
391;92
391;93
391;94
391;95
391;96
391;97
391;98
391;99
391;100
391;101
391;102
391;103
391;104
391;105
391;106
391;107
391;108
391;109
391;110
391;111
391;112
391;113
391;114
391;115
391;116
391;117
391;118
391;119
391;120
391;121
391;122
391;123
391;124
391;125
391;126
391;127
391;128
391;129
391;130
391;131
391;132
391;133
391;134
391;135
391;136
391;137
391;138
391;139
391;140
391;141
391;142
391;143
391;144
391;145
391;146
391;147
391;148
391;149
391;150
391;151
391;152
391;153
391;154
391;155
391;156
391;157
391;158
391;159
391;160
391;161
391;162
391;163
391;164
391;165
391;166
391;167
391;168
391;169
391;170
391;171
391;172
391;173
391;174
391;175
391;176
391;177
391;178
391;179
391;257
391;258
391;259
391;260
391;261
391;262
391;263
391;264
391;265
391;266
391;267
391;268
391;269
391;270
391;271
391;272
391;273
391;274
391;275
391;276
391;277
391;278
391;279
391;280
391;281
391;282
391;283
391;284
391;285
391;286
391;287
391;288
391;289
391;290
391;291
391;292
391;293
391;294
391;295
391;296
391;297
391;298
391;299
391;300
391;301
391;302
391;303
391;304
391;305
391;306
391;307
391;308
391;309
391;310
391;311
391;312
391;313
391;314
391;315
391;316
391;317
391;318
391;319
392;15
392;16
392;17
392;18
392;19
392;20
392;21
392;22
392;23
392;24
392;25
392;26
392;27
392;28
392;29
392;91
392;92
392;93
392;94
392;95
392;96
392;97
392;98
392;99
392;100
392;101
392;102
392;103
392;104
392;105
392;106
392;107
392;108
392;109
392;110
392;111
392;112
392;113
392;114
392;115
392;116
392;117
392;118
392;119
392;120
392;121
392;122
392;123
392;124
392;125
392;126
392;127
392;128
392;129
392;130
392;131
392;132
392;133
392;134
392;135
392;136
392;137
392;138
392;139
392;140
392;141
392;142
392;143
392;144
392;145
392;146
392;147
392;148
392;149
392;150
392;151
392;152
392;153
392;154
392;155
392;156
392;157
392;158
392;159
392;160
392;161
392;162
392;163
392;164
392;165
392;166
392;167
392;168
392;169
392;170
392;171
392;172
392;173
392;174
392;175
392;176
392;177
392;178
392;179
392;180
392;257
392;258
392;259
392;260
392;261
392;262
392;263
392;264
392;265
392;266
392;267
392;268
392;269
392;270
392;271
392;272
392;273
392;274
392;275
392;276
392;277
392;278
392;279
392;280
392;281
392;282
392;283
392;284
392;285
392;286
392;287
392;288
392;289
392;290
392;291
392;292
392;293
392;294
392;295
392;296
392;297
392;298
392;299
392;300
392;301
392;302
392;303
392;304
392;305
392;306
392;307
392;308
392;309
392;310
392;311
392;312
392;313
392;314
392;315
392;316
392;317
392;318
392;319
393;15
393;16
393;17
393;18
393;19
393;20
393;21
393;22
393;23
393;24
393;25
393;26
393;27
393;28
393;29
393;30
393;31
393;91
393;92
393;93
393;94
393;95
393;96
393;97
393;98
393;99
393;100
393;101
393;102
393;103
393;104
393;105
393;106
393;107
393;108
393;109
393;110
393;111
393;112
393;113
393;114
393;115
393;116
393;117
393;118
393;119
393;120
393;121
393;122
393;123
393;124
393;125
393;126
393;127
393;128
393;129
393;130
393;131
393;132
393;133
393;134
393;135
393;136
393;137
393;138
393;139
393;140
393;141
393;142
393;143
393;144
393;145
393;146
393;147
393;148
393;149
393;150
393;151
393;152
393;153
393;154
393;155
393;156
393;157
393;158
393;159
393;160
393;161
393;162
393;163
393;164
393;165
393;166
393;167
393;168
393;169
393;170
393;171
393;172
393;173
393;174
393;175
393;176
393;177
393;178
393;179
393;180
393;257
393;258
393;259
393;260
393;261
393;262
393;263
393;264
393;265
393;266
393;267
393;268
393;269
393;270
393;271
393;272
393;273
393;274
393;275
393;276
393;277
393;278
393;279
393;280
393;281
393;282
393;283
393;284
393;285
393;286
393;287
393;288
393;289
393;290
393;291
393;292
393;293
393;294
393;295
393;296
393;297
393;298
393;299
393;300
393;301
393;302
393;303
393;304
393;305
393;306
393;307
393;308
393;309
393;310
393;311
393;312
393;313
393;314
393;315
393;316
393;317
393;318
393;319
394;15
394;16
394;17
394;18
394;19
394;20
394;21
394;22
394;23
394;24
394;25
394;26
394;27
394;28
394;29
394;30
394;31
394;32
394;33
394;91
394;92
394;93
394;94
394;95
394;96
394;97
394;98
394;99
394;100
394;101
394;102
394;103
394;104
394;105
394;106
394;107
394;108
394;109
394;110
394;111
394;112
394;113
394;114
394;115
394;116
394;117
394;118
394;119
394;120
394;121
394;122
394;123
394;124
394;125
394;126
394;127
394;128
394;129
394;130
394;131
394;132
394;133
394;134
394;135
394;136
394;137
394;138
394;139
394;140
394;141
394;142
394;143
394;144
394;145
394;146
394;147
394;148
394;149
394;150
394;151
394;152
394;153
394;154
394;155
394;156
394;157
394;158
394;159
394;160
394;161
394;162
394;163
394;164
394;165
394;166
394;167
394;168
394;169
394;170
394;171
394;172
394;173
394;174
394;175
394;176
394;177
394;178
394;179
394;180
394;256
394;257
394;258
394;259
394;260
394;261
394;262
394;263
394;264
394;265
394;266
394;267
394;268
394;269
394;270
394;271
394;272
394;273
394;274
394;275
394;276
394;277
394;278
394;279
394;280
394;281
394;282
394;283
394;284
394;285
394;286
394;287
394;288
394;289
394;290
394;291
394;292
394;293
394;294
394;295
394;296
394;297
394;298
394;299
394;300
394;301
394;302
394;303
394;304
394;305
394;306
394;307
394;308
394;309
394;310
394;311
394;312
394;313
394;314
394;315
394;316
394;317
394;318
394;319
395;15
395;16
395;17
395;18
395;19
395;20
395;21
395;22
395;23
395;24
395;25
395;26
395;27
395;28
395;29
395;30
395;31
395;32
395;33
395;34
395;35
395;91
395;92
395;93
395;94
395;95
395;96
395;97
395;98
395;99
395;100
395;101
395;102
395;103
395;104
395;105
395;106
395;107
395;108
395;109
395;110
395;111
395;112
395;113
395;114
395;115
395;116
395;117
395;118
395;119
395;120
395;121
395;122
395;123
395;124
395;125
395;126
395;127
395;128
395;129
395;130
395;131
395;132
395;133
395;134
395;135
395;136
395;137
395;138
395;139
395;140
395;141
395;142
395;143
395;144
395;145
395;146
395;147
395;148
395;149
395;150
395;151
395;152
395;153
395;154
395;155
395;156
395;157
395;158
395;159
395;160
395;161
395;162
395;163
395;164
395;165
395;166
395;167
395;168
395;169
395;170
395;171
395;172
395;173
395;174
395;175
395;176
395;177
395;178
395;179
395;180
395;181
395;256
395;257
395;258
395;259
395;260
395;261
395;262
395;263
395;264
395;265
395;266
395;267
395;268
395;269
395;270
395;271
395;272
395;273
395;274
395;275
395;276
395;277
395;278
395;279
395;280
395;281
395;282
395;283
395;284
395;285
395;286
395;287
395;288
395;289
395;290
395;291
395;292
395;293
395;294
395;295
395;296
395;297
395;298
395;299
395;300
395;301
395;302
395;303
395;304
395;305
395;306
395;307
395;308
395;309
395;310
395;311
395;312
395;313
395;314
395;315
395;316
395;317
395;318
395;319
395;320
396;15
396;16
396;17
396;18
396;19
396;20
396;21
396;22
396;23
396;24
396;25
396;26
396;27
396;28
396;29
396;30
396;31
396;32
396;33
396;34
396;35
396;36
396;37
396;90
396;91
396;92
396;93
396;94
396;95
396;96
396;97
396;98
396;99
396;100
396;101
396;102
396;103
396;104
396;105
396;106
396;107
396;108
396;109
396;110
396;111
396;112
396;113
396;114
396;115
396;116
396;117
396;118
396;119
396;120
396;121
396;122
396;123
396;124
396;125
396;126
396;127
396;128
396;129
396;130
396;131
396;132
396;133
396;134
396;135
396;136
396;137
396;138
396;139
396;140
396;141
396;142
396;143
396;144
396;145
396;146
396;147
396;148
396;149
396;150
396;151
396;152
396;153
396;154
396;155
396;156
396;157
396;158
396;159
396;160
396;161
396;162
396;163
396;164
396;165
396;166
396;167
396;168
396;169
396;170
396;171
396;172
396;173
396;174
396;175
396;176
396;177
396;178
396;179
396;180
396;181
396;256
396;257
396;258
396;259
396;260
396;261
396;262
396;263
396;264
396;265
396;266
396;267
396;268
396;269
396;270
396;271
396;272
396;273
396;274
396;275
396;276
396;277
396;278
396;279
396;280
396;281
396;282
396;283
396;284
396;285
396;286
396;287
396;288
396;289
396;290
396;291
396;292
396;293
396;294
396;295
396;296
396;297
396;298
396;299
396;300
396;301
396;302
396;303
396;304
396;305
396;306
396;307
396;308
396;309
396;310
396;311
396;312
396;313
396;314
396;315
396;316
396;317
396;318
396;319
396;320
397;15
397;16
397;17
397;18
397;19
397;20
397;21
397;22
397;23
397;24
397;25
397;26
397;27
397;28
397;29
397;30
397;31
397;32
397;33
397;34
397;35
397;36
397;37
397;38
397;39
397;90
397;91
397;92
397;93
397;94
397;95
397;96
397;97
397;98
397;99
397;100
397;101
397;102
397;103
397;104
397;105
397;106
397;107
397;108
397;109
397;110
397;111
397;112
397;113
397;114
397;115
397;116
397;117
397;118
397;119
397;120
397;121
397;122
397;123
397;124
397;125
397;126
397;127
397;128
397;129
397;130
397;131
397;132
397;133
397;134
397;135
397;136
397;137
397;138
397;139
397;140
397;141
397;142
397;143
397;144
397;145
397;146
397;147
397;148
397;149
397;150
397;151
397;152
397;153
397;154
397;155
397;156
397;157
397;158
397;159
397;160
397;161
397;162
397;163
397;164
397;165
397;166
397;167
397;168
397;169
397;170
397;171
397;172
397;173
397;174
397;175
397;176
397;177
397;178
397;179
397;180
397;181
397;256
397;257
397;258
397;259
397;260
397;261
397;262
397;263
397;264
397;265
397;266
397;267
397;268
397;269
397;270
397;271
397;272
397;273
397;274
397;275
397;276
397;277
397;278
397;279
397;280
397;281
397;282
397;283
397;284
397;285
397;286
397;287
397;288
397;289
397;290
397;291
397;292
397;293
397;294
397;295
397;296
397;297
397;298
397;299
397;300
397;301
397;302
397;303
397;304
397;305
397;306
397;307
397;308
397;309
397;310
397;311
397;312
397;313
397;314
397;315
397;316
397;317
397;318
397;319
397;320
398;15
398;16
398;17
398;18
398;19
398;20
398;21
398;22
398;23
398;24
398;25
398;26
398;27
398;28
398;29
398;30
398;31
398;32
398;33
398;34
398;35
398;36
398;37
398;38
398;39
398;40
398;41
398;90
398;91
398;92
398;93
398;94
398;95
398;96
398;97
398;98
398;99
398;100
398;101
398;102
398;103
398;104
398;105
398;106
398;107
398;108
398;109
398;110
398;111
398;112
398;113
398;114
398;115
398;116
398;117
398;118
398;119
398;120
398;121
398;122
398;123
398;124
398;125
398;126
398;127
398;128
398;129
398;130
398;131
398;132
398;133
398;134
398;135
398;136
398;137
398;138
398;139
398;140
398;141
398;142
398;143
398;144
398;145
398;146
398;147
398;148
398;149
398;150
398;151
398;152
398;153
398;154
398;155
398;156
398;157
398;158
398;159
398;160
398;161
398;162
398;163
398;164
398;165
398;166
398;167
398;168
398;169
398;170
398;171
398;172
398;173
398;174
398;175
398;176
398;177
398;178
398;179
398;180
398;181
398;255
398;256
398;257
398;258
398;259
398;260
398;261
398;262
398;263
398;264
398;265
398;266
398;267
398;268
398;269
398;270
398;271
398;272
398;273
398;274
398;275
398;276
398;277
398;278
398;279
398;280
398;281
398;282
398;283
398;284
398;285
398;286
398;287
398;288
398;289
398;290
398;291
398;292
398;293
398;294
398;295
398;296
398;297
398;298
398;299
398;300
398;301
398;302
398;303
398;304
398;305
398;306
398;307
398;308
398;309
398;310
398;311
398;312
398;313
398;314
398;315
398;316
398;317
398;318
398;319
398;320
399;15
399;16
399;17
399;18
399;19
399;20
399;21
399;22
399;23
399;24
399;25
399;26
399;27
399;28
399;29
399;30
399;31
399;32
399;33
399;34
399;35
399;36
399;37
399;38
399;39
399;40
399;41
399;42
399;43
399;90
399;91
399;92
399;93
399;94
399;95
399;96
399;97
399;98
399;99
399;100
399;101
399;102
399;103
399;104
399;105
399;106
399;107
399;108
399;109
399;110
399;111
399;112
399;113
399;114
399;115
399;116
399;117
399;118
399;119
399;120
399;121
399;122
399;123
399;124
399;125
399;126
399;127
399;128
399;129
399;130
399;131
399;132
399;133
399;134
399;135
399;136
399;137
399;138
399;139
399;140
399;141
399;142
399;143
399;144
399;145
399;146
399;147
399;148
399;149
399;150
399;151
399;152
399;153
399;154
399;155
399;156
399;157
399;158
399;159
399;160
399;161
399;162
399;163
399;164
399;165
399;166
399;167
399;168
399;169
399;170
399;171
399;172
399;173
399;174
399;175
399;176
399;177
399;178
399;179
399;180
399;181
399;253
399;254
399;255
399;256
399;257
399;258
399;259
399;260
399;261
399;262
399;263
399;264
399;265
399;266
399;267
399;268
399;269
399;270
399;271
399;272
399;273
399;274
399;275
399;276
399;277
399;278
399;279
399;280
399;281
399;282
399;283
399;284
399;285
399;286
399;287
399;288
399;289
399;290
399;291
399;292
399;293
399;294
399;295
399;296
399;297
399;298
399;299
399;300
399;301
399;302
399;303
399;304
399;305
399;306
399;307
399;308
399;309
399;310
399;311
399;312
399;313
399;314
399;315
399;316
399;317
399;318
399;319
399;320
400;15
400;16
400;17
400;18
400;19
400;20
400;21
400;22
400;23
400;24
400;25
400;26
400;27
400;28
400;29
400;30
400;31
400;32
400;33
400;34
400;35
400;36
400;37
400;38
400;39
400;40
400;41
400;42
400;43
400;44
400;45
400;90
400;91
400;92
400;93
400;94
400;95
400;96
400;97
400;98
400;99
400;100
400;101
400;102
400;103
400;104
400;105
400;106
400;107
400;108
400;109
400;110
400;111
400;112
400;113
400;114
400;115
400;116
400;117
400;118
400;119
400;120
400;121
400;122
400;123
400;124
400;125
400;126
400;127
400;128
400;129
400;130
400;131
400;132
400;133
400;134
400;135
400;136
400;137
400;138
400;139
400;140
400;141
400;142
400;143
400;144
400;145
400;146
400;147
400;148
400;149
400;150
400;151
400;152
400;153
400;154
400;155
400;156
400;157
400;158
400;159
400;160
400;161
400;162
400;163
400;164
400;165
400;166
400;167
400;168
400;169
400;170
400;171
400;172
400;173
400;174
400;175
400;176
400;177
400;178
400;179
400;180
400;181
400;251
400;252
400;253
400;254
400;255
400;256
400;257
400;258
400;259
400;260
400;261
400;262
400;263
400;264
400;265
400;266
400;267
400;268
400;269
400;270
400;271
400;272
400;273
400;274
400;275
400;276
400;277
400;278
400;279
400;280
400;281
400;282
400;283
400;284
400;285
400;286
400;287
400;288
400;289
400;290
400;291
400;292
400;293
400;294
400;295
400;296
400;297
400;298
400;299
400;300
400;301
400;302
400;303
400;304
400;305
400;306
400;307
400;308
400;309
400;310
400;311
400;312
400;313
400;314
400;315
400;316
400;317
400;318
400;319
400;320
401;14
401;15
401;16
401;17
401;18
401;19
401;20
401;21
401;22
401;23
401;24
401;25
401;26
401;27
401;28
401;29
401;30
401;31
401;32
401;33
401;34
401;35
401;36
401;37
401;38
401;39
401;40
401;41
401;42
401;43
401;44
401;45
401;46
401;47
401;90
401;91
401;92
401;93
401;94
401;95
401;96
401;97
401;98
401;99
401;100
401;101
401;102
401;103
401;104
401;105
401;106
401;107
401;108
401;109
401;110
401;111
401;112
401;113
401;114
401;115
401;116
401;117
401;118
401;119
401;120
401;121
401;122
401;123
401;124
401;125
401;126
401;127
401;128
401;129
401;130
401;131
401;132
401;133
401;134
401;135
401;136
401;137
401;138
401;139
401;140
401;141
401;142
401;143
401;144
401;145
401;146
401;147
401;148
401;149
401;150
401;151
401;152
401;153
401;154
401;155
401;156
401;157
401;158
401;159
401;160
401;161
401;162
401;163
401;164
401;165
401;166
401;167
401;168
401;169
401;170
401;171
401;172
401;173
401;174
401;175
401;176
401;177
401;178
401;179
401;180
401;181
401;182
401;249
401;250
401;251
401;252
401;253
401;254
401;255
401;256
401;257
401;258
401;259
401;260
401;261
401;262
401;263
401;264
401;265
401;266
401;267
401;268
401;269
401;270
401;271
401;272
401;273
401;274
401;275
401;276
401;277
401;278
401;279
401;280
401;281
401;282
401;283
401;284
401;285
401;286
401;287
401;288
401;289
401;290
401;291
401;292
401;293
401;294
401;295
401;296
401;297
401;298
401;299
401;300
401;301
401;302
401;303
401;304
401;305
401;306
401;307
401;308
401;309
401;310
401;311
401;312
401;313
401;314
401;315
401;316
401;317
401;318
401;319
401;320
402;14
402;15
402;16
402;17
402;18
402;19
402;20
402;21
402;22
402;23
402;24
402;25
402;26
402;27
402;28
402;29
402;30
402;31
402;32
402;33
402;34
402;35
402;36
402;37
402;38
402;39
402;40
402;41
402;42
402;43
402;44
402;45
402;46
402;47
402;48
402;49
402;89
402;90
402;91
402;92
402;93
402;94
402;95
402;96
402;97
402;98
402;99
402;100
402;101
402;102
402;103
402;104
402;105
402;106
402;107
402;108
402;109
402;110
402;111
402;112
402;113
402;114
402;115
402;116
402;117
402;118
402;119
402;120
402;121
402;122
402;123
402;124
402;125
402;126
402;127
402;128
402;129
402;130
402;131
402;132
402;133
402;134
402;135
402;136
402;137
402;138
402;139
402;140
402;141
402;142
402;143
402;144
402;145
402;146
402;147
402;148
402;149
402;150
402;151
402;152
402;153
402;154
402;155
402;156
402;157
402;158
402;159
402;160
402;161
402;162
402;163
402;164
402;165
402;166
402;167
402;168
402;169
402;170
402;171
402;172
402;173
402;174
402;175
402;176
402;177
402;178
402;179
402;180
402;181
402;182
402;247
402;248
402;249
402;250
402;251
402;252
402;253
402;254
402;255
402;256
402;257
402;258
402;259
402;260
402;261
402;262
402;263
402;264
402;265
402;266
402;267
402;268
402;269
402;270
402;271
402;272
402;273
402;274
402;275
402;276
402;277
402;278
402;279
402;280
402;281
402;282
402;283
402;284
402;285
402;286
402;287
402;288
402;289
402;290
402;291
402;292
402;293
402;294
402;295
402;296
402;297
402;298
402;299
402;300
402;301
402;302
402;303
402;304
402;305
402;306
402;307
402;308
402;309
402;310
402;311
402;312
402;313
402;314
402;315
402;316
402;317
402;318
402;319
402;320
403;14
403;15
403;16
403;17
403;18
403;19
403;20
403;21
403;22
403;23
403;24
403;25
403;26
403;27
403;28
403;29
403;30
403;31
403;32
403;33
403;34
403;35
403;36
403;37
403;38
403;39
403;40
403;41
403;42
403;43
403;44
403;45
403;46
403;47
403;48
403;49
403;50
403;51
403;89
403;90
403;91
403;92
403;93
403;94
403;95
403;96
403;97
403;98
403;99
403;100
403;101
403;102
403;103
403;104
403;105
403;106
403;107
403;108
403;109
403;110
403;111
403;112
403;113
403;114
403;115
403;116
403;117
403;118
403;119
403;120
403;121
403;122
403;123
403;124
403;125
403;126
403;127
403;128
403;129
403;130
403;131
403;132
403;133
403;134
403;135
403;136
403;137
403;138
403;139
403;140
403;141
403;142
403;143
403;144
403;145
403;146
403;147
403;148
403;149
403;150
403;151
403;152
403;153
403;154
403;155
403;156
403;157
403;158
403;159
403;160
403;161
403;162
403;163
403;164
403;165
403;166
403;167
403;168
403;169
403;170
403;171
403;172
403;173
403;174
403;175
403;176
403;177
403;178
403;179
403;180
403;181
403;182
403;245
403;246
403;247
403;248
403;249
403;250
403;251
403;252
403;253
403;254
403;255
403;256
403;257
403;258
403;259
403;260
403;261
403;262
403;263
403;264
403;265
403;266
403;267
403;268
403;269
403;270
403;271
403;272
403;273
403;274
403;275
403;276
403;277
403;278
403;279
403;280
403;281
403;282
403;283
403;284
403;285
403;286
403;287
403;288
403;289
403;290
403;291
403;292
403;293
403;294
403;295
403;296
403;297
403;298
403;299
403;300
403;301
403;302
403;303
403;304
403;305
403;306
403;307
403;308
403;309
403;310
403;311
403;312
403;313
403;314
403;315
403;316
403;317
403;318
403;319
403;320
404;14
404;15
404;16
404;17
404;18
404;19
404;20
404;21
404;22
404;23
404;24
404;25
404;26
404;27
404;28
404;29
404;30
404;31
404;32
404;33
404;34
404;35
404;36
404;37
404;38
404;39
404;40
404;41
404;42
404;43
404;44
404;45
404;46
404;47
404;48
404;49
404;50
404;51
404;52
404;88
404;89
404;90
404;91
404;92
404;93
404;94
404;95
404;96
404;97
404;98
404;99
404;100
404;101
404;102
404;103
404;104
404;105
404;106
404;107
404;108
404;109
404;110
404;111
404;112
404;113
404;114
404;115
404;116
404;117
404;118
404;119
404;120
404;121
404;122
404;123
404;124
404;125
404;126
404;127
404;128
404;129
404;130
404;131
404;132
404;133
404;134
404;135
404;136
404;137
404;138
404;139
404;140
404;141
404;142
404;143
404;144
404;145
404;146
404;147
404;148
404;149
404;150
404;151
404;152
404;153
404;154
404;155
404;156
404;157
404;158
404;159
404;160
404;161
404;162
404;163
404;164
404;165
404;166
404;167
404;168
404;169
404;170
404;171
404;172
404;173
404;174
404;175
404;176
404;177
404;178
404;179
404;180
404;181
404;182
404;243
404;244
404;245
404;246
404;247
404;248
404;249
404;250
404;251
404;252
404;253
404;254
404;255
404;256
404;257
404;258
404;259
404;260
404;261
404;262
404;263
404;264
404;265
404;266
404;267
404;268
404;269
404;270
404;271
404;272
404;273
404;274
404;275
404;276
404;277
404;278
404;279
404;280
404;281
404;282
404;283
404;284
404;285
404;286
404;287
404;288
404;289
404;290
404;291
404;292
404;293
404;294
404;295
404;296
404;297
404;298
404;299
404;300
404;301
404;302
404;303
404;304
404;305
404;306
404;307
404;308
404;309
404;310
404;311
404;312
404;313
404;314
404;315
404;316
404;317
404;318
404;319
404;320
405;14
405;15
405;16
405;17
405;18
405;19
405;20
405;21
405;22
405;23
405;24
405;25
405;26
405;27
405;28
405;29
405;30
405;31
405;32
405;33
405;34
405;35
405;36
405;37
405;38
405;39
405;40
405;41
405;42
405;43
405;44
405;45
405;46
405;47
405;48
405;49
405;50
405;51
405;52
405;53
405;87
405;88
405;89
405;90
405;91
405;92
405;93
405;94
405;95
405;96
405;97
405;98
405;99
405;100
405;101
405;102
405;103
405;104
405;105
405;106
405;107
405;108
405;109
405;110
405;111
405;112
405;113
405;114
405;115
405;116
405;117
405;118
405;119
405;120
405;121
405;122
405;123
405;124
405;125
405;126
405;127
405;128
405;129
405;130
405;131
405;132
405;133
405;134
405;135
405;136
405;137
405;138
405;139
405;140
405;141
405;142
405;143
405;144
405;145
405;146
405;147
405;148
405;149
405;150
405;151
405;152
405;153
405;154
405;155
405;156
405;157
405;158
405;159
405;160
405;161
405;162
405;163
405;164
405;165
405;166
405;167
405;168
405;169
405;170
405;171
405;172
405;173
405;174
405;175
405;176
405;177
405;178
405;179
405;180
405;181
405;182
405;241
405;242
405;243
405;244
405;245
405;246
405;247
405;248
405;249
405;250
405;251
405;252
405;253
405;254
405;255
405;256
405;257
405;258
405;259
405;260
405;261
405;262
405;263
405;264
405;265
405;266
405;267
405;268
405;269
405;270
405;271
405;272
405;273
405;274
405;275
405;276
405;277
405;278
405;279
405;280
405;281
405;282
405;283
405;284
405;285
405;286
405;287
405;288
405;289
405;290
405;291
405;292
405;293
405;294
405;295
405;296
405;297
405;298
405;299
405;300
405;301
405;302
405;303
405;304
405;305
405;306
405;307
405;308
405;309
405;310
405;311
405;312
405;313
405;314
405;315
405;316
405;317
405;318
405;319
405;320
406;14
406;15
406;16
406;17
406;18
406;19
406;20
406;21
406;22
406;23
406;24
406;25
406;26
406;27
406;28
406;29
406;30
406;31
406;32
406;33
406;34
406;35
406;36
406;37
406;38
406;39
406;40
406;41
406;42
406;43
406;44
406;45
406;46
406;47
406;48
406;49
406;50
406;51
406;52
406;53
406;54
406;55
406;87
406;88
406;89
406;90
406;91
406;92
406;93
406;94
406;95
406;96
406;97
406;98
406;99
406;100
406;101
406;102
406;103
406;104
406;105
406;106
406;107
406;108
406;109
406;110
406;111
406;112
406;113
406;114
406;115
406;116
406;117
406;118
406;119
406;120
406;121
406;122
406;123
406;124
406;125
406;126
406;127
406;128
406;129
406;130
406;131
406;132
406;133
406;134
406;135
406;136
406;137
406;138
406;139
406;140
406;141
406;142
406;143
406;144
406;145
406;146
406;147
406;148
406;149
406;150
406;151
406;152
406;153
406;154
406;155
406;156
406;157
406;158
406;159
406;160
406;161
406;162
406;163
406;164
406;165
406;166
406;167
406;168
406;169
406;170
406;171
406;172
406;173
406;174
406;175
406;176
406;177
406;178
406;179
406;180
406;181
406;241
406;242
406;243
406;244
406;245
406;246
406;247
406;248
406;249
406;250
406;251
406;252
406;253
406;254
406;255
406;256
406;257
406;258
406;259
406;260
406;261
406;262
406;263
406;264
406;265
406;266
406;267
406;268
406;269
406;270
406;271
406;272
406;273
406;274
406;275
406;276
406;277
406;278
406;279
406;280
406;281
406;282
406;283
406;284
406;285
406;286
406;287
406;288
406;289
406;290
406;291
406;292
406;293
406;294
406;295
406;296
406;297
406;298
406;299
406;300
406;301
406;302
406;303
406;304
406;305
406;306
406;307
406;308
406;309
406;310
406;311
406;312
406;313
406;314
406;315
406;316
406;317
406;318
406;319
406;320
407;14
407;15
407;16
407;17
407;18
407;19
407;20
407;21
407;22
407;23
407;24
407;25
407;26
407;27
407;28
407;29
407;30
407;31
407;32
407;33
407;34
407;35
407;36
407;37
407;38
407;39
407;40
407;41
407;42
407;43
407;44
407;45
407;46
407;47
407;48
407;49
407;50
407;51
407;52
407;53
407;54
407;55
407;56
407;57
407;86
407;87
407;88
407;89
407;90
407;91
407;92
407;93
407;94
407;95
407;96
407;97
407;98
407;99
407;100
407;101
407;102
407;103
407;104
407;105
407;106
407;107
407;108
407;109
407;110
407;111
407;112
407;113
407;114
407;115
407;116
407;117
407;118
407;119
407;120
407;121
407;122
407;123
407;124
407;125
407;126
407;127
407;128
407;129
407;130
407;131
407;132
407;133
407;134
407;135
407;136
407;137
407;138
407;139
407;140
407;141
407;142
407;143
407;144
407;145
407;146
407;147
407;148
407;149
407;150
407;151
407;152
407;153
407;154
407;155
407;156
407;157
407;158
407;159
407;160
407;161
407;162
407;163
407;164
407;165
407;166
407;167
407;168
407;169
407;170
407;171
407;172
407;173
407;174
407;175
407;176
407;177
407;178
407;179
407;180
407;181
407;239
407;240
407;241
407;242
407;243
407;244
407;245
407;246
407;247
407;248
407;249
407;250
407;251
407;252
407;253
407;254
407;255
407;256
407;257
407;258
407;259
407;260
407;261
407;262
407;263
407;264
407;265
407;266
407;267
407;268
407;269
407;270
407;271
407;272
407;273
407;274
407;275
407;276
407;277
407;278
407;279
407;280
407;281
407;282
407;283
407;284
407;285
407;286
407;287
407;288
407;289
407;290
407;291
407;292
407;293
407;294
407;295
407;296
407;297
407;298
407;299
407;300
407;301
407;302
407;303
407;304
407;305
407;306
407;307
407;308
407;309
407;310
407;311
407;312
407;313
407;314
407;315
407;316
407;317
407;318
407;319
407;320
408;14
408;15
408;16
408;17
408;18
408;19
408;20
408;21
408;22
408;23
408;24
408;25
408;26
408;27
408;28
408;29
408;30
408;31
408;32
408;33
408;34
408;35
408;36
408;37
408;38
408;39
408;40
408;41
408;42
408;43
408;44
408;45
408;46
408;47
408;48
408;49
408;50
408;51
408;52
408;53
408;54
408;55
408;56
408;57
408;58
408;59
408;85
408;86
408;87
408;88
408;89
408;90
408;91
408;92
408;93
408;94
408;95
408;96
408;97
408;98
408;99
408;100
408;101
408;102
408;103
408;104
408;105
408;106
408;107
408;108
408;109
408;110
408;111
408;112
408;113
408;114
408;115
408;116
408;117
408;118
408;119
408;120
408;121
408;122
408;123
408;124
408;125
408;126
408;127
408;128
408;129
408;130
408;131
408;132
408;133
408;134
408;135
408;136
408;137
408;138
408;139
408;140
408;141
408;142
408;143
408;144
408;145
408;146
408;147
408;148
408;149
408;150
408;151
408;152
408;153
408;154
408;155
408;156
408;157
408;158
408;159
408;160
408;161
408;162
408;163
408;164
408;165
408;166
408;167
408;168
408;169
408;170
408;171
408;172
408;173
408;174
408;175
408;176
408;177
408;178
408;179
408;180
408;181
408;238
408;239
408;240
408;241
408;242
408;243
408;244
408;245
408;246
408;247
408;248
408;249
408;250
408;251
408;252
408;253
408;254
408;255
408;256
408;257
408;258
408;259
408;260
408;261
408;262
408;263
408;264
408;265
408;266
408;267
408;268
408;269
408;270
408;271
408;272
408;273
408;274
408;275
408;276
408;277
408;278
408;279
408;280
408;281
408;282
408;283
408;284
408;285
408;286
408;287
408;288
408;289
408;290
408;291
408;292
408;293
408;294
408;295
408;296
408;297
408;298
408;299
408;300
408;301
408;302
408;303
408;304
408;305
408;306
408;307
408;308
408;309
408;310
408;311
408;312
408;313
408;314
408;315
408;316
408;317
408;318
408;319
409;14
409;15
409;16
409;17
409;18
409;19
409;20
409;21
409;22
409;23
409;24
409;25
409;26
409;27
409;28
409;29
409;30
409;31
409;32
409;33
409;34
409;35
409;36
409;37
409;38
409;39
409;40
409;41
409;42
409;43
409;44
409;45
409;46
409;47
409;48
409;49
409;50
409;51
409;52
409;53
409;54
409;55
409;56
409;57
409;58
409;59
409;60
409;61
409;85
409;86
409;87
409;88
409;89
409;90
409;91
409;92
409;93
409;94
409;95
409;96
409;97
409;98
409;99
409;100
409;101
409;102
409;103
409;104
409;105
409;106
409;107
409;108
409;109
409;110
409;111
409;112
409;113
409;114
409;115
409;116
409;117
409;118
409;119
409;120
409;121
409;122
409;123
409;124
409;125
409;126
409;127
409;128
409;129
409;130
409;131
409;132
409;133
409;134
409;135
409;136
409;137
409;138
409;139
409;140
409;141
409;142
409;143
409;144
409;145
409;146
409;147
409;148
409;149
409;150
409;151
409;152
409;153
409;154
409;155
409;156
409;157
409;158
409;159
409;160
409;161
409;162
409;163
409;164
409;165
409;166
409;167
409;168
409;169
409;170
409;171
409;172
409;173
409;174
409;175
409;176
409;177
409;178
409;179
409;180
409;181
409;237
409;238
409;239
409;240
409;241
409;242
409;243
409;244
409;245
409;246
409;247
409;248
409;249
409;250
409;251
409;252
409;253
409;254
409;255
409;256
409;257
409;258
409;259
409;260
409;261
409;262
409;263
409;264
409;265
409;266
409;267
409;268
409;269
409;270
409;271
409;272
409;273
409;274
409;275
409;276
409;277
409;278
409;279
409;280
409;281
409;282
409;283
409;284
409;285
409;286
409;287
409;288
409;289
409;290
409;291
409;292
409;293
409;294
409;295
409;296
409;297
409;298
409;299
409;300
409;301
409;302
409;303
409;304
409;305
409;306
409;307
409;308
409;309
409;310
409;311
409;312
409;313
409;314
409;315
409;316
409;317
409;318
409;319
410;14
410;15
410;16
410;17
410;18
410;19
410;20
410;21
410;22
410;23
410;24
410;25
410;26
410;27
410;28
410;29
410;30
410;31
410;32
410;33
410;34
410;35
410;36
410;37
410;38
410;39
410;40
410;41
410;42
410;43
410;44
410;45
410;46
410;47
410;48
410;49
410;50
410;51
410;52
410;53
410;54
410;55
410;56
410;57
410;58
410;59
410;60
410;61
410;62
410;63
410;83
410;84
410;85
410;86
410;87
410;88
410;89
410;90
410;91
410;92
410;93
410;94
410;95
410;96
410;97
410;98
410;99
410;100
410;101
410;102
410;103
410;104
410;105
410;106
410;107
410;108
410;109
410;110
410;111
410;112
410;113
410;114
410;115
410;116
410;117
410;118
410;119
410;120
410;121
410;122
410;123
410;124
410;125
410;126
410;127
410;128
410;129
410;130
410;131
410;132
410;133
410;134
410;135
410;136
410;137
410;138
410;139
410;140
410;141
410;142
410;143
410;144
410;145
410;146
410;147
410;148
410;149
410;150
410;151
410;152
410;153
410;154
410;155
410;156
410;157
410;158
410;159
410;160
410;161
410;162
410;163
410;164
410;165
410;166
410;167
410;168
410;169
410;170
410;171
410;172
410;173
410;174
410;175
410;176
410;177
410;178
410;179
410;180
410;181
410;235
410;236
410;237
410;238
410;239
410;240
410;241
410;242
410;243
410;244
410;245
410;246
410;247
410;248
410;249
410;250
410;251
410;252
410;253
410;254
410;255
410;256
410;257
410;258
410;259
410;260
410;261
410;262
410;263
410;264
410;265
410;266
410;267
410;268
410;269
410;270
410;271
410;272
410;273
410;274
410;275
410;276
410;277
410;278
410;279
410;280
410;281
410;282
410;283
410;284
410;285
410;286
410;287
410;288
410;289
410;290
410;291
410;292
410;293
410;294
410;295
410;296
410;297
410;298
410;299
410;300
410;301
410;302
410;303
410;304
410;305
410;306
410;307
410;308
410;309
410;310
410;311
410;312
410;313
410;314
410;315
410;316
410;317
410;318
410;319
410;323
410;325
410;327
410;328
411;14
411;15
411;16
411;17
411;18
411;19
411;20
411;21
411;22
411;23
411;24
411;25
411;26
411;27
411;28
411;29
411;30
411;31
411;32
411;33
411;34
411;35
411;36
411;37
411;38
411;39
411;40
411;41
411;42
411;43
411;44
411;45
411;46
411;47
411;48
411;49
411;50
411;51
411;52
411;53
411;54
411;55
411;56
411;57
411;58
411;59
411;60
411;61
411;62
411;63
411;64
411;65
411;83
411;84
411;85
411;86
411;87
411;88
411;89
411;90
411;91
411;92
411;93
411;94
411;95
411;96
411;97
411;98
411;99
411;100
411;101
411;102
411;103
411;104
411;105
411;106
411;107
411;108
411;109
411;110
411;111
411;112
411;113
411;114
411;115
411;116
411;117
411;118
411;119
411;120
411;121
411;122
411;123
411;124
411;125
411;126
411;127
411;128
411;129
411;130
411;131
411;132
411;133
411;134
411;135
411;136
411;137
411;138
411;139
411;140
411;141
411;142
411;143
411;144
411;145
411;146
411;147
411;148
411;149
411;150
411;151
411;152
411;153
411;154
411;155
411;156
411;157
411;158
411;159
411;160
411;161
411;162
411;163
411;164
411;165
411;166
411;167
411;168
411;169
411;170
411;171
411;172
411;173
411;174
411;175
411;176
411;177
411;178
411;179
411;180
411;181
411;235
411;236
411;237
411;238
411;239
411;240
411;241
411;242
411;243
411;244
411;245
411;246
411;247
411;248
411;249
411;250
411;251
411;252
411;253
411;254
411;255
411;256
411;257
411;258
411;259
411;260
411;261
411;262
411;263
411;264
411;265
411;266
411;267
411;268
411;269
411;270
411;271
411;272
411;273
411;274
411;275
411;276
411;277
411;278
411;279
411;280
411;281
411;282
411;283
411;284
411;285
411;286
411;287
411;288
411;289
411;290
411;291
411;292
411;293
411;294
411;295
411;296
411;297
411;298
411;299
411;300
411;301
411;302
411;303
411;304
411;305
411;306
411;307
411;308
411;309
411;310
411;311
411;312
411;313
411;314
411;315
411;316
411;317
411;318
411;319
411;320
411;321
411;322
411;323
411;324
411;325
411;326
411;327
411;328
412;14
412;15
412;16
412;17
412;18
412;19
412;20
412;21
412;22
412;23
412;24
412;25
412;26
412;27
412;28
412;29
412;30
412;31
412;32
412;33
412;34
412;35
412;36
412;37
412;38
412;39
412;40
412;41
412;42
412;43
412;44
412;45
412;46
412;47
412;48
412;49
412;50
412;51
412;52
412;53
412;54
412;55
412;56
412;57
412;58
412;59
412;60
412;61
412;62
412;63
412;64
412;65
412;66
412;67
412;82
412;83
412;84
412;85
412;86
412;87
412;88
412;89
412;90
412;91
412;92
412;93
412;94
412;95
412;96
412;97
412;98
412;99
412;100
412;101
412;102
412;103
412;104
412;105
412;106
412;107
412;108
412;109
412;110
412;111
412;112
412;113
412;114
412;115
412;116
412;117
412;118
412;119
412;120
412;121
412;122
412;123
412;124
412;125
412;126
412;127
412;128
412;129
412;130
412;131
412;132
412;133
412;134
412;135
412;136
412;137
412;138
412;139
412;140
412;141
412;142
412;143
412;144
412;145
412;146
412;147
412;148
412;149
412;150
412;151
412;152
412;153
412;154
412;155
412;156
412;157
412;158
412;159
412;160
412;161
412;162
412;163
412;164
412;165
412;166
412;167
412;168
412;169
412;170
412;171
412;172
412;173
412;174
412;175
412;176
412;177
412;178
412;179
412;180
412;234
412;235
412;236
412;237
412;238
412;239
412;240
412;241
412;242
412;243
412;244
412;245
412;246
412;247
412;248
412;249
412;250
412;251
412;252
412;253
412;254
412;255
412;256
412;257
412;258
412;259
412;260
412;261
412;262
412;263
412;264
412;265
412;266
412;267
412;268
412;269
412;270
412;271
412;272
412;273
412;274
412;275
412;276
412;277
412;278
412;279
412;280
412;281
412;282
412;283
412;284
412;285
412;286
412;287
412;288
412;289
412;290
412;291
412;292
412;293
412;294
412;295
412;296
412;297
412;298
412;299
412;300
412;301
412;302
412;303
412;304
412;305
412;306
412;307
412;308
412;309
412;310
412;311
412;312
412;313
412;314
412;315
412;316
412;317
412;318
412;319
412;320
412;321
412;322
412;323
412;324
412;325
412;326
412;327
413;14
413;15
413;16
413;17
413;18
413;19
413;20
413;21
413;22
413;23
413;24
413;25
413;26
413;27
413;28
413;29
413;30
413;31
413;32
413;33
413;34
413;35
413;36
413;37
413;38
413;39
413;40
413;41
413;42
413;43
413;44
413;45
413;46
413;47
413;48
413;49
413;50
413;51
413;52
413;53
413;54
413;55
413;56
413;57
413;58
413;59
413;60
413;61
413;62
413;63
413;64
413;65
413;66
413;67
413;68
413;69
413;81
413;82
413;83
413;84
413;85
413;86
413;87
413;88
413;89
413;90
413;91
413;92
413;93
413;94
413;95
413;96
413;97
413;98
413;99
413;100
413;101
413;102
413;103
413;104
413;105
413;106
413;107
413;108
413;109
413;110
413;111
413;112
413;113
413;114
413;115
413;116
413;117
413;118
413;119
413;120
413;121
413;122
413;123
413;124
413;125
413;126
413;127
413;128
413;129
413;130
413;131
413;132
413;133
413;134
413;135
413;136
413;137
413;138
413;139
413;140
413;141
413;142
413;143
413;144
413;145
413;146
413;147
413;148
413;149
413;150
413;151
413;152
413;153
413;154
413;155
413;156
413;157
413;158
413;159
413;160
413;161
413;162
413;163
413;164
413;165
413;166
413;167
413;168
413;169
413;170
413;171
413;172
413;173
413;174
413;175
413;176
413;177
413;178
413;179
413;180
413;233
413;234
413;235
413;236
413;237
413;238
413;239
413;240
413;241
413;242
413;243
413;244
413;245
413;246
413;247
413;248
413;249
413;250
413;251
413;252
413;253
413;254
413;255
413;256
413;257
413;258
413;259
413;260
413;261
413;262
413;263
413;264
413;265
413;266
413;267
413;268
413;269
413;270
413;271
413;272
413;273
413;274
413;275
413;276
413;277
413;278
413;279
413;280
413;281
413;282
413;283
413;284
413;285
413;286
413;287
413;288
413;289
413;290
413;291
413;292
413;293
413;294
413;295
413;296
413;297
413;298
413;299
413;300
413;301
413;302
413;303
413;304
413;305
413;306
413;307
413;308
413;309
413;310
413;311
413;312
413;313
413;314
413;315
413;316
413;317
413;318
413;319
413;320
413;321
413;322
413;323
413;324
413;325
413;326
413;327
414;14
414;15
414;16
414;17
414;18
414;19
414;20
414;21
414;22
414;23
414;24
414;25
414;26
414;27
414;28
414;29
414;30
414;31
414;32
414;33
414;34
414;35
414;36
414;37
414;38
414;39
414;40
414;41
414;42
414;43
414;44
414;45
414;46
414;47
414;48
414;49
414;50
414;51
414;52
414;53
414;54
414;55
414;56
414;57
414;58
414;59
414;60
414;61
414;62
414;63
414;64
414;65
414;66
414;67
414;68
414;69
414;70
414;71
414;81
414;82
414;83
414;84
414;85
414;86
414;87
414;88
414;89
414;90
414;91
414;92
414;93
414;94
414;95
414;96
414;97
414;98
414;99
414;100
414;101
414;102
414;103
414;104
414;105
414;106
414;107
414;108
414;109
414;110
414;111
414;112
414;113
414;114
414;115
414;116
414;117
414;118
414;119
414;120
414;121
414;122
414;123
414;124
414;125
414;126
414;127
414;128
414;129
414;130
414;131
414;132
414;133
414;134
414;135
414;136
414;137
414;138
414;139
414;140
414;141
414;142
414;143
414;144
414;145
414;146
414;147
414;148
414;149
414;150
414;151
414;152
414;153
414;154
414;155
414;156
414;157
414;158
414;159
414;160
414;161
414;162
414;163
414;164
414;165
414;166
414;167
414;168
414;169
414;170
414;171
414;172
414;173
414;174
414;175
414;176
414;177
414;178
414;179
414;180
414;232
414;233
414;234
414;235
414;236
414;237
414;238
414;239
414;240
414;241
414;242
414;243
414;244
414;245
414;246
414;247
414;248
414;249
414;250
414;251
414;252
414;253
414;254
414;255
414;256
414;257
414;258
414;259
414;260
414;261
414;262
414;263
414;264
414;265
414;266
414;267
414;268
414;269
414;270
414;271
414;272
414;273
414;274
414;275
414;276
414;277
414;278
414;279
414;280
414;281
414;282
414;283
414;284
414;285
414;286
414;287
414;288
414;289
414;290
414;291
414;292
414;293
414;294
414;295
414;296
414;297
414;298
414;299
414;300
414;301
414;302
414;303
414;304
414;305
414;306
414;307
414;308
414;309
414;310
414;311
414;312
414;313
414;314
414;315
414;316
414;317
414;318
414;319
414;320
414;321
414;322
414;323
414;324
414;325
414;326
415;14
415;15
415;16
415;17
415;18
415;19
415;20
415;21
415;22
415;23
415;24
415;25
415;26
415;27
415;28
415;29
415;30
415;31
415;32
415;33
415;34
415;35
415;36
415;37
415;38
415;39
415;40
415;41
415;42
415;43
415;44
415;45
415;46
415;47
415;48
415;49
415;50
415;51
415;52
415;53
415;54
415;55
415;56
415;57
415;58
415;59
415;60
415;61
415;62
415;63
415;64
415;65
415;66
415;67
415;68
415;69
415;70
415;71
415;72
415;73
415;80
415;81
415;82
415;83
415;84
415;85
415;86
415;87
415;88
415;89
415;90
415;91
415;92
415;93
415;94
415;95
415;96
415;97
415;98
415;99
415;100
415;101
415;102
415;103
415;104
415;105
415;106
415;107
415;108
415;109
415;110
415;111
415;112
415;113
415;114
415;115
415;116
415;117
415;118
415;119
415;120
415;121
415;122
415;123
415;124
415;125
415;126
415;127
415;128
415;129
415;130
415;131
415;132
415;133
415;134
415;135
415;136
415;137
415;138
415;139
415;140
415;141
415;142
415;143
415;144
415;145
415;146
415;147
415;148
415;149
415;150
415;151
415;152
415;153
415;154
415;155
415;156
415;157
415;158
415;159
415;160
415;161
415;162
415;163
415;164
415;165
415;166
415;167
415;168
415;169
415;170
415;171
415;172
415;173
415;174
415;175
415;176
415;177
415;178
415;179
415;180
415;231
415;232
415;233
415;234
415;235
415;236
415;237
415;238
415;239
415;240
415;241
415;242
415;243
415;244
415;245
415;246
415;247
415;248
415;249
415;250
415;251
415;252
415;253
415;254
415;255
415;256
415;257
415;258
415;259
415;260
415;261
415;262
415;263
415;264
415;265
415;266
415;267
415;268
415;269
415;270
415;271
415;272
415;273
415;274
415;275
415;276
415;277
415;278
415;279
415;280
415;281
415;282
415;283
415;284
415;285
415;286
415;287
415;288
415;289
415;290
415;291
415;292
415;293
415;294
415;295
415;296
415;297
415;298
415;299
415;300
415;301
415;302
415;303
415;304
415;305
415;306
415;307
415;308
415;309
415;310
415;311
415;312
415;313
415;314
415;315
415;316
415;317
415;318
415;319
415;320
415;321
415;322
415;323
415;324
415;325
415;326
416;14
416;15
416;16
416;17
416;18
416;19
416;20
416;21
416;22
416;23
416;24
416;25
416;26
416;27
416;28
416;29
416;30
416;31
416;32
416;33
416;34
416;35
416;36
416;37
416;38
416;39
416;40
416;41
416;42
416;43
416;44
416;45
416;46
416;47
416;48
416;49
416;50
416;51
416;52
416;53
416;54
416;55
416;56
416;57
416;58
416;59
416;60
416;61
416;62
416;63
416;64
416;65
416;66
416;67
416;68
416;69
416;70
416;71
416;72
416;73
416;74
416;75
416;79
416;80
416;81
416;82
416;83
416;84
416;85
416;86
416;87
416;88
416;89
416;90
416;91
416;92
416;93
416;94
416;95
416;96
416;97
416;98
416;99
416;100
416;101
416;102
416;103
416;104
416;105
416;106
416;107
416;108
416;109
416;110
416;111
416;112
416;113
416;114
416;115
416;116
416;117
416;118
416;119
416;120
416;121
416;122
416;123
416;124
416;125
416;126
416;127
416;128
416;129
416;130
416;131
416;132
416;133
416;134
416;135
416;136
416;137
416;138
416;139
416;140
416;141
416;142
416;143
416;144
416;145
416;146
416;147
416;148
416;149
416;150
416;151
416;152
416;153
416;154
416;155
416;156
416;157
416;158
416;159
416;160
416;161
416;162
416;163
416;164
416;165
416;166
416;167
416;168
416;169
416;170
416;171
416;172
416;173
416;174
416;175
416;176
416;177
416;178
416;179
416;231
416;232
416;233
416;234
416;235
416;236
416;237
416;238
416;239
416;240
416;241
416;242
416;243
416;244
416;245
416;246
416;247
416;248
416;249
416;250
416;251
416;252
416;253
416;254
416;255
416;256
416;257
416;258
416;259
416;260
416;261
416;262
416;263
416;264
416;265
416;266
416;267
416;268
416;269
416;270
416;271
416;272
416;273
416;274
416;275
416;276
416;277
416;278
416;279
416;280
416;281
416;282
416;283
416;284
416;285
416;286
416;287
416;288
416;289
416;290
416;291
416;292
416;293
416;294
416;295
416;296
416;297
416;298
416;299
416;300
416;301
416;302
416;303
416;304
416;305
416;306
416;307
416;308
416;309
416;310
416;311
416;312
416;313
416;314
416;315
416;316
416;317
416;318
416;319
416;320
416;321
416;322
416;323
416;324
416;325
416;326
417;14
417;15
417;16
417;17
417;18
417;19
417;20
417;21
417;22
417;23
417;24
417;25
417;26
417;27
417;28
417;29
417;30
417;31
417;32
417;33
417;34
417;35
417;36
417;37
417;38
417;39
417;40
417;41
417;42
417;43
417;44
417;45
417;46
417;47
417;48
417;49
417;50
417;51
417;52
417;53
417;54
417;55
417;56
417;57
417;58
417;59
417;60
417;61
417;62
417;63
417;64
417;65
417;66
417;67
417;68
417;69
417;70
417;71
417;72
417;73
417;74
417;75
417;76
417;77
417;79
417;80
417;81
417;82
417;83
417;84
417;85
417;86
417;87
417;88
417;89
417;90
417;91
417;92
417;93
417;94
417;95
417;96
417;97
417;98
417;99
417;100
417;101
417;102
417;103
417;104
417;105
417;106
417;107
417;108
417;109
417;110
417;111
417;112
417;113
417;114
417;115
417;116
417;117
417;118
417;119
417;120
417;121
417;122
417;123
417;124
417;125
417;126
417;127
417;128
417;129
417;130
417;131
417;132
417;133
417;134
417;135
417;136
417;137
417;138
417;139
417;140
417;141
417;142
417;143
417;144
417;145
417;146
417;147
417;148
417;149
417;150
417;151
417;152
417;153
417;154
417;155
417;156
417;157
417;158
417;159
417;160
417;161
417;162
417;163
417;164
417;165
417;166
417;167
417;168
417;169
417;170
417;171
417;172
417;173
417;174
417;175
417;176
417;177
417;178
417;179
417;230
417;231
417;232
417;233
417;234
417;235
417;236
417;237
417;238
417;239
417;240
417;241
417;242
417;243
417;244
417;245
417;246
417;247
417;248
417;249
417;250
417;251
417;252
417;253
417;254
417;255
417;256
417;257
417;258
417;259
417;260
417;261
417;262
417;263
417;264
417;265
417;266
417;267
417;268
417;269
417;270
417;271
417;272
417;273
417;274
417;275
417;276
417;277
417;278
417;279
417;280
417;281
417;282
417;283
417;284
417;285
417;286
417;287
417;288
417;289
417;290
417;291
417;292
417;293
417;294
417;295
417;296
417;297
417;298
417;299
417;300
417;301
417;302
417;303
417;304
417;305
417;306
417;307
417;308
417;309
417;310
417;311
417;312
417;313
417;314
417;315
417;316
417;317
417;318
417;319
417;320
417;321
417;322
417;323
417;324
417;325
418;14
418;15
418;16
418;17
418;18
418;19
418;20
418;21
418;22
418;23
418;24
418;25
418;26
418;27
418;28
418;29
418;30
418;31
418;32
418;33
418;34
418;35
418;36
418;37
418;38
418;39
418;40
418;41
418;42
418;43
418;44
418;45
418;46
418;47
418;48
418;49
418;50
418;51
418;52
418;53
418;54
418;55
418;56
418;57
418;58
418;59
418;60
418;61
418;62
418;63
418;64
418;65
418;66
418;67
418;68
418;69
418;70
418;71
418;72
418;73
418;74
418;75
418;76
418;77
418;78
418;79
418;80
418;81
418;82
418;83
418;84
418;85
418;86
418;87
418;88
418;89
418;90
418;91
418;92
418;93
418;94
418;95
418;96
418;97
418;98
418;99
418;100
418;101
418;102
418;103
418;104
418;105
418;106
418;107
418;108
418;109
418;110
418;111
418;112
418;113
418;114
418;115
418;116
418;117
418;118
418;119
418;120
418;121
418;122
418;123
418;124
418;125
418;126
418;127
418;128
418;129
418;130
418;131
418;132
418;133
418;134
418;135
418;136
418;137
418;138
418;139
418;140
418;141
418;142
418;143
418;144
418;145
418;146
418;147
418;148
418;149
418;150
418;151
418;152
418;153
418;154
418;155
418;156
418;157
418;158
418;159
418;160
418;161
418;162
418;163
418;164
418;165
418;166
418;167
418;168
418;169
418;170
418;171
418;172
418;173
418;174
418;175
418;176
418;177
418;178
418;229
418;230
418;231
418;232
418;233
418;234
418;235
418;236
418;237
418;238
418;239
418;240
418;241
418;242
418;243
418;244
418;245
418;246
418;247
418;248
418;249
418;250
418;251
418;252
418;253
418;254
418;255
418;256
418;257
418;258
418;259
418;260
418;261
418;262
418;263
418;264
418;265
418;266
418;267
418;268
418;269
418;270
418;271
418;272
418;273
418;274
418;275
418;276
418;277
418;278
418;279
418;280
418;281
418;282
418;283
418;284
418;285
418;286
418;287
418;288
418;289
418;290
418;291
418;292
418;293
418;294
418;295
418;296
418;297
418;298
418;299
418;300
418;301
418;302
418;303
418;304
418;305
418;306
418;307
418;308
418;309
418;310
418;311
418;312
418;313
418;314
418;315
418;316
418;317
418;318
418;319
418;320
418;321
418;322
418;323
418;324
419;14
419;15
419;16
419;17
419;18
419;19
419;20
419;21
419;22
419;23
419;24
419;25
419;26
419;27
419;28
419;29
419;30
419;31
419;32
419;33
419;34
419;35
419;36
419;37
419;38
419;39
419;40
419;41
419;42
419;43
419;44
419;45
419;46
419;47
419;48
419;49
419;50
419;51
419;52
419;53
419;54
419;55
419;56
419;57
419;58
419;59
419;60
419;61
419;62
419;63
419;64
419;65
419;66
419;67
419;68
419;69
419;70
419;71
419;72
419;73
419;74
419;75
419;76
419;77
419;78
419;79
419;80
419;81
419;82
419;83
419;84
419;85
419;86
419;87
419;88
419;89
419;90
419;91
419;92
419;93
419;94
419;95
419;96
419;97
419;98
419;99
419;100
419;101
419;102
419;103
419;104
419;105
419;106
419;107
419;108
419;109
419;110
419;111
419;112
419;113
419;114
419;115
419;116
419;117
419;118
419;119
419;120
419;121
419;122
419;123
419;124
419;125
419;126
419;127
419;128
419;129
419;130
419;131
419;132
419;133
419;134
419;135
419;136
419;137
419;138
419;139
419;140
419;141
419;142
419;143
419;144
419;145
419;146
419;147
419;148
419;149
419;150
419;151
419;152
419;153
419;154
419;155
419;156
419;157
419;158
419;159
419;160
419;161
419;162
419;163
419;164
419;165
419;166
419;167
419;168
419;169
419;170
419;171
419;172
419;173
419;174
419;175
419;176
419;177
419;178
419;229
419;230
419;231
419;232
419;233
419;234
419;235
419;236
419;237
419;238
419;239
419;240
419;241
419;242
419;243
419;244
419;245
419;246
419;247
419;248
419;249
419;250
419;251
419;252
419;253
419;254
419;255
419;256
419;257
419;258
419;259
419;260
419;261
419;262
419;263
419;264
419;265
419;266
419;267
419;268
419;269
419;270
419;271
419;272
419;273
419;274
419;275
419;276
419;277
419;278
419;279
419;280
419;281
419;282
419;283
419;284
419;285
419;286
419;287
419;288
419;289
419;290
419;291
419;292
419;293
419;294
419;295
419;296
419;297
419;298
419;299
419;300
419;301
419;302
419;303
419;304
419;305
419;306
419;307
419;308
419;309
419;310
419;311
419;312
419;313
419;314
419;315
419;316
419;317
419;318
419;319
419;320
419;321
419;322
419;323
419;324
420;14
420;15
420;16
420;17
420;18
420;19
420;20
420;21
420;22
420;23
420;24
420;25
420;26
420;27
420;28
420;29
420;30
420;31
420;32
420;33
420;34
420;35
420;36
420;37
420;38
420;39
420;40
420;41
420;42
420;43
420;44
420;45
420;46
420;47
420;48
420;49
420;50
420;51
420;52
420;53
420;54
420;55
420;56
420;57
420;58
420;59
420;60
420;61
420;62
420;63
420;64
420;65
420;66
420;67
420;68
420;69
420;70
420;71
420;72
420;73
420;74
420;75
420;76
420;77
420;78
420;79
420;80
420;81
420;82
420;83
420;84
420;85
420;86
420;87
420;88
420;89
420;90
420;91
420;92
420;93
420;94
420;95
420;96
420;97
420;98
420;99
420;100
420;101
420;102
420;103
420;104
420;105
420;106
420;107
420;108
420;109
420;110
420;111
420;112
420;113
420;114
420;115
420;116
420;117
420;118
420;119
420;120
420;121
420;122
420;123
420;124
420;125
420;126
420;127
420;128
420;129
420;130
420;131
420;132
420;133
420;134
420;135
420;136
420;137
420;138
420;139
420;140
420;141
420;142
420;143
420;144
420;145
420;146
420;147
420;148
420;149
420;150
420;151
420;152
420;153
420;154
420;155
420;156
420;157
420;158
420;159
420;160
420;161
420;162
420;163
420;164
420;165
420;166
420;167
420;168
420;169
420;170
420;171
420;172
420;173
420;174
420;175
420;176
420;177
420;229
420;230
420;231
420;232
420;233
420;234
420;235
420;236
420;237
420;238
420;239
420;240
420;241
420;242
420;243
420;244
420;245
420;246
420;247
420;248
420;249
420;250
420;251
420;252
420;253
420;254
420;255
420;256
420;257
420;258
420;259
420;260
420;261
420;262
420;263
420;264
420;265
420;266
420;267
420;268
420;269
420;270
420;271
420;272
420;273
420;274
420;275
420;276
420;277
420;278
420;279
420;280
420;281
420;282
420;283
420;284
420;285
420;286
420;287
420;288
420;289
420;290
420;291
420;292
420;293
420;294
420;295
420;296
420;297
420;298
420;299
420;300
420;301
420;302
420;303
420;304
420;305
420;306
420;307
420;308
420;309
420;310
420;311
420;312
420;313
420;314
420;315
420;316
420;317
420;318
420;319
420;320
420;321
420;322
420;323
420;324
421;14
421;15
421;16
421;17
421;18
421;19
421;20
421;21
421;22
421;23
421;24
421;25
421;26
421;27
421;28
421;29
421;30
421;31
421;32
421;33
421;34
421;35
421;36
421;37
421;38
421;39
421;40
421;41
421;42
421;43
421;44
421;45
421;46
421;47
421;48
421;49
421;50
421;51
421;52
421;53
421;54
421;55
421;56
421;57
421;58
421;59
421;60
421;61
421;62
421;63
421;64
421;65
421;66
421;67
421;68
421;69
421;70
421;71
421;72
421;73
421;74
421;75
421;76
421;77
421;78
421;79
421;80
421;81
421;82
421;83
421;84
421;85
421;86
421;87
421;88
421;89
421;90
421;91
421;92
421;93
421;94
421;95
421;96
421;97
421;98
421;99
421;100
421;101
421;102
421;103
421;104
421;105
421;106
421;107
421;108
421;109
421;110
421;111
421;112
421;113
421;114
421;115
421;116
421;117
421;118
421;119
421;120
421;121
421;122
421;123
421;124
421;125
421;126
421;127
421;128
421;129
421;130
421;131
421;132
421;133
421;134
421;135
421;136
421;137
421;138
421;139
421;140
421;141
421;142
421;143
421;144
421;145
421;146
421;147
421;148
421;149
421;150
421;151
421;152
421;153
421;154
421;155
421;156
421;157
421;158
421;159
421;160
421;161
421;162
421;163
421;164
421;165
421;166
421;167
421;168
421;169
421;170
421;171
421;172
421;173
421;174
421;175
421;176
421;228
421;229
421;230
421;231
421;232
421;233
421;234
421;235
421;236
421;237
421;238
421;239
421;240
421;241
421;242
421;243
421;244
421;245
421;246
421;247
421;248
421;249
421;250
421;251
421;252
421;253
421;254
421;255
421;256
421;257
421;258
421;259
421;260
421;261
421;262
421;263
421;264
421;265
421;266
421;267
421;268
421;269
421;270
421;271
421;272
421;273
421;274
421;275
421;276
421;277
421;278
421;279
421;280
421;281
421;282
421;283
421;284
421;285
421;286
421;287
421;288
421;289
421;290
421;291
421;292
421;293
421;294
421;295
421;296
421;297
421;298
421;299
421;300
421;301
421;302
421;303
421;304
421;305
421;306
421;307
421;308
421;309
421;310
421;311
421;312
421;313
421;314
421;315
421;316
421;317
421;318
421;319
421;320
421;321
421;322
421;323
422;14
422;15
422;16
422;17
422;18
422;19
422;20
422;21
422;22
422;23
422;24
422;25
422;26
422;27
422;28
422;29
422;30
422;31
422;32
422;33
422;34
422;35
422;36
422;37
422;38
422;39
422;40
422;41
422;42
422;43
422;44
422;45
422;46
422;47
422;48
422;49
422;50
422;51
422;52
422;53
422;54
422;55
422;56
422;57
422;58
422;59
422;60
422;61
422;62
422;63
422;64
422;65
422;66
422;67
422;68
422;69
422;70
422;71
422;72
422;73
422;74
422;75
422;76
422;77
422;78
422;79
422;80
422;81
422;82
422;83
422;84
422;85
422;86
422;87
422;88
422;89
422;90
422;91
422;92
422;93
422;94
422;95
422;96
422;97
422;98
422;99
422;100
422;101
422;102
422;103
422;104
422;105
422;106
422;107
422;108
422;109
422;110
422;111
422;112
422;113
422;114
422;115
422;116
422;117
422;118
422;119
422;120
422;121
422;122
422;123
422;124
422;125
422;126
422;127
422;128
422;129
422;130
422;131
422;132
422;133
422;134
422;135
422;136
422;137
422;138
422;139
422;140
422;141
422;142
422;143
422;144
422;145
422;146
422;147
422;148
422;149
422;150
422;151
422;152
422;153
422;154
422;155
422;156
422;157
422;158
422;159
422;160
422;161
422;162
422;163
422;164
422;165
422;166
422;167
422;168
422;169
422;170
422;171
422;172
422;173
422;174
422;175
422;176
422;227
422;228
422;229
422;230
422;231
422;232
422;233
422;234
422;235
422;236
422;237
422;238
422;239
422;240
422;241
422;242
422;243
422;244
422;245
422;246
422;247
422;248
422;249
422;250
422;251
422;252
422;253
422;254
422;255
422;256
422;257
422;258
422;259
422;260
422;261
422;262
422;263
422;264
422;265
422;266
422;267
422;268
422;269
422;270
422;271
422;272
422;273
422;274
422;275
422;276
422;277
422;278
422;279
422;280
422;281
422;282
422;283
422;284
422;285
422;286
422;287
422;288
422;289
422;290
422;291
422;292
422;293
422;294
422;295
422;296
422;297
422;298
422;299
422;300
422;301
422;302
422;303
422;304
422;305
422;306
422;307
422;308
422;309
422;310
422;311
422;312
422;313
422;314
422;315
422;316
422;317
422;318
422;319
422;320
422;321
422;322
422;323
423;14
423;15
423;16
423;17
423;18
423;19
423;20
423;21
423;22
423;23
423;24
423;25
423;26
423;27
423;28
423;29
423;30
423;31
423;32
423;33
423;34
423;35
423;36
423;37
423;38
423;39
423;40
423;41
423;42
423;43
423;44
423;45
423;46
423;47
423;48
423;49
423;50
423;51
423;52
423;53
423;54
423;55
423;56
423;57
423;58
423;59
423;60
423;61
423;62
423;63
423;64
423;65
423;66
423;67
423;68
423;69
423;70
423;71
423;72
423;73
423;74
423;75
423;76
423;77
423;78
423;79
423;80
423;81
423;82
423;83
423;84
423;85
423;86
423;87
423;88
423;89
423;90
423;91
423;92
423;93
423;94
423;95
423;96
423;97
423;98
423;99
423;100
423;101
423;102
423;103
423;104
423;105
423;106
423;107
423;108
423;109
423;110
423;111
423;112
423;113
423;114
423;115
423;116
423;117
423;118
423;119
423;120
423;121
423;122
423;123
423;124
423;125
423;126
423;127
423;128
423;129
423;130
423;131
423;132
423;133
423;134
423;135
423;136
423;137
423;138
423;139
423;140
423;141
423;142
423;143
423;144
423;145
423;146
423;147
423;148
423;149
423;150
423;151
423;152
423;153
423;154
423;155
423;156
423;157
423;158
423;159
423;160
423;161
423;162
423;163
423;164
423;165
423;166
423;167
423;168
423;169
423;170
423;171
423;172
423;173
423;174
423;175
423;176
423;227
423;228
423;229
423;230
423;231
423;232
423;233
423;234
423;235
423;236
423;237
423;238
423;239
423;240
423;241
423;242
423;243
423;244
423;245
423;246
423;247
423;248
423;249
423;250
423;251
423;252
423;253
423;254
423;255
423;256
423;257
423;258
423;259
423;260
423;261
423;262
423;263
423;264
423;265
423;266
423;267
423;268
423;269
423;270
423;271
423;272
423;273
423;274
423;275
423;276
423;277
423;278
423;279
423;280
423;281
423;282
423;283
423;284
423;285
423;286
423;287
423;288
423;289
423;290
423;291
423;292
423;293
423;294
423;295
423;296
423;297
423;298
423;299
423;300
423;301
423;302
423;303
423;304
423;305
423;306
423;307
423;308
423;309
423;310
423;311
423;312
423;313
423;314
423;315
423;316
423;317
423;318
423;319
423;320
423;321
423;322
424;14
424;15
424;16
424;17
424;18
424;19
424;20
424;21
424;22
424;23
424;24
424;25
424;26
424;27
424;28
424;29
424;30
424;31
424;32
424;33
424;34
424;35
424;36
424;37
424;38
424;39
424;40
424;41
424;42
424;43
424;44
424;45
424;46
424;47
424;48
424;49
424;50
424;51
424;52
424;53
424;54
424;55
424;56
424;57
424;58
424;59
424;60
424;61
424;62
424;63
424;64
424;65
424;66
424;67
424;68
424;69
424;70
424;71
424;72
424;73
424;74
424;75
424;76
424;77
424;78
424;79
424;80
424;81
424;82
424;83
424;84
424;85
424;86
424;87
424;88
424;89
424;90
424;91
424;92
424;93
424;94
424;95
424;96
424;97
424;98
424;99
424;100
424;101
424;102
424;103
424;104
424;105
424;106
424;107
424;108
424;109
424;110
424;111
424;112
424;113
424;114
424;115
424;116
424;117
424;118
424;119
424;120
424;121
424;122
424;123
424;124
424;125
424;126
424;127
424;128
424;129
424;130
424;131
424;132
424;133
424;134
424;135
424;136
424;137
424;138
424;139
424;140
424;141
424;142
424;143
424;144
424;145
424;146
424;147
424;148
424;149
424;150
424;151
424;152
424;153
424;154
424;155
424;156
424;157
424;158
424;159
424;160
424;161
424;162
424;163
424;164
424;165
424;166
424;167
424;168
424;169
424;170
424;171
424;172
424;173
424;174
424;175
424;227
424;228
424;229
424;230
424;231
424;232
424;233
424;234
424;235
424;236
424;237
424;238
424;239
424;240
424;241
424;242
424;243
424;244
424;245
424;246
424;247
424;248
424;249
424;250
424;251
424;252
424;253
424;254
424;255
424;256
424;257
424;258
424;259
424;260
424;261
424;262
424;263
424;264
424;265
424;266
424;267
424;268
424;269
424;270
424;271
424;272
424;273
424;274
424;275
424;276
424;277
424;278
424;279
424;280
424;281
424;282
424;283
424;284
424;285
424;286
424;287
424;288
424;289
424;290
424;291
424;292
424;293
424;294
424;295
424;296
424;297
424;298
424;299
424;300
424;301
424;302
424;303
424;304
424;305
424;306
424;307
424;308
424;309
424;310
424;311
424;312
424;313
424;314
424;315
424;316
424;317
424;318
424;319
424;320
424;321
424;322
425;14
425;15
425;16
425;17
425;18
425;19
425;20
425;21
425;22
425;23
425;24
425;25
425;26
425;27
425;28
425;29
425;30
425;31
425;32
425;33
425;34
425;35
425;36
425;37
425;38
425;39
425;40
425;41
425;42
425;43
425;44
425;45
425;46
425;47
425;48
425;49
425;50
425;51
425;52
425;53
425;54
425;55
425;56
425;57
425;58
425;59
425;60
425;61
425;62
425;63
425;64
425;65
425;66
425;67
425;68
425;69
425;70
425;71
425;72
425;73
425;74
425;75
425;76
425;77
425;78
425;79
425;80
425;81
425;82
425;83
425;84
425;85
425;86
425;87
425;88
425;89
425;90
425;91
425;92
425;93
425;94
425;95
425;96
425;97
425;98
425;99
425;100
425;101
425;102
425;103
425;104
425;105
425;106
425;107
425;108
425;109
425;110
425;111
425;112
425;113
425;114
425;115
425;116
425;117
425;118
425;119
425;120
425;121
425;122
425;123
425;124
425;125
425;126
425;127
425;128
425;129
425;130
425;131
425;132
425;133
425;134
425;135
425;136
425;137
425;138
425;139
425;140
425;141
425;142
425;143
425;144
425;145
425;146
425;147
425;148
425;149
425;150
425;151
425;152
425;153
425;154
425;155
425;156
425;157
425;158
425;159
425;160
425;161
425;162
425;163
425;164
425;165
425;166
425;167
425;168
425;169
425;170
425;171
425;172
425;173
425;174
425;227
425;228
425;229
425;230
425;231
425;232
425;233
425;234
425;235
425;236
425;237
425;238
425;239
425;240
425;241
425;242
425;243
425;244
425;245
425;246
425;247
425;248
425;249
425;250
425;251
425;252
425;253
425;254
425;255
425;256
425;257
425;258
425;259
425;260
425;261
425;262
425;263
425;264
425;265
425;266
425;267
425;268
425;269
425;270
425;271
425;272
425;273
425;274
425;275
425;276
425;277
425;278
425;279
425;280
425;281
425;282
425;283
425;284
425;285
425;286
425;287
425;288
425;289
425;290
425;291
425;292
425;293
425;294
425;295
425;296
425;297
425;298
425;299
425;300
425;301
425;302
425;303
425;304
425;305
425;306
425;307
425;308
425;309
425;310
425;311
425;312
425;313
425;314
425;315
425;316
425;317
425;318
425;319
425;320
425;321
426;14
426;15
426;16
426;17
426;18
426;19
426;20
426;21
426;22
426;23
426;24
426;25
426;26
426;27
426;28
426;29
426;30
426;31
426;32
426;33
426;34
426;35
426;36
426;37
426;38
426;39
426;40
426;41
426;42
426;43
426;44
426;45
426;46
426;47
426;48
426;49
426;50
426;51
426;52
426;53
426;54
426;55
426;56
426;57
426;58
426;59
426;60
426;61
426;62
426;63
426;64
426;65
426;66
426;67
426;68
426;69
426;70
426;71
426;72
426;73
426;74
426;75
426;76
426;77
426;78
426;79
426;80
426;81
426;82
426;83
426;84
426;85
426;86
426;87
426;88
426;89
426;90
426;91
426;92
426;93
426;94
426;95
426;96
426;97
426;98
426;99
426;100
426;101
426;102
426;103
426;104
426;105
426;106
426;107
426;108
426;109
426;110
426;111
426;112
426;113
426;114
426;115
426;116
426;117
426;118
426;119
426;120
426;121
426;122
426;123
426;124
426;125
426;126
426;127
426;128
426;129
426;130
426;131
426;132
426;133
426;134
426;135
426;136
426;137
426;138
426;139
426;140
426;141
426;142
426;143
426;144
426;145
426;146
426;147
426;148
426;149
426;150
426;151
426;152
426;153
426;154
426;155
426;156
426;157
426;158
426;159
426;160
426;161
426;162
426;163
426;164
426;165
426;166
426;167
426;168
426;169
426;170
426;171
426;172
426;173
426;226
426;227
426;228
426;229
426;230
426;231
426;232
426;233
426;234
426;235
426;236
426;237
426;238
426;239
426;240
426;241
426;242
426;243
426;244
426;245
426;246
426;247
426;248
426;249
426;250
426;251
426;252
426;253
426;254
426;255
426;256
426;257
426;258
426;259
426;260
426;261
426;262
426;263
426;264
426;265
426;266
426;267
426;268
426;269
426;270
426;271
426;272
426;273
426;274
426;275
426;276
426;277
426;278
426;279
426;280
426;281
426;282
426;283
426;284
426;285
426;286
426;287
426;288
426;289
426;290
426;291
426;292
426;293
426;294
426;295
426;296
426;297
426;298
426;299
426;300
426;301
426;302
426;303
426;304
426;305
426;306
426;307
426;308
426;309
426;310
426;311
426;312
426;313
426;314
426;315
426;316
426;317
426;318
426;319
426;320
426;321
427;14
427;15
427;16
427;17
427;18
427;19
427;20
427;21
427;22
427;23
427;24
427;25
427;26
427;27
427;28
427;29
427;30
427;31
427;32
427;33
427;34
427;35
427;36
427;37
427;38
427;39
427;40
427;41
427;42
427;43
427;44
427;45
427;46
427;47
427;48
427;49
427;50
427;51
427;52
427;53
427;54
427;55
427;56
427;57
427;58
427;59
427;60
427;61
427;62
427;63
427;64
427;65
427;66
427;67
427;68
427;69
427;70
427;71
427;72
427;73
427;74
427;75
427;76
427;77
427;78
427;79
427;80
427;81
427;82
427;83
427;84
427;85
427;86
427;87
427;88
427;89
427;90
427;91
427;92
427;93
427;94
427;95
427;96
427;97
427;98
427;99
427;100
427;101
427;102
427;103
427;104
427;105
427;106
427;107
427;108
427;109
427;110
427;111
427;112
427;113
427;114
427;115
427;116
427;117
427;118
427;119
427;120
427;121
427;122
427;123
427;124
427;125
427;126
427;127
427;128
427;129
427;130
427;131
427;132
427;133
427;134
427;135
427;136
427;137
427;138
427;139
427;140
427;141
427;142
427;143
427;144
427;145
427;146
427;147
427;148
427;149
427;150
427;151
427;152
427;153
427;154
427;155
427;156
427;157
427;158
427;159
427;160
427;161
427;162
427;163
427;164
427;165
427;166
427;167
427;168
427;169
427;170
427;171
427;172
427;226
427;227
427;228
427;229
427;230
427;231
427;232
427;233
427;234
427;235
427;236
427;237
427;238
427;239
427;240
427;241
427;242
427;243
427;244
427;245
427;246
427;247
427;248
427;249
427;250
427;251
427;252
427;253
427;254
427;255
427;256
427;257
427;258
427;259
427;260
427;261
427;262
427;263
427;264
427;265
427;266
427;267
427;268
427;269
427;270
427;271
427;272
427;273
427;274
427;275
427;276
427;277
427;278
427;279
427;280
427;281
427;282
427;283
427;284
427;285
427;286
427;287
427;288
427;289
427;290
427;291
427;292
427;293
427;294
427;295
427;296
427;297
427;298
427;299
427;300
427;301
427;302
427;303
427;304
427;305
427;306
427;307
427;308
427;309
427;310
427;311
427;312
427;313
427;314
427;315
427;316
427;317
427;318
427;319
427;320
428;14
428;15
428;16
428;17
428;18
428;19
428;20
428;21
428;22
428;23
428;24
428;25
428;26
428;27
428;28
428;29
428;30
428;31
428;32
428;33
428;34
428;35
428;36
428;37
428;38
428;39
428;40
428;41
428;42
428;43
428;44
428;45
428;46
428;47
428;48
428;49
428;50
428;51
428;52
428;53
428;54
428;55
428;56
428;57
428;58
428;59
428;60
428;61
428;62
428;63
428;64
428;65
428;66
428;67
428;68
428;69
428;70
428;71
428;72
428;73
428;74
428;75
428;76
428;77
428;78
428;79
428;80
428;81
428;82
428;83
428;84
428;85
428;86
428;87
428;88
428;89
428;90
428;91
428;92
428;93
428;94
428;95
428;96
428;97
428;98
428;99
428;100
428;101
428;102
428;103
428;104
428;105
428;106
428;107
428;108
428;109
428;110
428;111
428;112
428;113
428;114
428;115
428;116
428;117
428;118
428;119
428;120
428;121
428;122
428;123
428;124
428;125
428;126
428;127
428;128
428;129
428;130
428;131
428;132
428;133
428;134
428;135
428;136
428;137
428;138
428;139
428;140
428;141
428;142
428;143
428;144
428;145
428;146
428;147
428;148
428;149
428;150
428;151
428;152
428;153
428;154
428;155
428;156
428;157
428;158
428;159
428;160
428;161
428;162
428;163
428;164
428;165
428;166
428;167
428;168
428;169
428;170
428;171
428;172
428;226
428;227
428;228
428;229
428;230
428;231
428;232
428;233
428;234
428;235
428;236
428;237
428;238
428;239
428;240
428;241
428;242
428;243
428;244
428;245
428;246
428;247
428;248
428;249
428;250
428;251
428;252
428;253
428;254
428;255
428;256
428;257
428;258
428;259
428;260
428;261
428;262
428;263
428;264
428;265
428;266
428;267
428;268
428;269
428;270
428;271
428;272
428;273
428;274
428;275
428;276
428;277
428;278
428;279
428;280
428;281
428;282
428;283
428;284
428;285
428;286
428;287
428;288
428;289
428;290
428;291
428;292
428;293
428;294
428;295
428;296
428;297
428;298
428;299
428;300
428;301
428;302
428;303
428;304
428;305
428;306
428;307
428;308
428;309
428;310
428;311
428;312
428;313
428;314
428;315
428;316
428;317
428;318
428;319
428;320
429;14
429;15
429;16
429;17
429;18
429;19
429;20
429;21
429;22
429;23
429;24
429;25
429;26
429;27
429;28
429;29
429;30
429;31
429;32
429;33
429;34
429;35
429;36
429;37
429;38
429;39
429;40
429;41
429;42
429;43
429;44
429;45
429;46
429;47
429;48
429;49
429;50
429;51
429;52
429;53
429;54
429;55
429;56
429;57
429;58
429;59
429;60
429;61
429;62
429;63
429;64
429;65
429;66
429;67
429;68
429;69
429;70
429;71
429;72
429;73
429;74
429;75
429;76
429;77
429;78
429;79
429;80
429;81
429;82
429;83
429;84
429;85
429;86
429;87
429;88
429;89
429;90
429;91
429;92
429;93
429;94
429;95
429;96
429;97
429;98
429;99
429;100
429;101
429;102
429;103
429;104
429;105
429;106
429;107
429;108
429;109
429;110
429;111
429;112
429;113
429;114
429;115
429;116
429;117
429;118
429;119
429;120
429;121
429;122
429;123
429;124
429;125
429;126
429;127
429;128
429;129
429;130
429;131
429;132
429;133
429;134
429;135
429;136
429;137
429;138
429;139
429;140
429;141
429;142
429;143
429;144
429;145
429;146
429;147
429;148
429;149
429;150
429;151
429;152
429;153
429;154
429;155
429;156
429;157
429;158
429;159
429;160
429;161
429;162
429;163
429;164
429;165
429;166
429;167
429;168
429;169
429;170
429;225
429;226
429;227
429;228
429;229
429;230
429;231
429;232
429;233
429;234
429;235
429;236
429;237
429;238
429;239
429;240
429;241
429;242
429;243
429;244
429;245
429;246
429;247
429;248
429;249
429;250
429;251
429;252
429;253
429;254
429;255
429;256
429;257
429;258
429;259
429;260
429;261
429;262
429;263
429;264
429;265
429;266
429;267
429;268
429;269
429;270
429;271
429;272
429;273
429;274
429;275
429;276
429;277
429;278
429;279
429;280
429;281
429;282
429;283
429;284
429;285
429;286
429;287
429;288
429;289
429;290
429;291
429;292
429;293
429;294
429;295
429;296
429;297
429;298
429;299
429;300
429;301
429;302
429;303
429;304
429;305
429;306
429;307
429;308
429;309
429;310
429;311
429;312
429;313
429;314
429;315
429;316
429;317
429;318
429;319
429;320
430;13
430;14
430;15
430;16
430;17
430;18
430;19
430;20
430;21
430;22
430;23
430;24
430;25
430;26
430;27
430;28
430;29
430;30
430;31
430;32
430;33
430;34
430;35
430;36
430;37
430;38
430;39
430;40
430;41
430;42
430;43
430;44
430;45
430;46
430;47
430;48
430;49
430;50
430;51
430;52
430;53
430;54
430;55
430;56
430;57
430;58
430;59
430;60
430;61
430;62
430;63
430;64
430;65
430;66
430;67
430;68
430;69
430;70
430;71
430;72
430;73
430;74
430;75
430;76
430;77
430;78
430;79
430;80
430;81
430;82
430;83
430;84
430;85
430;86
430;87
430;88
430;89
430;90
430;91
430;92
430;93
430;94
430;95
430;96
430;97
430;98
430;99
430;100
430;101
430;102
430;103
430;104
430;105
430;106
430;107
430;108
430;109
430;110
430;111
430;112
430;113
430;114
430;115
430;116
430;117
430;118
430;119
430;120
430;121
430;122
430;123
430;124
430;125
430;126
430;127
430;128
430;129
430;130
430;131
430;132
430;133
430;134
430;135
430;136
430;137
430;138
430;139
430;140
430;141
430;142
430;143
430;144
430;145
430;146
430;147
430;148
430;149
430;150
430;151
430;152
430;153
430;154
430;155
430;156
430;157
430;158
430;159
430;160
430;161
430;162
430;163
430;164
430;165
430;166
430;167
430;168
430;169
430;170
430;223
430;224
430;225
430;226
430;227
430;228
430;229
430;230
430;231
430;232
430;233
430;234
430;235
430;236
430;237
430;238
430;239
430;240
430;241
430;242
430;243
430;244
430;245
430;246
430;247
430;248
430;249
430;250
430;251
430;252
430;253
430;254
430;255
430;256
430;257
430;258
430;259
430;260
430;261
430;262
430;263
430;264
430;265
430;266
430;267
430;268
430;269
430;270
430;271
430;272
430;273
430;274
430;275
430;276
430;277
430;278
430;279
430;280
430;281
430;282
430;283
430;284
430;285
430;286
430;287
430;288
430;289
430;290
430;291
430;292
430;293
430;294
430;295
430;296
430;297
430;298
430;299
430;300
430;301
430;302
430;303
430;304
430;305
430;306
430;307
430;308
430;309
430;310
430;311
430;312
430;313
430;314
430;315
430;316
430;317
430;318
430;319
431;13
431;14
431;15
431;16
431;17
431;18
431;19
431;20
431;21
431;22
431;23
431;24
431;25
431;26
431;27
431;28
431;29
431;30
431;31
431;32
431;33
431;34
431;35
431;36
431;37
431;38
431;39
431;40
431;41
431;42
431;43
431;44
431;45
431;46
431;47
431;48
431;49
431;50
431;51
431;52
431;53
431;54
431;55
431;56
431;57
431;58
431;59
431;60
431;61
431;62
431;63
431;64
431;65
431;66
431;67
431;68
431;69
431;70
431;71
431;72
431;73
431;74
431;75
431;76
431;77
431;78
431;79
431;80
431;81
431;82
431;83
431;84
431;85
431;86
431;87
431;88
431;89
431;90
431;91
431;92
431;93
431;94
431;95
431;96
431;97
431;98
431;99
431;100
431;101
431;102
431;103
431;104
431;105
431;106
431;107
431;108
431;109
431;110
431;111
431;112
431;113
431;114
431;115
431;116
431;117
431;118
431;119
431;120
431;121
431;122
431;123
431;124
431;125
431;126
431;127
431;128
431;129
431;130
431;131
431;132
431;133
431;134
431;135
431;136
431;137
431;138
431;139
431;140
431;141
431;142
431;143
431;144
431;145
431;146
431;147
431;148
431;149
431;150
431;151
431;152
431;153
431;154
431;155
431;156
431;157
431;158
431;159
431;160
431;161
431;162
431;163
431;164
431;165
431;166
431;167
431;168
431;223
431;224
431;225
431;226
431;227
431;228
431;229
431;230
431;231
431;232
431;233
431;234
431;235
431;236
431;237
431;238
431;239
431;240
431;241
431;242
431;243
431;244
431;245
431;246
431;247
431;248
431;249
431;250
431;251
431;252
431;253
431;254
431;255
431;256
431;257
431;258
431;259
431;260
431;261
431;262
431;263
431;264
431;265
431;266
431;267
431;268
431;269
431;270
431;271
431;272
431;273
431;274
431;275
431;276
431;277
431;278
431;279
431;280
431;281
431;282
431;283
431;284
431;285
431;286
431;287
431;288
431;289
431;290
431;291
431;292
431;293
431;294
431;295
431;296
431;297
431;298
431;299
431;300
431;301
431;302
431;303
431;304
431;305
431;306
431;307
431;308
431;309
431;310
431;311
431;312
431;313
431;314
431;315
431;316
431;317
431;318
432;13
432;14
432;15
432;16
432;17
432;18
432;19
432;20
432;21
432;22
432;23
432;24
432;25
432;26
432;27
432;28
432;29
432;30
432;31
432;32
432;33
432;34
432;35
432;36
432;37
432;38
432;39
432;40
432;41
432;42
432;43
432;44
432;45
432;46
432;47
432;48
432;49
432;50
432;51
432;52
432;53
432;54
432;55
432;56
432;57
432;58
432;59
432;60
432;61
432;62
432;63
432;64
432;65
432;66
432;67
432;68
432;69
432;70
432;71
432;72
432;73
432;74
432;75
432;76
432;77
432;78
432;79
432;80
432;81
432;82
432;83
432;84
432;85
432;86
432;87
432;88
432;89
432;90
432;91
432;92
432;93
432;94
432;95
432;96
432;97
432;98
432;99
432;100
432;101
432;102
432;103
432;104
432;105
432;106
432;107
432;108
432;109
432;110
432;111
432;112
432;113
432;114
432;115
432;116
432;117
432;118
432;119
432;120
432;121
432;122
432;123
432;124
432;125
432;126
432;127
432;128
432;129
432;130
432;131
432;132
432;133
432;134
432;135
432;136
432;137
432;138
432;139
432;140
432;141
432;142
432;143
432;144
432;145
432;146
432;147
432;148
432;149
432;150
432;151
432;152
432;153
432;154
432;155
432;156
432;157
432;158
432;159
432;160
432;161
432;162
432;163
432;164
432;165
432;166
432;167
432;168
432;221
432;222
432;223
432;224
432;225
432;226
432;227
432;228
432;229
432;230
432;231
432;232
432;233
432;234
432;235
432;236
432;237
432;238
432;239
432;240
432;241
432;242
432;243
432;244
432;245
432;246
432;247
432;248
432;249
432;250
432;251
432;252
432;253
432;254
432;255
432;256
432;257
432;258
432;259
432;260
432;261
432;262
432;263
432;264
432;265
432;266
432;267
432;268
432;269
432;270
432;271
432;272
432;273
432;274
432;275
432;276
432;277
432;278
432;279
432;280
432;281
432;282
432;283
432;284
432;285
432;286
432;287
432;288
432;289
432;290
432;291
432;292
432;293
432;294
432;295
432;296
432;297
432;298
432;299
432;300
432;301
432;302
432;303
432;304
432;305
432;306
432;307
432;308
432;309
432;310
432;311
432;312
432;313
432;314
432;315
432;316
432;317
432;318
433;13
433;14
433;15
433;16
433;17
433;18
433;19
433;20
433;21
433;22
433;23
433;24
433;25
433;26
433;27
433;28
433;29
433;30
433;31
433;32
433;33
433;34
433;35
433;36
433;37
433;38
433;39
433;40
433;41
433;42
433;43
433;44
433;45
433;46
433;47
433;48
433;49
433;50
433;51
433;52
433;53
433;54
433;55
433;56
433;57
433;58
433;59
433;60
433;61
433;62
433;63
433;64
433;65
433;66
433;67
433;68
433;69
433;70
433;71
433;72
433;73
433;74
433;75
433;76
433;77
433;78
433;79
433;80
433;81
433;82
433;83
433;84
433;85
433;86
433;87
433;88
433;89
433;90
433;91
433;92
433;93
433;94
433;95
433;96
433;97
433;98
433;99
433;100
433;101
433;102
433;103
433;104
433;105
433;106
433;107
433;108
433;109
433;110
433;111
433;112
433;113
433;114
433;115
433;116
433;117
433;118
433;119
433;120
433;121
433;122
433;123
433;124
433;125
433;126
433;127
433;128
433;129
433;130
433;131
433;132
433;133
433;134
433;135
433;136
433;137
433;138
433;139
433;140
433;141
433;142
433;143
433;144
433;145
433;146
433;147
433;148
433;149
433;150
433;151
433;152
433;153
433;154
433;155
433;156
433;157
433;158
433;159
433;160
433;161
433;162
433;163
433;164
433;165
433;166
433;220
433;221
433;222
433;223
433;224
433;225
433;226
433;227
433;228
433;229
433;230
433;231
433;232
433;233
433;234
433;235
433;236
433;237
433;238
433;239
433;240
433;241
433;242
433;243
433;244
433;245
433;246
433;247
433;248
433;249
433;250
433;251
433;252
433;253
433;254
433;255
433;256
433;257
433;258
433;259
433;260
433;261
433;262
433;263
433;264
433;265
433;266
433;267
433;268
433;269
433;270
433;271
433;272
433;273
433;274
433;275
433;276
433;277
433;278
433;279
433;280
433;281
433;282
433;283
433;284
433;285
433;286
433;287
433;288
433;289
433;290
433;291
433;292
433;293
433;294
433;295
433;296
433;297
433;298
433;299
433;300
433;301
433;302
433;303
433;304
433;305
433;306
433;307
433;308
433;309
433;310
433;311
433;312
433;313
433;314
433;315
433;316
433;317
433;318
434;13
434;14
434;15
434;16
434;17
434;18
434;19
434;20
434;21
434;22
434;23
434;24
434;25
434;26
434;27
434;28
434;29
434;30
434;31
434;32
434;33
434;34
434;35
434;36
434;37
434;38
434;39
434;40
434;41
434;42
434;43
434;44
434;45
434;46
434;47
434;48
434;49
434;50
434;51
434;52
434;53
434;54
434;55
434;56
434;57
434;58
434;59
434;60
434;61
434;62
434;63
434;64
434;65
434;66
434;67
434;68
434;69
434;70
434;71
434;72
434;73
434;74
434;75
434;76
434;77
434;78
434;79
434;80
434;81
434;82
434;83
434;84
434;85
434;86
434;87
434;88
434;89
434;90
434;91
434;92
434;93
434;94
434;95
434;96
434;97
434;98
434;99
434;100
434;101
434;102
434;103
434;104
434;105
434;106
434;107
434;108
434;109
434;110
434;111
434;112
434;113
434;114
434;115
434;116
434;117
434;118
434;119
434;120
434;121
434;122
434;123
434;124
434;125
434;126
434;127
434;128
434;129
434;130
434;131
434;132
434;133
434;134
434;135
434;136
434;137
434;138
434;139
434;140
434;141
434;142
434;143
434;144
434;145
434;146
434;147
434;148
434;149
434;150
434;151
434;152
434;153
434;154
434;155
434;156
434;157
434;158
434;159
434;160
434;161
434;162
434;163
434;164
434;219
434;220
434;221
434;222
434;223
434;224
434;225
434;226
434;227
434;228
434;229
434;230
434;231
434;232
434;233
434;234
434;235
434;236
434;237
434;238
434;239
434;240
434;241
434;242
434;243
434;244
434;245
434;246
434;247
434;248
434;249
434;250
434;251
434;252
434;253
434;254
434;255
434;256
434;257
434;258
434;259
434;260
434;261
434;262
434;263
434;264
434;265
434;266
434;267
434;268
434;269
434;270
434;271
434;272
434;273
434;274
434;275
434;276
434;277
434;278
434;279
434;280
434;281
434;282
434;283
434;284
434;285
434;286
434;287
434;288
434;289
434;290
434;291
434;292
434;293
434;294
434;295
434;296
434;297
434;298
434;299
434;300
434;301
434;302
434;303
434;304
434;305
434;306
434;307
434;308
434;309
434;310
434;311
434;312
434;313
434;314
434;315
434;316
434;317
435;13
435;14
435;15
435;16
435;17
435;18
435;19
435;20
435;21
435;22
435;23
435;24
435;25
435;26
435;27
435;28
435;29
435;30
435;31
435;32
435;33
435;34
435;35
435;36
435;37
435;38
435;39
435;40
435;41
435;42
435;43
435;44
435;45
435;46
435;47
435;48
435;49
435;50
435;51
435;52
435;53
435;54
435;55
435;56
435;57
435;58
435;59
435;60
435;61
435;62
435;63
435;64
435;65
435;66
435;67
435;68
435;69
435;70
435;71
435;72
435;73
435;74
435;75
435;76
435;77
435;78
435;79
435;80
435;81
435;82
435;83
435;84
435;85
435;86
435;87
435;88
435;89
435;90
435;91
435;92
435;93
435;94
435;95
435;96
435;97
435;98
435;99
435;100
435;101
435;102
435;103
435;104
435;105
435;106
435;107
435;108
435;109
435;110
435;111
435;112
435;113
435;114
435;115
435;116
435;117
435;118
435;119
435;120
435;121
435;122
435;123
435;124
435;125
435;126
435;127
435;128
435;129
435;130
435;131
435;132
435;133
435;134
435;135
435;136
435;137
435;138
435;139
435;140
435;141
435;142
435;143
435;144
435;145
435;146
435;147
435;148
435;149
435;150
435;151
435;152
435;153
435;154
435;155
435;156
435;157
435;158
435;159
435;160
435;161
435;162
435;163
435;164
435;217
435;218
435;219
435;220
435;221
435;222
435;223
435;224
435;225
435;226
435;227
435;228
435;229
435;230
435;231
435;232
435;233
435;234
435;235
435;236
435;237
435;238
435;239
435;240
435;241
435;242
435;243
435;244
435;245
435;246
435;247
435;248
435;249
435;250
435;251
435;252
435;253
435;254
435;255
435;256
435;257
435;258
435;259
435;260
435;261
435;262
435;263
435;264
435;265
435;266
435;267
435;268
435;269
435;270
435;271
435;272
435;273
435;274
435;275
435;276
435;277
435;278
435;279
435;280
435;281
435;282
435;283
435;284
435;285
435;286
435;287
435;288
435;289
435;290
435;291
435;292
435;293
435;294
435;295
435;296
435;297
435;298
435;299
435;300
435;301
435;302
435;303
435;304
435;305
435;306
435;307
435;308
435;309
435;310
435;311
435;312
435;313
435;314
435;315
435;316
435;317
436;13
436;14
436;15
436;16
436;17
436;18
436;19
436;20
436;21
436;22
436;23
436;24
436;25
436;26
436;27
436;28
436;29
436;30
436;31
436;32
436;33
436;34
436;35
436;36
436;37
436;38
436;39
436;40
436;41
436;42
436;43
436;44
436;45
436;46
436;47
436;48
436;49
436;50
436;51
436;52
436;53
436;54
436;55
436;56
436;57
436;58
436;59
436;60
436;61
436;62
436;63
436;64
436;65
436;66
436;67
436;68
436;69
436;70
436;71
436;72
436;73
436;74
436;75
436;76
436;77
436;78
436;79
436;80
436;81
436;82
436;83
436;84
436;85
436;86
436;87
436;88
436;89
436;90
436;91
436;92
436;93
436;94
436;95
436;96
436;97
436;98
436;99
436;100
436;101
436;102
436;103
436;104
436;105
436;106
436;107
436;108
436;109
436;110
436;111
436;112
436;113
436;114
436;115
436;116
436;117
436;118
436;119
436;120
436;121
436;122
436;123
436;124
436;125
436;126
436;127
436;128
436;129
436;130
436;131
436;132
436;133
436;134
436;135
436;136
436;137
436;138
436;139
436;140
436;141
436;142
436;143
436;144
436;145
436;146
436;147
436;148
436;149
436;150
436;151
436;152
436;153
436;154
436;155
436;156
436;157
436;158
436;159
436;160
436;161
436;162
436;217
436;218
436;219
436;220
436;221
436;222
436;223
436;224
436;225
436;226
436;227
436;228
436;229
436;230
436;231
436;232
436;233
436;234
436;235
436;236
436;237
436;238
436;239
436;240
436;241
436;242
436;243
436;244
436;245
436;246
436;247
436;248
436;249
436;250
436;251
436;252
436;253
436;254
436;255
436;256
436;257
436;258
436;259
436;260
436;261
436;262
436;263
436;264
436;265
436;266
436;267
436;268
436;269
436;270
436;271
436;272
436;273
436;274
436;275
436;276
436;277
436;278
436;279
436;280
436;281
436;282
436;283
436;284
436;285
436;286
436;287
436;288
436;289
436;290
436;291
436;292
436;293
436;294
436;295
436;296
436;297
436;298
436;299
436;300
436;301
436;302
436;303
436;304
436;305
436;306
436;307
436;308
436;309
436;310
436;311
436;312
436;313
436;314
436;315
436;316
437;13
437;14
437;15
437;16
437;17
437;18
437;19
437;20
437;21
437;22
437;23
437;24
437;25
437;26
437;27
437;28
437;29
437;30
437;31
437;32
437;33
437;34
437;35
437;36
437;37
437;38
437;39
437;40
437;41
437;42
437;43
437;44
437;45
437;46
437;47
437;48
437;49
437;50
437;51
437;52
437;53
437;54
437;55
437;56
437;57
437;58
437;59
437;60
437;61
437;62
437;63
437;64
437;65
437;66
437;67
437;68
437;69
437;70
437;71
437;72
437;73
437;74
437;75
437;76
437;77
437;78
437;79
437;80
437;81
437;82
437;83
437;84
437;85
437;86
437;87
437;88
437;89
437;90
437;91
437;92
437;93
437;94
437;95
437;96
437;97
437;98
437;99
437;100
437;101
437;102
437;103
437;104
437;105
437;106
437;107
437;108
437;109
437;110
437;111
437;112
437;113
437;114
437;115
437;116
437;117
437;118
437;119
437;120
437;121
437;122
437;123
437;124
437;125
437;126
437;127
437;128
437;129
437;130
437;131
437;132
437;133
437;134
437;135
437;136
437;137
437;138
437;139
437;140
437;141
437;142
437;143
437;144
437;145
437;146
437;147
437;148
437;149
437;150
437;151
437;152
437;153
437;154
437;155
437;156
437;157
437;158
437;159
437;160
437;215
437;216
437;217
437;218
437;219
437;220
437;221
437;222
437;223
437;224
437;225
437;226
437;227
437;228
437;229
437;230
437;231
437;232
437;233
437;234
437;235
437;236
437;237
437;238
437;239
437;240
437;241
437;242
437;243
437;244
437;245
437;246
437;247
437;248
437;249
437;250
437;251
437;252
437;253
437;254
437;255
437;256
437;257
437;258
437;259
437;260
437;261
437;262
437;263
437;264
437;265
437;266
437;267
437;268
437;269
437;270
437;271
437;272
437;273
437;274
437;275
437;276
437;277
437;278
437;279
437;280
437;281
437;282
437;283
437;284
437;285
437;286
437;287
437;288
437;289
437;290
437;291
437;292
437;293
437;294
437;295
437;296
437;297
437;298
437;299
437;300
437;301
437;302
437;303
437;304
437;305
437;306
437;307
437;308
437;309
437;310
437;311
437;312
437;313
437;314
437;315
437;316
438;13
438;14
438;15
438;16
438;17
438;18
438;19
438;20
438;21
438;22
438;23
438;24
438;25
438;26
438;27
438;28
438;29
438;30
438;31
438;32
438;33
438;34
438;35
438;36
438;37
438;38
438;39
438;40
438;41
438;42
438;43
438;44
438;45
438;46
438;47
438;48
438;49
438;50
438;51
438;52
438;53
438;54
438;55
438;56
438;57
438;58
438;59
438;60
438;61
438;62
438;63
438;64
438;65
438;66
438;67
438;68
438;69
438;70
438;71
438;72
438;73
438;74
438;75
438;76
438;77
438;78
438;79
438;80
438;81
438;82
438;83
438;84
438;85
438;86
438;87
438;88
438;89
438;90
438;91
438;92
438;93
438;94
438;95
438;96
438;97
438;98
438;99
438;100
438;101
438;102
438;103
438;104
438;105
438;106
438;107
438;108
438;109
438;110
438;111
438;112
438;113
438;114
438;115
438;116
438;117
438;118
438;119
438;120
438;121
438;122
438;123
438;124
438;125
438;126
438;127
438;128
438;129
438;130
438;131
438;132
438;133
438;134
438;135
438;136
438;137
438;138
438;139
438;140
438;141
438;142
438;143
438;144
438;145
438;146
438;147
438;148
438;149
438;150
438;151
438;152
438;153
438;154
438;155
438;156
438;157
438;158
438;216
438;217
438;218
438;219
438;220
438;221
438;222
438;223
438;224
438;225
438;226
438;227
438;228
438;229
438;230
438;231
438;232
438;233
438;234
438;235
438;236
438;237
438;238
438;239
438;240
438;241
438;242
438;243
438;244
438;245
438;246
438;247
438;248
438;249
438;250
438;251
438;252
438;253
438;254
438;255
438;256
438;257
438;258
438;259
438;260
438;261
438;262
438;263
438;264
438;265
438;266
438;267
438;268
438;269
438;270
438;271
438;272
438;273
438;274
438;275
438;276
438;277
438;278
438;279
438;280
438;281
438;282
438;283
438;284
438;285
438;286
438;287
438;288
438;289
438;290
438;291
438;292
438;293
438;294
438;295
438;296
438;297
438;298
438;299
438;300
438;301
438;302
438;303
438;304
438;305
438;306
438;307
438;308
438;309
438;310
438;311
438;312
438;313
438;314
438;315
438;316
439;13
439;14
439;15
439;16
439;17
439;18
439;19
439;20
439;21
439;22
439;23
439;24
439;25
439;26
439;27
439;28
439;29
439;30
439;31
439;32
439;33
439;34
439;35
439;36
439;37
439;38
439;39
439;40
439;41
439;42
439;43
439;44
439;45
439;46
439;47
439;48
439;49
439;50
439;51
439;52
439;53
439;54
439;55
439;56
439;57
439;58
439;59
439;60
439;61
439;62
439;63
439;64
439;65
439;66
439;67
439;68
439;69
439;70
439;71
439;72
439;73
439;74
439;75
439;76
439;77
439;78
439;79
439;80
439;81
439;82
439;83
439;84
439;85
439;86
439;87
439;88
439;89
439;90
439;91
439;92
439;93
439;94
439;95
439;96
439;97
439;98
439;99
439;100
439;101
439;102
439;103
439;104
439;105
439;106
439;107
439;108
439;109
439;110
439;111
439;112
439;113
439;114
439;115
439;116
439;117
439;118
439;119
439;120
439;121
439;122
439;123
439;124
439;125
439;126
439;127
439;128
439;129
439;130
439;131
439;132
439;133
439;134
439;135
439;136
439;137
439;138
439;139
439;140
439;141
439;142
439;143
439;144
439;145
439;146
439;147
439;148
439;149
439;150
439;151
439;152
439;153
439;154
439;155
439;156
439;220
439;221
439;222
439;223
439;224
439;225
439;226
439;227
439;228
439;229
439;230
439;231
439;232
439;233
439;234
439;235
439;236
439;237
439;238
439;239
439;240
439;241
439;242
439;243
439;244
439;245
439;246
439;247
439;248
439;249
439;250
439;251
439;252
439;253
439;254
439;255
439;256
439;257
439;258
439;259
439;260
439;261
439;262
439;263
439;264
439;265
439;266
439;267
439;268
439;269
439;270
439;271
439;272
439;273
439;274
439;275
439;276
439;277
439;278
439;279
439;280
439;281
439;282
439;283
439;284
439;285
439;286
439;287
439;288
439;289
439;290
439;291
439;292
439;293
439;294
439;295
439;296
439;297
439;298
439;299
439;300
439;301
439;302
439;303
439;304
439;305
439;306
439;307
439;308
439;309
439;310
439;311
439;312
439;313
439;314
439;315
440;13
440;14
440;15
440;16
440;17
440;18
440;19
440;20
440;21
440;22
440;23
440;24
440;25
440;26
440;27
440;28
440;29
440;30
440;31
440;32
440;33
440;34
440;35
440;36
440;37
440;38
440;39
440;40
440;41
440;42
440;43
440;44
440;45
440;46
440;47
440;48
440;49
440;50
440;51
440;52
440;53
440;54
440;55
440;56
440;57
440;58
440;59
440;60
440;61
440;62
440;63
440;64
440;65
440;66
440;67
440;68
440;69
440;70
440;71
440;72
440;73
440;74
440;75
440;76
440;77
440;78
440;79
440;80
440;81
440;82
440;83
440;84
440;85
440;86
440;87
440;88
440;89
440;90
440;91
440;92
440;93
440;94
440;95
440;96
440;97
440;98
440;99
440;100
440;101
440;102
440;103
440;104
440;105
440;106
440;107
440;108
440;109
440;110
440;111
440;112
440;113
440;114
440;115
440;116
440;117
440;118
440;119
440;120
440;121
440;122
440;123
440;124
440;125
440;126
440;127
440;128
440;129
440;130
440;131
440;132
440;133
440;134
440;135
440;136
440;137
440;138
440;139
440;140
440;141
440;142
440;143
440;144
440;145
440;146
440;147
440;148
440;149
440;150
440;151
440;152
440;153
440;154
440;222
440;224
440;225
440;226
440;227
440;228
440;229
440;230
440;231
440;232
440;233
440;234
440;235
440;236
440;237
440;238
440;239
440;240
440;241
440;242
440;243
440;244
440;245
440;246
440;247
440;248
440;249
440;250
440;251
440;252
440;253
440;254
440;255
440;256
440;257
440;258
440;259
440;260
440;261
440;262
440;263
440;264
440;265
440;266
440;267
440;268
440;269
440;270
440;271
440;272
440;273
440;274
440;275
440;276
440;277
440;278
440;279
440;280
440;281
440;282
440;283
440;284
440;285
440;286
440;287
440;288
440;289
440;290
440;291
440;292
440;293
440;294
440;295
440;296
440;297
440;298
440;299
440;300
440;301
440;302
440;303
440;304
440;305
440;306
440;307
440;308
440;309
440;310
440;311
440;312
440;313
440;314
441;13
441;14
441;15
441;16
441;17
441;18
441;19
441;20
441;21
441;22
441;23
441;24
441;25
441;26
441;27
441;28
441;29
441;30
441;31
441;32
441;33
441;34
441;35
441;36
441;37
441;38
441;39
441;40
441;41
441;42
441;43
441;44
441;45
441;46
441;47
441;48
441;49
441;50
441;51
441;52
441;53
441;54
441;55
441;56
441;57
441;58
441;59
441;60
441;61
441;62
441;63
441;64
441;65
441;66
441;67
441;68
441;69
441;70
441;71
441;72
441;73
441;74
441;75
441;76
441;77
441;78
441;79
441;80
441;81
441;82
441;83
441;84
441;85
441;86
441;87
441;88
441;89
441;90
441;91
441;92
441;93
441;94
441;95
441;96
441;97
441;98
441;99
441;100
441;101
441;102
441;103
441;104
441;105
441;106
441;107
441;108
441;109
441;110
441;111
441;112
441;113
441;114
441;115
441;116
441;117
441;118
441;119
441;120
441;121
441;122
441;123
441;124
441;125
441;126
441;127
441;128
441;129
441;130
441;131
441;132
441;133
441;134
441;135
441;136
441;137
441;138
441;139
441;140
441;141
441;142
441;143
441;144
441;145
441;146
441;147
441;148
441;149
441;150
441;225
441;226
441;227
441;228
441;229
441;230
441;231
441;232
441;233
441;234
441;235
441;236
441;237
441;238
441;239
441;240
441;241
441;242
441;243
441;244
441;245
441;246
441;247
441;248
441;249
441;250
441;251
441;252
441;253
441;254
441;255
441;256
441;257
441;258
441;259
441;260
441;261
441;262
441;263
441;264
441;265
441;266
441;267
441;268
441;269
441;270
441;271
441;272
441;273
441;274
441;275
441;276
441;277
441;278
441;279
441;280
441;281
441;282
441;283
441;284
441;285
441;286
441;287
441;288
441;289
441;290
441;291
441;292
441;293
441;294
441;295
441;296
441;297
441;298
441;299
441;300
441;301
441;302
441;303
441;304
441;305
441;306
441;307
441;308
441;309
441;310
441;311
441;312
441;313
441;314
442;13
442;14
442;15
442;16
442;17
442;18
442;19
442;20
442;21
442;22
442;23
442;24
442;25
442;26
442;27
442;28
442;29
442;30
442;31
442;32
442;33
442;34
442;35
442;36
442;37
442;38
442;39
442;40
442;41
442;42
442;43
442;44
442;45
442;46
442;47
442;48
442;49
442;50
442;51
442;52
442;53
442;54
442;55
442;56
442;57
442;58
442;59
442;60
442;61
442;62
442;63
442;64
442;65
442;66
442;67
442;68
442;69
442;70
442;71
442;72
442;73
442;74
442;75
442;76
442;77
442;78
442;79
442;80
442;81
442;82
442;83
442;84
442;85
442;86
442;87
442;88
442;89
442;90
442;91
442;92
442;93
442;94
442;95
442;96
442;97
442;98
442;99
442;100
442;101
442;102
442;103
442;104
442;105
442;106
442;107
442;108
442;109
442;110
442;111
442;112
442;113
442;114
442;115
442;116
442;117
442;118
442;119
442;120
442;121
442;122
442;123
442;124
442;125
442;126
442;127
442;128
442;129
442;130
442;131
442;132
442;133
442;134
442;135
442;136
442;137
442;138
442;139
442;140
442;141
442;142
442;143
442;144
442;145
442;146
442;147
442;148
442;149
442;150
442;226
442;227
442;228
442;229
442;230
442;231
442;232
442;233
442;234
442;235
442;236
442;237
442;238
442;239
442;240
442;241
442;242
442;243
442;244
442;245
442;246
442;247
442;248
442;249
442;250
442;251
442;252
442;253
442;254
442;255
442;256
442;257
442;258
442;259
442;260
442;261
442;262
442;263
442;264
442;265
442;266
442;267
442;268
442;269
442;270
442;271
442;272
442;273
442;274
442;275
442;276
442;277
442;278
442;279
442;280
442;281
442;282
442;283
442;284
442;285
442;286
442;287
442;288
442;289
442;290
442;291
442;292
442;293
442;294
442;295
442;296
442;297
442;298
442;299
442;300
442;301
442;302
442;303
442;304
442;305
442;306
442;307
442;308
442;309
442;310
442;311
442;312
442;313
442;314
443;13
443;14
443;15
443;16
443;17
443;18
443;19
443;20
443;21
443;22
443;23
443;24
443;25
443;26
443;27
443;28
443;29
443;30
443;31
443;32
443;33
443;34
443;35
443;36
443;37
443;38
443;39
443;40
443;41
443;42
443;43
443;44
443;45
443;46
443;47
443;48
443;49
443;50
443;51
443;52
443;53
443;54
443;55
443;56
443;57
443;58
443;59
443;60
443;61
443;62
443;63
443;64
443;65
443;66
443;67
443;68
443;69
443;70
443;71
443;72
443;73
443;74
443;75
443;76
443;77
443;78
443;79
443;80
443;81
443;82
443;83
443;84
443;85
443;86
443;87
443;88
443;89
443;90
443;91
443;92
443;93
443;94
443;95
443;96
443;97
443;98
443;99
443;100
443;101
443;102
443;103
443;104
443;105
443;106
443;107
443;108
443;109
443;110
443;111
443;112
443;113
443;114
443;115
443;116
443;117
443;118
443;119
443;120
443;121
443;122
443;123
443;124
443;125
443;126
443;127
443;128
443;129
443;130
443;131
443;132
443;133
443;134
443;135
443;136
443;137
443;138
443;139
443;140
443;141
443;142
443;143
443;144
443;145
443;146
443;147
443;148
443;149
443;226
443;227
443;228
443;229
443;230
443;231
443;232
443;233
443;234
443;235
443;236
443;237
443;238
443;239
443;240
443;241
443;242
443;243
443;244
443;245
443;246
443;247
443;248
443;249
443;250
443;251
443;252
443;253
443;254
443;255
443;256
443;257
443;258
443;259
443;260
443;261
443;262
443;263
443;264
443;265
443;266
443;267
443;268
443;269
443;270
443;271
443;272
443;273
443;274
443;275
443;276
443;277
443;278
443;279
443;280
443;281
443;282
443;283
443;284
443;285
443;286
443;287
443;288
443;289
443;290
443;291
443;292
443;293
443;294
443;295
443;296
443;297
443;298
443;299
443;300
443;301
443;302
443;303
443;304
443;305
443;306
443;307
443;308
443;309
443;310
443;311
443;312
443;313
444;13
444;14
444;15
444;16
444;17
444;18
444;19
444;20
444;21
444;22
444;23
444;24
444;25
444;26
444;27
444;28
444;29
444;30
444;31
444;32
444;33
444;34
444;35
444;36
444;37
444;38
444;39
444;40
444;41
444;42
444;43
444;44
444;45
444;46
444;47
444;48
444;49
444;50
444;51
444;52
444;53
444;54
444;55
444;56
444;57
444;58
444;59
444;60
444;61
444;62
444;63
444;64
444;65
444;66
444;67
444;68
444;69
444;70
444;71
444;72
444;73
444;74
444;75
444;76
444;77
444;78
444;79
444;80
444;81
444;82
444;83
444;84
444;85
444;86
444;87
444;88
444;89
444;90
444;91
444;92
444;93
444;94
444;95
444;96
444;97
444;98
444;99
444;100
444;101
444;102
444;103
444;104
444;105
444;106
444;107
444;108
444;109
444;110
444;111
444;112
444;113
444;114
444;115
444;116
444;117
444;118
444;119
444;120
444;121
444;122
444;123
444;124
444;125
444;126
444;127
444;128
444;129
444;130
444;131
444;132
444;133
444;134
444;135
444;136
444;137
444;138
444;139
444;140
444;141
444;142
444;143
444;144
444;145
444;146
444;147
444;148
444;226
444;227
444;228
444;229
444;230
444;231
444;232
444;233
444;234
444;235
444;236
444;237
444;238
444;239
444;240
444;241
444;242
444;243
444;244
444;245
444;246
444;247
444;248
444;249
444;250
444;251
444;252
444;253
444;254
444;255
444;256
444;257
444;258
444;259
444;260
444;261
444;262
444;263
444;264
444;265
444;266
444;267
444;268
444;269
444;270
444;271
444;272
444;273
444;274
444;275
444;276
444;277
444;278
444;279
444;280
444;281
444;282
444;283
444;284
444;285
444;286
444;287
444;288
444;289
444;290
444;291
444;292
444;293
444;294
444;295
444;296
444;297
444;298
444;299
444;300
444;301
444;302
444;303
444;304
444;305
444;306
444;307
444;308
444;309
444;310
444;311
444;312
444;313
445;13
445;14
445;15
445;16
445;17
445;18
445;19
445;20
445;21
445;22
445;23
445;24
445;25
445;26
445;27
445;28
445;29
445;30
445;31
445;32
445;33
445;34
445;35
445;36
445;37
445;38
445;39
445;40
445;41
445;42
445;43
445;44
445;45
445;46
445;47
445;48
445;49
445;50
445;51
445;52
445;53
445;54
445;55
445;56
445;57
445;58
445;59
445;60
445;61
445;62
445;63
445;64
445;65
445;66
445;67
445;68
445;69
445;70
445;71
445;72
445;73
445;74
445;75
445;76
445;77
445;78
445;79
445;80
445;81
445;82
445;83
445;84
445;85
445;86
445;87
445;88
445;89
445;90
445;91
445;92
445;93
445;94
445;95
445;96
445;97
445;98
445;99
445;100
445;101
445;102
445;103
445;104
445;105
445;106
445;107
445;108
445;109
445;110
445;111
445;112
445;113
445;114
445;115
445;116
445;117
445;118
445;119
445;120
445;121
445;122
445;123
445;124
445;125
445;126
445;127
445;128
445;129
445;130
445;131
445;132
445;133
445;134
445;135
445;136
445;137
445;138
445;139
445;140
445;141
445;142
445;143
445;144
445;145
445;146
445;147
445;148
445;226
445;227
445;228
445;229
445;230
445;231
445;232
445;233
445;234
445;235
445;236
445;237
445;238
445;239
445;240
445;241
445;242
445;243
445;244
445;245
445;246
445;247
445;248
445;249
445;250
445;251
445;252
445;253
445;254
445;255
445;256
445;257
445;258
445;259
445;260
445;261
445;262
445;263
445;264
445;265
445;266
445;267
445;268
445;269
445;270
445;271
445;272
445;273
445;274
445;275
445;276
445;277
445;278
445;279
445;280
445;281
445;282
445;283
445;284
445;285
445;286
445;287
445;288
445;289
445;290
445;291
445;292
445;293
445;294
445;295
445;296
445;297
445;298
445;299
445;300
445;301
445;302
445;303
445;304
445;305
445;306
445;307
445;308
445;309
445;310
445;311
445;312
446;13
446;14
446;15
446;16
446;17
446;18
446;19
446;20
446;21
446;22
446;23
446;24
446;25
446;26
446;27
446;28
446;29
446;30
446;31
446;32
446;33
446;34
446;35
446;36
446;37
446;38
446;39
446;40
446;41
446;42
446;43
446;44
446;45
446;46
446;47
446;48
446;49
446;50
446;51
446;52
446;53
446;54
446;55
446;56
446;57
446;58
446;59
446;60
446;61
446;62
446;63
446;64
446;65
446;66
446;67
446;68
446;69
446;70
446;71
446;72
446;73
446;74
446;75
446;76
446;77
446;78
446;79
446;80
446;81
446;82
446;83
446;84
446;85
446;86
446;87
446;88
446;89
446;90
446;91
446;92
446;93
446;94
446;96
446;97
446;98
446;99
446;100
446;101
446;102
446;103
446;104
446;105
446;106
446;107
446;108
446;109
446;110
446;111
446;112
446;113
446;114
446;115
446;116
446;117
446;118
446;119
446;120
446;121
446;122
446;123
446;124
446;125
446;126
446;127
446;128
446;129
446;130
446;131
446;132
446;133
446;134
446;135
446;136
446;137
446;138
446;139
446;140
446;141
446;142
446;143
446;144
446;145
446;146
446;147
446;226
446;227
446;228
446;229
446;230
446;231
446;232
446;233
446;234
446;235
446;236
446;237
446;238
446;239
446;240
446;241
446;242
446;243
446;244
446;245
446;246
446;247
446;248
446;249
446;250
446;251
446;252
446;253
446;254
446;255
446;256
446;257
446;258
446;259
446;260
446;261
446;262
446;263
446;264
446;265
446;266
446;267
446;268
446;269
446;270
446;271
446;272
446;273
446;274
446;275
446;276
446;277
446;278
446;279
446;280
446;281
446;282
446;283
446;284
446;285
446;286
446;287
446;288
446;289
446;290
446;291
446;292
446;293
446;294
446;295
446;296
446;297
446;298
446;299
446;300
446;301
446;302
446;303
446;304
446;305
446;306
446;307
446;308
446;309
446;310
446;311
446;312
447;13
447;14
447;15
447;16
447;17
447;18
447;19
447;20
447;21
447;22
447;23
447;24
447;25
447;26
447;27
447;28
447;29
447;30
447;31
447;32
447;33
447;34
447;35
447;36
447;37
447;38
447;39
447;40
447;41
447;42
447;43
447;44
447;45
447;46
447;47
447;48
447;49
447;50
447;51
447;52
447;53
447;54
447;55
447;56
447;57
447;58
447;59
447;60
447;61
447;62
447;63
447;64
447;65
447;66
447;67
447;68
447;69
447;70
447;71
447;72
447;73
447;74
447;75
447;76
447;77
447;78
447;79
447;80
447;81
447;82
447;83
447;84
447;85
447;86
447;87
447;88
447;89
447;90
447;91
447;92
447;98
447;99
447;100
447;101
447;102
447;103
447;104
447;105
447;106
447;107
447;108
447;109
447;110
447;111
447;112
447;113
447;114
447;115
447;116
447;117
447;118
447;119
447;120
447;121
447;122
447;123
447;124
447;125
447;126
447;127
447;128
447;129
447;130
447;131
447;132
447;133
447;134
447;135
447;136
447;137
447;138
447;139
447;140
447;141
447;142
447;143
447;144
447;145
447;146
447;227
447;228
447;229
447;230
447;231
447;232
447;233
447;234
447;235
447;236
447;237
447;238
447;239
447;240
447;241
447;242
447;243
447;244
447;245
447;246
447;247
447;248
447;249
447;250
447;251
447;252
447;253
447;254
447;255
447;256
447;257
447;258
447;259
447;260
447;261
447;262
447;263
447;264
447;265
447;266
447;267
447;268
447;269
447;270
447;271
447;272
447;273
447;274
447;275
447;276
447;277
447;278
447;279
447;280
447;281
447;282
447;283
447;284
447;285
447;286
447;287
447;288
447;289
447;290
447;291
447;292
447;293
447;294
447;295
447;296
447;297
447;298
447;299
447;300
447;301
447;302
447;303
447;304
447;305
447;306
447;307
447;308
447;309
447;310
447;311
447;312
448;13
448;14
448;15
448;16
448;17
448;18
448;19
448;20
448;21
448;22
448;23
448;24
448;25
448;26
448;27
448;28
448;29
448;30
448;31
448;32
448;33
448;34
448;35
448;36
448;37
448;38
448;39
448;40
448;41
448;42
448;43
448;44
448;45
448;46
448;47
448;48
448;49
448;50
448;51
448;52
448;53
448;54
448;55
448;56
448;57
448;58
448;59
448;60
448;61
448;62
448;63
448;64
448;65
448;66
448;67
448;68
448;69
448;70
448;71
448;72
448;73
448;74
448;75
448;76
448;77
448;78
448;79
448;80
448;81
448;82
448;83
448;84
448;85
448;86
448;87
448;88
448;89
448;90
448;99
448;100
448;101
448;102
448;103
448;104
448;105
448;106
448;107
448;108
448;109
448;110
448;111
448;112
448;113
448;114
448;115
448;116
448;117
448;118
448;119
448;120
448;121
448;122
448;123
448;124
448;125
448;126
448;127
448;128
448;129
448;130
448;131
448;132
448;133
448;134
448;135
448;136
448;137
448;138
448;139
448;140
448;141
448;142
448;143
448;144
448;145
448;227
448;228
448;229
448;230
448;231
448;232
448;233
448;234
448;235
448;236
448;237
448;238
448;239
448;240
448;241
448;242
448;243
448;244
448;245
448;246
448;247
448;248
448;249
448;250
448;251
448;252
448;253
448;254
448;255
448;256
448;257
448;258
448;259
448;260
448;261
448;262
448;263
448;264
448;265
448;266
448;267
448;268
448;269
448;270
448;271
448;272
448;273
448;274
448;275
448;276
448;277
448;278
448;279
448;280
448;281
448;282
448;283
448;284
448;285
448;286
448;287
448;288
448;289
448;290
448;291
448;292
448;293
448;294
448;295
448;296
448;297
448;298
448;299
448;300
448;301
448;302
448;303
448;304
448;305
448;306
448;307
448;308
448;309
448;310
448;311
449;13
449;14
449;15
449;16
449;17
449;18
449;19
449;20
449;21
449;22
449;23
449;24
449;25
449;26
449;27
449;28
449;29
449;30
449;31
449;32
449;33
449;34
449;35
449;36
449;37
449;38
449;39
449;40
449;41
449;42
449;43
449;44
449;45
449;46
449;47
449;48
449;49
449;50
449;51
449;52
449;53
449;54
449;55
449;56
449;57
449;58
449;59
449;60
449;61
449;62
449;63
449;64
449;65
449;66
449;67
449;68
449;69
449;70
449;71
449;72
449;73
449;74
449;75
449;76
449;77
449;78
449;79
449;80
449;81
449;82
449;83
449;84
449;85
449;86
449;87
449;88
449;100
449;101
449;102
449;103
449;104
449;105
449;106
449;107
449;108
449;109
449;110
449;111
449;112
449;113
449;114
449;115
449;116
449;117
449;118
449;119
449;120
449;121
449;122
449;123
449;124
449;125
449;126
449;127
449;128
449;129
449;130
449;131
449;132
449;133
449;134
449;135
449;136
449;137
449;138
449;139
449;140
449;141
449;142
449;143
449;144
449;228
449;229
449;230
449;231
449;232
449;233
449;234
449;235
449;236
449;237
449;238
449;239
449;240
449;241
449;242
449;243
449;244
449;245
449;246
449;247
449;248
449;249
449;250
449;251
449;252
449;253
449;254
449;255
449;256
449;257
449;258
449;259
449;260
449;261
449;262
449;263
449;264
449;265
449;266
449;267
449;268
449;269
449;270
449;271
449;272
449;273
449;274
449;275
449;276
449;277
449;278
449;279
449;280
449;281
449;282
449;283
449;284
449;285
449;286
449;287
449;288
449;289
449;290
449;291
449;292
449;293
449;294
449;295
449;296
449;297
449;298
449;299
449;300
449;301
449;302
449;303
449;304
449;305
449;306
449;307
449;308
449;309
449;310
449;311
450;13
450;14
450;15
450;16
450;17
450;18
450;19
450;20
450;21
450;22
450;23
450;24
450;25
450;26
450;27
450;28
450;29
450;30
450;31
450;32
450;33
450;34
450;35
450;36
450;37
450;38
450;39
450;40
450;41
450;42
450;43
450;44
450;45
450;46
450;47
450;48
450;49
450;50
450;51
450;52
450;53
450;54
450;55
450;56
450;57
450;58
450;59
450;60
450;61
450;62
450;63
450;64
450;65
450;66
450;67
450;68
450;69
450;70
450;71
450;72
450;73
450;74
450;75
450;76
450;77
450;78
450;79
450;80
450;81
450;82
450;83
450;84
450;85
450;86
450;102
450;103
450;104
450;105
450;106
450;107
450;108
450;109
450;110
450;111
450;112
450;113
450;114
450;115
450;116
450;117
450;118
450;119
450;120
450;121
450;122
450;123
450;124
450;125
450;126
450;127
450;128
450;129
450;130
450;131
450;132
450;133
450;134
450;135
450;136
450;137
450;138
450;139
450;140
450;141
450;142
450;143
450;144
450;228
450;229
450;230
450;231
450;232
450;233
450;234
450;235
450;236
450;237
450;238
450;239
450;240
450;241
450;242
450;243
450;244
450;245
450;246
450;247
450;248
450;249
450;250
450;251
450;252
450;253
450;254
450;255
450;256
450;257
450;258
450;259
450;260
450;261
450;262
450;263
450;264
450;265
450;266
450;267
450;268
450;269
450;270
450;271
450;272
450;273
450;274
450;275
450;276
450;277
450;278
450;279
450;280
450;281
450;282
450;283
450;284
450;285
450;286
450;287
450;288
450;289
450;290
450;291
450;292
450;293
450;294
450;295
450;296
450;297
450;298
450;299
450;300
450;301
450;302
450;303
450;304
450;305
450;306
450;307
450;308
450;309
450;310
451;13
451;14
451;15
451;16
451;17
451;18
451;19
451;20
451;21
451;22
451;23
451;24
451;25
451;26
451;27
451;28
451;29
451;30
451;31
451;32
451;33
451;34
451;35
451;36
451;37
451;38
451;39
451;40
451;41
451;42
451;43
451;44
451;45
451;46
451;47
451;48
451;49
451;50
451;51
451;52
451;53
451;54
451;55
451;56
451;57
451;58
451;59
451;60
451;61
451;62
451;63
451;64
451;65
451;66
451;67
451;68
451;69
451;70
451;71
451;72
451;73
451;74
451;75
451;76
451;77
451;78
451;79
451;80
451;81
451;82
451;83
451;84
451;104
451;105
451;106
451;107
451;108
451;109
451;110
451;111
451;112
451;113
451;114
451;115
451;116
451;117
451;118
451;119
451;120
451;121
451;122
451;123
451;124
451;125
451;126
451;127
451;128
451;129
451;130
451;131
451;132
451;133
451;134
451;135
451;136
451;137
451;138
451;139
451;140
451;141
451;142
451;143
451;229
451;230
451;231
451;232
451;233
451;234
451;235
451;236
451;237
451;238
451;239
451;240
451;241
451;242
451;243
451;244
451;245
451;246
451;247
451;248
451;249
451;250
451;251
451;252
451;253
451;254
451;255
451;256
451;257
451;258
451;259
451;260
451;261
451;262
451;263
451;264
451;265
451;266
451;267
451;268
451;269
451;270
451;271
451;272
451;273
451;274
451;275
451;276
451;277
451;278
451;279
451;280
451;281
451;282
451;283
451;284
451;285
451;286
451;287
451;288
451;289
451;290
451;291
451;292
451;293
451;294
451;295
451;296
451;297
451;298
451;299
451;300
451;301
451;302
451;303
451;304
451;305
451;306
451;307
451;308
451;309
451;310
452;13
452;14
452;15
452;16
452;17
452;18
452;19
452;20
452;21
452;22
452;23
452;24
452;25
452;26
452;27
452;28
452;29
452;30
452;31
452;32
452;33
452;34
452;35
452;36
452;37
452;38
452;39
452;40
452;41
452;42
452;43
452;44
452;45
452;46
452;47
452;48
452;49
452;50
452;51
452;52
452;53
452;54
452;55
452;56
452;57
452;58
452;59
452;60
452;61
452;62
452;63
452;64
452;65
452;66
452;67
452;68
452;69
452;70
452;71
452;72
452;73
452;74
452;75
452;76
452;77
452;78
452;79
452;80
452;82
452;106
452;107
452;108
452;109
452;110
452;111
452;112
452;113
452;114
452;115
452;116
452;117
452;118
452;119
452;120
452;121
452;122
452;123
452;124
452;125
452;126
452;127
452;128
452;129
452;130
452;131
452;132
452;133
452;134
452;135
452;136
452;137
452;138
452;139
452;140
452;141
452;142
452;229
452;230
452;231
452;232
452;233
452;234
452;235
452;236
452;237
452;238
452;239
452;240
452;241
452;242
452;243
452;244
452;245
452;246
452;247
452;248
452;249
452;250
452;251
452;252
452;253
452;254
452;255
452;256
452;257
452;258
452;259
452;260
452;261
452;262
452;263
452;264
452;265
452;266
452;267
452;268
452;269
452;270
452;271
452;272
452;273
452;274
452;275
452;276
452;277
452;278
452;279
452;280
452;281
452;282
452;283
452;284
452;285
452;286
452;287
452;288
452;289
452;290
452;291
452;292
452;293
452;294
452;295
452;296
452;297
452;298
452;299
452;300
452;301
452;302
452;303
452;304
452;305
452;306
452;307
452;308
452;309
453;13
453;14
453;15
453;16
453;17
453;18
453;19
453;20
453;21
453;22
453;23
453;24
453;25
453;26
453;27
453;28
453;29
453;30
453;31
453;32
453;33
453;34
453;35
453;36
453;37
453;38
453;39
453;40
453;41
453;42
453;43
453;44
453;45
453;46
453;47
453;48
453;49
453;50
453;51
453;52
453;53
453;54
453;55
453;56
453;57
453;58
453;59
453;60
453;61
453;62
453;63
453;64
453;65
453;66
453;67
453;68
453;69
453;70
453;71
453;72
453;73
453;74
453;75
453;76
453;77
453;78
453;108
453;109
453;110
453;111
453;112
453;113
453;114
453;115
453;116
453;117
453;118
453;119
453;120
453;121
453;122
453;123
453;124
453;125
453;126
453;127
453;128
453;129
453;130
453;131
453;132
453;133
453;134
453;135
453;136
453;137
453;138
453;139
453;140
453;141
453;142
453;230
453;231
453;232
453;233
453;234
453;235
453;236
453;237
453;238
453;239
453;240
453;241
453;242
453;243
453;244
453;245
453;246
453;247
453;248
453;249
453;250
453;251
453;252
453;253
453;254
453;255
453;256
453;257
453;258
453;259
453;260
453;261
453;262
453;263
453;264
453;265
453;266
453;267
453;268
453;269
453;270
453;271
453;272
453;273
453;274
453;275
453;276
453;277
453;278
453;279
453;280
453;281
453;282
453;283
453;284
453;285
453;286
453;287
453;288
453;289
453;290
453;291
453;292
453;293
453;294
453;295
453;296
453;297
453;298
453;299
453;300
453;301
453;302
453;303
453;304
453;305
453;306
453;307
453;308
453;309
454;13
454;14
454;15
454;16
454;17
454;18
454;19
454;20
454;21
454;22
454;23
454;24
454;25
454;26
454;27
454;28
454;29
454;30
454;31
454;32
454;33
454;34
454;35
454;36
454;37
454;38
454;39
454;40
454;41
454;42
454;43
454;44
454;45
454;46
454;47
454;48
454;49
454;50
454;51
454;52
454;53
454;54
454;55
454;56
454;57
454;58
454;59
454;60
454;61
454;62
454;63
454;64
454;65
454;66
454;67
454;68
454;69
454;70
454;71
454;72
454;73
454;74
454;75
454;76
454;110
454;111
454;112
454;113
454;114
454;115
454;116
454;117
454;118
454;119
454;120
454;121
454;122
454;123
454;124
454;125
454;126
454;127
454;128
454;129
454;130
454;131
454;132
454;133
454;134
454;135
454;136
454;137
454;138
454;139
454;140
454;141
454;230
454;231
454;232
454;233
454;234
454;235
454;236
454;237
454;238
454;239
454;240
454;241
454;242
454;243
454;244
454;245
454;246
454;247
454;248
454;249
454;250
454;251
454;252
454;253
454;254
454;255
454;256
454;257
454;258
454;259
454;260
454;261
454;262
454;263
454;264
454;265
454;266
454;267
454;268
454;269
454;270
454;271
454;272
454;273
454;274
454;275
454;276
454;277
454;278
454;279
454;280
454;281
454;282
454;283
454;284
454;285
454;286
454;287
454;288
454;289
454;290
454;291
454;292
454;293
454;294
454;295
454;296
454;297
454;298
454;299
454;300
454;301
454;302
454;303
454;304
454;305
454;306
454;307
454;308
455;13
455;14
455;15
455;16
455;17
455;18
455;19
455;20
455;21
455;22
455;23
455;24
455;25
455;26
455;27
455;28
455;29
455;30
455;31
455;32
455;33
455;34
455;35
455;36
455;37
455;38
455;39
455;40
455;41
455;42
455;43
455;44
455;45
455;46
455;47
455;48
455;49
455;50
455;51
455;52
455;53
455;54
455;55
455;56
455;57
455;58
455;59
455;60
455;61
455;62
455;63
455;64
455;65
455;66
455;67
455;68
455;69
455;70
455;71
455;72
455;73
455;74
455;112
455;113
455;114
455;115
455;116
455;117
455;118
455;119
455;120
455;121
455;122
455;123
455;124
455;125
455;126
455;127
455;128
455;129
455;130
455;131
455;132
455;133
455;134
455;135
455;136
455;137
455;138
455;139
455;140
455;231
455;232
455;233
455;234
455;235
455;236
455;237
455;238
455;239
455;240
455;241
455;242
455;243
455;244
455;245
455;246
455;247
455;248
455;249
455;250
455;251
455;252
455;253
455;254
455;255
455;256
455;257
455;258
455;259
455;260
455;261
455;262
455;263
455;264
455;265
455;266
455;267
455;268
455;269
455;270
455;271
455;272
455;273
455;274
455;275
455;276
455;277
455;278
455;279
455;280
455;281
455;282
455;283
455;284
455;285
455;286
455;287
455;288
455;289
455;290
455;291
455;292
455;293
455;294
455;295
455;296
455;297
455;298
455;299
455;300
455;301
455;302
455;303
455;304
455;305
455;306
455;307
455;308
456;13
456;14
456;15
456;16
456;17
456;18
456;19
456;20
456;21
456;22
456;23
456;24
456;25
456;26
456;27
456;28
456;29
456;30
456;31
456;32
456;33
456;34
456;35
456;36
456;37
456;38
456;39
456;40
456;41
456;42
456;43
456;44
456;45
456;46
456;47
456;48
456;49
456;50
456;51
456;52
456;53
456;54
456;55
456;56
456;57
456;58
456;59
456;60
456;61
456;62
456;63
456;64
456;65
456;66
456;67
456;68
456;69
456;70
456;71
456;72
456;114
456;115
456;116
456;117
456;118
456;119
456;120
456;121
456;122
456;123
456;124
456;125
456;126
456;127
456;128
456;129
456;130
456;131
456;132
456;133
456;134
456;135
456;136
456;137
456;138
456;139
456;140
456;232
456;233
456;234
456;235
456;236
456;237
456;238
456;239
456;240
456;241
456;242
456;243
456;244
456;245
456;246
456;247
456;248
456;249
456;250
456;251
456;252
456;253
456;254
456;255
456;256
456;257
456;258
456;259
456;260
456;261
456;262
456;263
456;264
456;265
456;266
456;267
456;268
456;269
456;270
456;271
456;272
456;273
456;274
456;275
456;276
456;277
456;278
456;279
456;280
456;281
456;282
456;283
456;284
456;285
456;286
456;287
456;288
456;289
456;290
456;291
456;292
456;293
456;294
456;295
456;296
456;297
456;298
456;299
456;300
456;301
456;302
456;303
456;304
456;305
456;306
456;307
457;13
457;14
457;15
457;16
457;17
457;18
457;19
457;20
457;21
457;22
457;23
457;24
457;25
457;26
457;27
457;28
457;29
457;30
457;31
457;32
457;33
457;34
457;35
457;36
457;37
457;38
457;39
457;40
457;41
457;42
457;43
457;44
457;45
457;46
457;47
457;48
457;49
457;50
457;51
457;52
457;53
457;54
457;55
457;56
457;57
457;58
457;59
457;60
457;61
457;62
457;63
457;64
457;65
457;66
457;67
457;68
457;69
457;70
457;116
457;117
457;118
457;119
457;120
457;121
457;122
457;123
457;124
457;125
457;126
457;127
457;128
457;129
457;130
457;131
457;132
457;133
457;134
457;135
457;136
457;137
457;138
457;232
457;233
457;234
457;235
457;236
457;237
457;238
457;239
457;240
457;241
457;242
457;243
457;244
457;245
457;246
457;247
457;248
457;249
457;250
457;251
457;252
457;253
457;254
457;255
457;256
457;257
457;258
457;259
457;260
457;261
457;262
457;263
457;264
457;265
457;266
457;267
457;268
457;269
457;270
457;271
457;272
457;273
457;274
457;275
457;276
457;277
457;278
457;279
457;280
457;281
457;282
457;283
457;284
457;285
457;286
457;287
457;288
457;289
457;290
457;291
457;292
457;293
457;294
457;295
457;296
457;297
457;298
457;299
457;300
457;301
457;302
457;303
457;304
457;305
457;306
458;13
458;14
458;15
458;16
458;17
458;18
458;19
458;20
458;21
458;22
458;23
458;24
458;25
458;26
458;27
458;28
458;29
458;30
458;31
458;32
458;33
458;34
458;35
458;36
458;37
458;38
458;39
458;40
458;41
458;42
458;43
458;44
458;45
458;46
458;47
458;48
458;49
458;50
458;51
458;52
458;53
458;54
458;55
458;56
458;57
458;58
458;59
458;60
458;61
458;62
458;63
458;64
458;65
458;66
458;67
458;68
458;116
458;117
458;118
458;119
458;120
458;121
458;122
458;123
458;124
458;125
458;126
458;127
458;128
458;129
458;130
458;131
458;132
458;133
458;134
458;135
458;136
458;137
458;138
458;233
458;234
458;235
458;236
458;237
458;238
458;239
458;240
458;241
458;242
458;243
458;244
458;245
458;246
458;247
458;248
458;249
458;250
458;251
458;252
458;253
458;254
458;255
458;256
458;257
458;258
458;259
458;260
458;261
458;262
458;263
458;264
458;265
458;266
458;267
458;268
458;269
458;270
458;271
458;272
458;273
458;274
458;275
458;276
458;277
458;278
458;279
458;280
458;281
458;282
458;283
458;284
458;285
458;286
458;287
458;288
458;289
458;290
458;291
458;292
458;293
458;294
458;295
458;296
458;297
458;298
458;299
458;300
458;301
458;302
458;303
458;304
458;305
459;12
459;13
459;14
459;15
459;16
459;17
459;18
459;19
459;20
459;21
459;22
459;23
459;24
459;25
459;26
459;27
459;28
459;29
459;30
459;31
459;32
459;33
459;34
459;35
459;36
459;37
459;38
459;39
459;40
459;41
459;42
459;43
459;44
459;45
459;46
459;47
459;48
459;49
459;50
459;51
459;52
459;53
459;54
459;55
459;56
459;57
459;58
459;59
459;60
459;61
459;62
459;63
459;64
459;65
459;66
459;118
459;119
459;120
459;121
459;122
459;123
459;124
459;125
459;126
459;127
459;128
459;129
459;130
459;131
459;132
459;133
459;134
459;135
459;136
459;137
459;234
459;235
459;236
459;237
459;238
459;239
459;240
459;241
459;242
459;243
459;244
459;245
459;246
459;247
459;248
459;249
459;250
459;251
459;252
459;253
459;254
459;255
459;256
459;257
459;258
459;259
459;260
459;261
459;262
459;263
459;264
459;265
459;266
459;267
459;268
459;269
459;270
459;271
459;272
459;273
459;274
459;275
459;276
459;277
459;278
459;279
459;280
459;281
459;282
459;283
459;284
459;285
459;286
459;287
459;288
459;289
459;290
459;291
459;292
459;293
459;294
459;295
459;296
459;297
459;298
459;299
459;300
459;301
459;302
459;303
459;304
460;12
460;13
460;14
460;15
460;16
460;17
460;18
460;19
460;20
460;21
460;22
460;23
460;24
460;25
460;26
460;27
460;28
460;29
460;30
460;31
460;32
460;33
460;34
460;35
460;36
460;37
460;38
460;39
460;40
460;41
460;42
460;43
460;44
460;45
460;46
460;47
460;48
460;49
460;50
460;51
460;52
460;53
460;54
460;55
460;56
460;57
460;58
460;59
460;60
460;61
460;62
460;63
460;64
460;120
460;121
460;122
460;123
460;124
460;125
460;126
460;127
460;128
460;129
460;130
460;131
460;132
460;133
460;134
460;135
460;136
460;235
460;236
460;237
460;238
460;239
460;240
460;241
460;242
460;243
460;244
460;245
460;246
460;247
460;248
460;249
460;250
460;251
460;252
460;253
460;254
460;255
460;256
460;257
460;258
460;259
460;260
460;261
460;262
460;263
460;264
460;265
460;266
460;267
460;268
460;269
460;270
460;271
460;272
460;273
460;274
460;275
460;276
460;277
460;278
460;279
460;280
460;281
460;282
460;283
460;284
460;285
460;286
460;287
460;288
460;289
460;290
460;291
460;292
460;293
460;294
460;295
460;296
460;297
460;298
460;299
460;300
460;301
460;302
460;303
460;304
461;12
461;13
461;14
461;15
461;16
461;17
461;18
461;19
461;20
461;21
461;22
461;23
461;24
461;25
461;26
461;27
461;28
461;29
461;30
461;31
461;32
461;33
461;34
461;35
461;36
461;37
461;38
461;39
461;40
461;41
461;42
461;43
461;44
461;45
461;46
461;47
461;48
461;49
461;50
461;51
461;52
461;53
461;54
461;55
461;56
461;57
461;58
461;59
461;60
461;61
461;62
461;122
461;123
461;124
461;125
461;126
461;127
461;128
461;129
461;130
461;131
461;132
461;133
461;134
461;135
461;136
461;236
461;237
461;238
461;239
461;240
461;241
461;242
461;243
461;244
461;245
461;246
461;247
461;248
461;249
461;250
461;251
461;252
461;253
461;254
461;255
461;256
461;257
461;258
461;259
461;260
461;261
461;262
461;263
461;264
461;265
461;266
461;267
461;268
461;269
461;270
461;271
461;272
461;273
461;274
461;275
461;276
461;277
461;278
461;279
461;280
461;281
461;282
461;283
461;284
461;285
461;286
461;287
461;288
461;289
461;290
461;291
461;292
461;293
461;294
461;295
461;296
461;297
461;298
461;299
461;300
461;301
461;302
462;12
462;13
462;14
462;15
462;16
462;17
462;18
462;19
462;20
462;21
462;22
462;23
462;24
462;25
462;26
462;27
462;28
462;29
462;30
462;31
462;32
462;33
462;34
462;35
462;36
462;37
462;38
462;39
462;40
462;41
462;42
462;43
462;44
462;45
462;46
462;47
462;48
462;49
462;50
462;51
462;52
462;53
462;54
462;55
462;56
462;57
462;58
462;59
462;60
462;124
462;125
462;126
462;127
462;128
462;129
462;130
462;131
462;132
462;133
462;134
462;135
462;237
462;238
462;239
462;240
462;241
462;242
462;243
462;244
462;245
462;246
462;247
462;248
462;249
462;250
462;251
462;252
462;253
462;254
462;255
462;256
462;257
462;258
462;259
462;260
462;261
462;262
462;263
462;264
462;265
462;266
462;267
462;268
462;269
462;270
462;271
462;272
462;273
462;274
462;275
462;276
462;277
462;278
462;279
462;280
462;281
462;282
462;283
462;284
462;285
462;286
462;287
462;288
462;289
462;290
462;291
462;292
462;293
462;294
462;295
462;296
462;297
462;298
462;299
462;300
462;301
462;302
463;12
463;13
463;14
463;15
463;16
463;17
463;18
463;19
463;20
463;21
463;22
463;23
463;24
463;25
463;26
463;27
463;28
463;29
463;30
463;31
463;32
463;33
463;34
463;35
463;36
463;37
463;38
463;39
463;40
463;41
463;42
463;43
463;44
463;45
463;46
463;47
463;48
463;49
463;50
463;51
463;52
463;53
463;54
463;55
463;56
463;57
463;58
463;126
463;127
463;128
463;129
463;130
463;131
463;132
463;133
463;134
463;238
463;239
463;240
463;241
463;242
463;243
463;244
463;245
463;246
463;247
463;248
463;249
463;250
463;251
463;252
463;253
463;254
463;255
463;256
463;257
463;258
463;259
463;260
463;261
463;262
463;263
463;264
463;265
463;266
463;267
463;268
463;269
463;270
463;271
463;272
463;273
463;274
463;275
463;276
463;277
463;278
463;279
463;280
463;281
463;282
463;283
463;284
463;285
463;286
463;287
463;288
463;289
463;290
463;291
463;292
463;293
463;294
463;295
463;296
463;297
463;298
463;299
463;300
464;12
464;13
464;14
464;15
464;16
464;17
464;18
464;19
464;20
464;21
464;22
464;23
464;24
464;25
464;26
464;27
464;28
464;29
464;30
464;31
464;32
464;33
464;34
464;35
464;36
464;37
464;38
464;39
464;40
464;41
464;42
464;43
464;44
464;45
464;46
464;47
464;48
464;49
464;50
464;51
464;52
464;53
464;54
464;55
464;56
464;128
464;129
464;130
464;131
464;132
464;133
464;134
464;240
464;241
464;242
464;243
464;244
464;245
464;246
464;247
464;248
464;249
464;250
464;251
464;252
464;253
464;254
464;255
464;256
464;257
464;258
464;259
464;260
464;261
464;262
464;263
464;264
464;265
464;266
464;267
464;268
464;269
464;270
464;271
464;272
464;273
464;274
464;275
464;276
464;277
464;278
464;279
464;280
464;281
464;282
464;283
464;284
464;285
464;286
464;287
464;288
464;289
464;290
464;291
464;292
464;293
464;294
464;295
464;296
464;297
464;298
464;299
